event name: ISU GP Rostelecom Cup 2018
event type: MEN SHORT PROGRAM
name: Yuzuru HANYU
rank: 1
elements:
	4S	9.7	4.3		5.0 4.0 4.0 5.0 5.0 4.0 3.0 4.0 5.0
	3A	8.0	3.31		5.0 4.0 4.0 5.0 4.0 4.0 3.0 5.0 3.0
	4T+3T	15.07	3.12	x	3.0 3.0 4.0 3.0 3.0 4.0 3.0 5.0 3.0
	FCSp4	3.2	1.01		3.0 3.0 3.0 3.0 4.0 3.0 2.0 3.0 4.0
	CSSp4	3.0	1.16		4.0 3.0 3.0 5.0 4.0 4.0 4.0 3.0 5.0
	StSq4	3.9	1.67		4.0 4.0 4.0 4.0 5.0 3.0 4.0 5.0 5.0
	CCoSp4	3.5	1.5		4.0 4.0 4.0 5.0 4.0 4.0 4.0 5.0 5.0
program components:
	Skating Skills	1.00 9.75 9.50 9.50 9.75 9.75 9.50 9.50 9.50 9.50 9.57
	Transitions	1.00 9.50 9.50 9.25 9.50 9.50 9.50 9.25 9.75 9.50 9.46
	Performance	1.00 9.75 9.75 9.50 9.75 9.75 9.75 9.75 10.00 9.50 9.71
	Composition	1.00 9.50 9.75 9.50 10.00 9.75 9.50 9.50 9.75 9.75 9.64
	Interpretation of the Music	1.00 9.50 9.75 9.50 10.00 9.75 9.50 9.75 10.00 9.75 9.71

name: Morisi KVITELASHVILI
rank: 2
elements:
	4S+3T	13.9	2.22		3.0 2.0 2.0 3.0 3.0 2.0 1.0 2.0 2.0
	3A	8.0	1.83		3.0 2.0 3.0 2.0 3.0 1.0 1.0 2.0 3.0
	CCoSp4	3.5	0.45		3.0 2.0 0.0 0.0 2.0 0.0 1.0 1.0 3.0
	4T	10.45	1.22	x	2.0 1.0 1.0 1.0 2.0 0.0 1.0 1.0 2.0
	FCSp3	2.8	0.12		2.0 0.0 1.0 -1.0 1.0 -1.0 1.0 0.0 1.0
	StSq3	3.3	0.52		2.0 2.0 1.0 2.0 3.0 1.0 1.0 1.0 2.0
	CSSp4	3.0	0.17		0.0 1.0 1.0 -1.0 1.0 0.0 2.0 -1.0 2.0
program components:
	Skating Skills	1.00 8.00 8.25 7.50 7.50 8.00 7.75 8.00 7.50 8.00 7.82
	Transitions	1.00 7.50 8.00 6.75 7.50 7.50 7.50 7.75 7.25 7.75 7.54
	Performance	1.00 7.75 8.25 7.25 7.25 8.25 7.75 8.00 7.50 7.75 7.75
	Composition	1.00 7.75 8.50 7.00 7.25 8.00 7.50 8.25 7.25 8.00 7.71
	Interpretation of the Music	1.00 8.00 8.00 7.00 7.25 8.25 7.50 8.00 7.25 7.50 7.64

name: Alexander MAJOROV
rank: 3
elements:
	4T	9.5	-1.36		-1.0 -1.0 -2.0 -2.0 -1.0 -2.0 -1.0 -3.0 0.0
	3A	8.0	0.8		0.0 0.0 0.0 2.0 2.0 1.0 1.0 1.0 2.0
	FCSp4	3.2	0.46		1.0 0.0 2.0 2.0 1.0 2.0 1.0 1.0 2.0
	3Lz+3T	11.11	0.76	x	1.0 0.0 1.0 0.0 2.0 3.0 1.0 3.0 1.0
	CSSp4	3.0	0.73		2.0 2.0 3.0 3.0 3.0 2.0 2.0 1.0 4.0
	StSq4	3.9	0.84		1.0 2.0 2.0 3.0 4.0 2.0 2.0 2.0 2.0
	CCoSp4	3.5	0.6		2.0 1.0 1.0 3.0 2.0 2.0 2.0 1.0 2.0
program components:
	Skating Skills	1.00 7.25 7.75 7.50 8.00 7.50 7.50 7.50 7.25 7.50 7.50
	Transitions	1.00 7.00 7.25 7.25 7.25 7.50 7.25 7.25 7.50 7.25 7.29
	Performance	1.00 7.25 7.50 7.75 7.50 7.75 7.50 7.50 7.50 7.75 7.57
	Composition	1.00 7.00 7.50 7.50 7.50 7.75 7.00 7.50 7.75 7.25 7.43
	Interpretation of the Music	1.00 7.00 7.50 7.50 8.00 7.75 7.00 7.75 7.50 7.50 7.50

name: Kazuki TOMONO
rank: 4
elements:
	4S<	7.28	-1.36	<	-2.0 -3.0 -2.0 -2.0 -1.0 -2.0 -2.0 -2.0 -1.0
	3F+3T	9.5	0.0		1.0 -1.0 0.0 1.0 0.0 0.0 0.0 -2.0 0.0
	CSSp4	3.0	0.69		2.0 2.0 3.0 3.0 2.0 2.0 2.0 2.0 3.0
	3A	8.8	2.51	x	3.0 2.0 3.0 4.0 3.0 4.0 2.0 3.0 4.0
	FCSp4	3.2	0.41		2.0 0.0 2.0 2.0 1.0 1.0 2.0 0.0 1.0
	StSq3	3.3	1.04		3.0 2.0 2.0 4.0 3.0 4.0 3.0 3.0 4.0
	CCoSp4	3.5	0.6		1.0 0.0 2.0 3.0 1.0 2.0 2.0 1.0 4.0
program components:
	Skating Skills	1.00 7.75 7.50 7.50 8.50 7.75 8.50 7.75 8.25 8.25 7.96
	Transitions	1.00 7.50 7.50 7.25 8.00 7.25 8.25 7.50 7.75 8.25 7.68
	Performance	1.00 7.75 7.75 7.75 8.25 7.50 8.50 8.00 8.25 8.50 8.04
	Composition	1.00 7.75 7.75 7.50 8.50 7.75 8.50 8.00 8.00 8.75 8.04
	Interpretation of the Music	1.00 8.00 7.50 7.75 8.50 7.50 8.75 8.00 8.00 8.75 8.07

name: Paul FENTZ
rank: 5
elements:
	3A	8.0	1.94		2.0 1.0 3.0 3.0 3.0 0.0 2.0 3.0 3.0
	3T+3T	8.4	1.02		2.0 2.0 3.0 3.0 3.0 2.0 2.0 3.0 1.0
	FCSp4	3.2	0.55		2.0 1.0 3.0 0.0 2.0 1.0 1.0 3.0 2.0
	CSSp4	3.0	0.56		2.0 1.0 2.0 2.0 2.0 2.0 2.0 1.0 3.0
	3Lz	6.49	0.67	x	1.0 1.0 1.0 2.0 1.0 1.0 1.0 2.0 1.0
	StSq4	3.9	0.84		1.0 1.0 2.0 2.0 3.0 1.0 3.0 3.0 3.0
	CCoSp4	3.5	0.25		1.0 0.0 2.0 0.0 1.0 0.0 2.0 1.0 0.0
program components:
	Skating Skills	1.00 7.25 7.25 7.25 7.00 7.25 7.00 7.50 8.25 7.00 7.21
	Transitions	1.00 7.00 7.00 7.00 6.75 7.00 7.25 7.25 8.00 7.25 7.11
	Performance	1.00 7.00 7.50 6.75 6.50 7.50 7.00 7.50 7.75 7.00 7.18
	Composition	1.00 7.25 7.50 7.25 6.75 7.25 6.75 7.75 8.00 7.50 7.32
	Interpretation of the Music	1.00 7.00 7.25 7.00 6.25 7.00 6.75 7.50 7.75 7.50 7.14

name: Alexei KRASNOZHON
rank: 6
elements:
	3F+3Lo	10.2	0.91		0.0 1.0 2.0 3.0 2.0 1.0 2.0 2.0 2.0
	3A	8.0	0.11		-1.0 0.0 0.0 -1.0 1.0 1.0 0.0 1.0 0.0
	FCSp4	3.2	0.14		1.0 0.0 0.0 0.0 1.0 0.0 1.0 0.0 1.0
	3Lz	6.49	0.93	x	1.0 1.0 1.0 2.0 3.0 0.0 2.0 2.0 2.0
	CCoSp4V	2.63	0.11		1.0 0.0 0.0 1.0 2.0 0.0 1.0 0.0 0.0
	StSq3	3.3	0.47		1.0 1.0 1.0 1.0 2.0 1.0 2.0 2.0 2.0
	CSSp4	3.0	0.43		1.0 0.0 1.0 2.0 2.0 1.0 2.0 1.0 2.0
program components:
	Skating Skills	1.00 7.25 7.25 7.00 6.75 7.00 7.25 7.25 7.50 7.25 7.18
	Transitions	1.00 7.00 6.75 6.50 6.50 6.75 7.00 7.25 7.50 7.00 6.89
	Performance	1.00 7.00 7.00 6.75 6.75 7.00 7.25 7.50 7.75 6.75 7.04
	Composition	1.00 7.25 7.00 7.00 7.00 6.75 7.00 7.50 7.50 7.00 7.11
	Interpretation of the Music	1.00 7.00 7.25 6.75 7.00 7.00 7.25 7.50 7.75 7.25 7.18

name: Keegan MESSING
rank: 7
elements:
	4T<	7.13	-3.57	<	-5.0 -5.0 -5.0 -5.0 -5.0 -5.0 -5.0 -5.0 -5.0
	FCSp3	2.8	1.04		3.0 3.0 4.0 5.0 4.0 3.0 3.0 4.0 5.0
	3A	8.0	-2.4		-4.0 -4.0 -2.0 -3.0 -3.0 -1.0 -3.0 -4.0 -2.0
	StSq3	3.3	0.75		2.0 1.0 1.0 3.0 3.0 2.0 2.0 4.0 3.0
	CSSp4	3.0	0.69		3.0 2.0 2.0 2.0 2.0 3.0 2.0 2.0 3.0
	3Lz+2T	7.92	0.76	x	2.0 2.0 1.0 0.0 1.0 2.0 1.0 1.0 1.0
	CCoSp4	3.5	0.95		3.0 3.0 2.0 3.0 3.0 2.0 2.0 3.0 5.0
program components:
	Skating Skills	1.00 8.25 8.25 8.25 8.50 8.25 8.25 8.25 8.75 8.50 8.32
	Transitions	1.00 8.00 8.00 7.75 8.25 8.25 8.50 8.00 8.75 8.50 8.21
	Performance	1.00 8.00 7.75 7.75 7.75 7.75 8.25 8.00 8.50 8.25 7.96
	Composition	1.00 8.25 8.25 8.00 8.00 8.50 8.25 8.50 8.50 8.25 8.29
	Interpretation of the Music	1.00 8.00 8.25 8.00 7.75 8.00 8.00 8.50 8.50 8.75 8.18

name: Mikhail KOLYADA
rank: 8
elements:
	3T	4.2	-1.62		-3.0 -3.0 -4.0 -5.0 -4.0 -4.0 -4.0 -5.0 -1.0
	3Lz+2T	7.2	1.6		3.0 2.0 2.0 4.0 3.0 3.0 2.0 3.0 3.0
	CCSp4	3.2	1.1		3.0 3.0 3.0 4.0 4.0 3.0 3.0 4.0 5.0
	1A*	0.0	0.0	* x	0.0 0.0 0.0 0.0 0.0 0.0 0.0 0.0 0.0
	StSq3	3.3	0.8		3.0 2.0 2.0 3.0 3.0 2.0 2.0 2.0 4.0
	FSSp4	3.0	0.81		3.0 2.0 2.0 3.0 4.0 2.0 2.0 3.0 4.0
	CCoSp4	3.5	0.65		1.0 2.0 2.0 1.0 2.0 2.0 2.0 2.0 3.0
program components:
	Skating Skills	1.00 8.50 9.00 8.25 8.75 8.75 8.50 7.75 8.50 8.75 8.57
	Transitions	1.00 8.00 8.75 7.75 8.25 8.50 8.25 7.50 8.00 8.25 8.14
	Performance	1.00 8.00 8.75 8.00 8.00 8.25 7.75 7.75 8.25 8.00 8.04
	Composition	1.00 8.25 9.25 8.00 8.50 8.75 8.25 7.75 8.00 8.50 8.32
	Interpretation of the Music	1.00 8.25 9.00 7.50 8.25 8.50 8.50 7.75 8.25 8.50 8.29

name: Artur DMITRIEV
rank: 9
elements:
	4T	9.5	-4.21		-4.0 -4.0 -5.0 -5.0 -4.0 -5.0 -4.0 -5.0 -3.0
	3Lz+3F	11.2	-1.35		-3.0 -1.0 -2.0 -3.0 -1.0 -4.0 -4.0 -2.0 -1.0
	FCSp4	3.2	0.59		2.0 2.0 2.0 3.0 3.0 1.0 0.0 0.0 3.0
	StSq3	3.3	0.52		0.0 2.0 1.0 2.0 2.0 2.0 1.0 1.0 3.0
	3A<	6.6	-2.66	< x	-4.0 -4.0 -4.0 -5.0 -3.0 -5.0 -4.0 -5.0 -5.0
	CCoSp4	3.5	0.25		1.0 1.0 0.0 2.0 1.0 0.0 1.0 0.0 1.0
	CSSp3	2.6	0.3		1.0 1.0 1.0 3.0 2.0 0.0 1.0 0.0 2.0
program components:
	Skating Skills	1.00 7.00 7.75 7.25 7.50 7.50 6.75 7.00 7.75 7.25 7.32
	Transitions	1.00 6.50 7.00 6.50 7.00 7.00 6.00 6.50 7.75 6.50 6.71
	Performance	1.00 6.75 7.25 7.00 6.75 7.25 6.25 7.00 7.25 6.75 6.96
	Composition	1.00 7.00 7.50 6.75 7.00 7.50 6.50 6.75 7.50 7.25 7.11
	Interpretation of the Music	1.00 7.00 7.50 7.00 7.00 7.50 6.75 7.00 7.75 7.00 7.14

name: Brendan KERRY
rank: 10
elements:
	3T	4.2	-1.44		-3.0 -4.0 -3.0 -4.0 -3.0 -3.0 -4.0 -4.0 -1.0
	4S<+COMBO	7.28	-3.64	<	-5.0 -5.0 -5.0 -5.0 -5.0 -5.0 -5.0 -5.0 -5.0
	CCSp4	3.2	-0.37		-2.0 -2.0 -1.0 -1.0 -1.0 -1.0 0.0 -1.0 -1.0
	3A	8.8	1.37	x	2.0 0.0 2.0 1.0 1.0 2.0 2.0 2.0 2.0
	StSq3	3.3	0.75		1.0 2.0 2.0 4.0 3.0 1.0 2.0 3.0 3.0
	CCoSp4	3.5	0.35		1.0 1.0 -1.0 2.0 1.0 1.0 1.0 0.0 2.0
	FSSp4	3.0	0.21		1.0 -2.0 1.0 1.0 1.0 0.0 0.0 1.0 1.0
program components:
	Skating Skills	1.00 6.75 7.25 7.25 7.50 7.25 7.00 7.25 8.00 7.50 7.29
	Transitions	1.00 6.75 6.75 6.50 7.25 6.75 6.50 7.00 7.75 7.25 6.89
	Performance	1.00 7.00 6.75 6.75 7.25 7.00 6.50 7.00 7.75 7.00 6.96
	Composition	1.00 7.00 7.00 7.25 7.75 7.00 6.75 7.50 7.75 7.75 7.32
	Interpretation of the Music	1.00 7.25 7.00 6.75 7.50 7.25 6.75 7.50 8.00 7.50 7.25

name: Andrei LAZUKIN
rank: 11
elements:
	4T<	7.13	-3.47	<	-5.0 -5.0 -5.0 -5.0 -5.0 -5.0 -4.0 -5.0 -4.0
	2A	3.3	0.42		1.0 1.0 0.0 2.0 3.0 0.0 1.0 2.0 2.0
	FCSp3	2.8	0.64		2.0 2.0 2.0 3.0 3.0 1.0 2.0 2.0 3.0
	3F+2T	7.26	-1.29	x	-4.0 -1.0 -2.0 -2.0 -2.0 -3.0 -4.0 -3.0 -1.0
	StSq2	2.6	0.19		2.0 1.0 0.0 1.0 1.0 0.0 1.0 1.0 0.0
	CSSp4	3.0	0.39		1.0 1.0 0.0 2.0 2.0 0.0 2.0 1.0 2.0
	CCoSp4	3.5	0.3		-1.0 0.0 2.0 2.0 2.0 -1.0 2.0 1.0 0.0
program components:
	Skating Skills	1.00 6.75 7.50 7.25 7.25 7.50 6.50 7.50 8.00 7.50 7.32
	Transitions	1.00 6.50 7.50 7.00 6.50 7.25 6.25 7.00 7.75 7.25 7.00
	Performance	1.00 6.75 7.25 6.50 7.50 7.00 6.00 7.25 7.75 7.00 7.04
	Composition	1.00 7.00 7.50 6.75 7.00 7.50 6.25 7.50 8.00 7.25 7.21
	Interpretation of the Music	1.00 7.00 7.00 6.75 7.25 7.25 6.00 7.50 8.00 7.00 7.11

name: Julian Zhi Jie YEE
rank: 12
elements:
	4S<<	4.3	-2.15	<<	-5.0 -5.0 -5.0 -5.0 -5.0 -5.0 -5.0 -5.0 -5.0
	3A	8.0	-2.4		-3.0 -3.0 -2.0 -3.0 -3.0 -3.0 -3.0 -3.0 -4.0
	FCSp2	2.3	0.23		1.0 0.0 2.0 3.0 1.0 1.0 1.0 0.0 1.0
	3F+2T	7.26	-1.44	x	-2.0 -2.0 -3.0 -4.0 -2.0 -2.0 -3.0 -4.0 -3.0
	CSSp4	3.0	0.13		-2.0 1.0 -1.0 0.0 1.0 1.0 1.0 0.0 1.0
	StSq3	3.3	0.52		1.0 1.0 1.0 4.0 1.0 2.0 2.0 2.0 2.0
	CCoSp4	3.5	0.55		1.0 1.0 2.0 3.0 2.0 2.0 1.0 1.0 2.0
program components:
	Skating Skills	1.00 7.00 7.00 7.00 7.25 7.00 6.75 6.75 7.50 6.75 6.96
	Transitions	1.00 6.50 6.50 6.50 7.00 6.50 7.00 6.50 7.25 6.25 6.64
	Performance	1.00 6.75 6.75 6.50 6.75 6.75 6.75 6.75 7.00 6.50 6.71
	Composition	1.00 7.00 6.75 7.00 6.75 7.00 6.75 7.00 7.25 6.50 6.89
	Interpretation of the Music	1.00 6.75 7.00 6.75 7.25 7.25 7.00 7.25 7.25 7.00 7.07

