event name: GPJPN2018 NHK Trophy
event type: PAIRS FREE SKATING
name: Natalia ZABIIAKO / Alexander ENBERT
rank: 1
startingNbr: 7
elements:
	3Tw3	5.7	1.55		4.0 4.0 1.0 3.0 3.0 2.0 3.0 2.0 2.0
	3T+2T+2Lo	7.2	0.96		2.0 1.0 2.0 2.0 2.0 2.0 4.0 3.0 3.0
	3S	4.3	0.18		0.0 0.0 -1.0 1.0 1.0 0.0 1.0 0.0 1.0
	PCoSp4	4.5	1.16		3.0 2.0 2.0 3.0 3.0 3.0 2.0 2.0 3.0
	3FTh	5.3	1.59		3.0 3.0 3.0 3.0 3.0 2.0 4.0 3.0 3.0
	4Li4	5.1	1.38		3.0 3.0 2.0 3.0 3.0 2.0 2.0 3.0 4.0
	5RLi4	7.0	1.8		4.0 2.0 2.0 3.0 2.0 2.0 3.0 3.0 3.0
	3LoTh	5.0	1.86		3.0 3.0 4.0 4.0 4.0 3.0 4.0 4.0 5.0
	ChSq1	3.0	1.29		3.0 3.0 2.0 3.0 3.0 2.0 2.0 3.0 2.0
	5ALi4	7.0	2.1		3.0 2.0 3.0 4.0 3.0 2.0 4.0 3.0 3.0
	FiDs3	3.5	1.25		4.0 2.0 3.0 4.0 3.0 4.0 4.0 4.0 3.0
program components:
	Skating Skills	1.60 8.75 8.00 8.50 8.50 8.75 8.50 8.50 8.50 9.00 8.57
	Transitions	1.60 8.25 8.00 8.00 8.25 8.75 8.25 8.00 8.50 8.75 8.29
	Performance	1.60 8.50 8.50 8.25 8.50 9.00 8.50 8.50 8.25 9.00 8.54
	Composition	1.60 9.00 8.25 8.50 8.25 9.25 8.25 8.50 8.25 9.25 8.57
	Interpretation of the Music	1.60 9.00 8.25 8.50 8.50 8.75 8.25 8.25 8.25 9.00 8.50
deductions:

name: Cheng PENG / Yang JIN
rank: 2
startingNbr: 8
elements:
	2S	1.3	0.24		1.0 3.0 2.0 2.0 2.0 0.0 1.0 3.0 2.0
	3T+2T	5.5	1.14		2.0 3.0 3.0 3.0 2.0 3.0 3.0 3.0 2.0
	3Tw3	5.7	1.87		3.0 4.0 3.0 4.0 3.0 3.0 4.0 3.0 3.0
	3LoTh	5.0	2.14		4.0 4.0 4.0 4.0 3.0 4.0 5.0 5.0 5.0
	BiDs4	3.8	1.09		3.0 3.0 3.0 3.0 3.0 3.0 2.0 3.0 2.0
	ChSq1	3.0	1.71		3.0 4.0 3.0 4.0 3.0 3.0 4.0 4.0 3.0
	3STh	4.4	1.89		4.0 4.0 5.0 4.0 4.0 4.0 5.0 5.0 4.0
	5RLi4	7.0	2.1		3.0 4.0 2.0 3.0 3.0 2.0 3.0 4.0 3.0
	PCoSp4	4.5	1.29		3.0 3.0 3.0 2.0 3.0 3.0 3.0 4.0 2.0
	5ALi4	7.0	2.5		4.0 4.0 3.0 4.0 3.0 3.0 4.0 4.0 3.0
	4Li3	4.7	1.34		4.0 3.0 2.0 3.0 3.0 2.0 3.0 3.0 3.0
program components:
	Skating Skills	1.60 8.50 8.75 8.50 8.50 8.50 8.50 8.25 8.75 8.00 8.50
	Transitions	1.60 8.00 8.25 8.25 8.25 8.25 8.50 8.50 8.50 7.75 8.29
	Performance	1.60 8.25 8.75 8.75 8.50 8.50 8.50 8.75 8.25 8.25 8.50
	Composition	1.60 8.25 8.50 8.50 8.25 8.25 8.75 8.75 8.50 8.00 8.43
	Interpretation of the Music	1.60 8.50 8.75 8.75 8.25 8.25 8.00 8.75 8.25 7.75 8.39
deductions:

name: Alexa SCIMECA KNIERIM / Chris KNIERIM USA
rank: 3
startingNbr: 125.74
elements:
	3Tw3	5.7	2.44		4.0 4.0 5.0 3.0 4.0 4.0 5.0 4.0 5.0
	3S<+COMBO	-1.57	-4.0	< 3.23	-5.0 -5.0 -4.0 -5.0 -5.0 -5.0 -5.0 -5.0
	3T	4.2	-1.68		-5.0 -4.0 -4.0 -3.0 -3.0 -5.0 -4.0 -4.0 -4.0
	5RLi4	7.0	1.9		3.0 3.0 3.0 3.0 2.0 3.0 2.0 2.0 3.0
	5ALi4	7.0	2.3		4.0 3.0 4.0 3.0 3.0 4.0 3.0 3.0 3.0
	ChSq1	3.0	1.36		3.0 2.0 2.0 3.0 2.0 3.0 3.0 3.0 3.0
	BiDs4	3.8	0.98		3.0 2.0 3.0 2.0 1.0 4.0 3.0 3.0 2.0
	PCoSp4	4.5	1.41		3.0 2.0 4.0 3.0 3.0 4.0 3.0 3.0 3.0
	3FTh	5.3	1.44		3.0 3.0 4.0 2.0 3.0 3.0 3.0 2.0 2.0
	3LoTh	5.0	1.57		3.0 3.0 3.0 3.0 2.0 3.0 4.0 4.0 3.0
	3Li4	5.1	0.8		4.0 1.0 2.0 2.0 2.0 0.0 0.0 2.0 2.0
program components:
	Skating Skills	1.60 7.75 7.50 8.00 7.50 7.50 7.75 7.50 7.50 7.50 7.57
	Transitions	1.60 7.50 7.00 8.50 7.50 7.25 7.75 7.50 7.75 7.75 7.57
	Performance	1.60 7.25 7.25 8.25 7.50 7.50 7.75 7.25 7.50 7.50 7.46
	Composition	1.60 7.75 7.00 8.75 7.75 7.75 8.00 7.50 8.00 8.00 7.82
	Interpretation of the Music	1.60 7.75 7.25 8.75 7.50 7.50 8.00 7.75 7.75 7.50 7.68
deductions:

name: Kirsten MOORE-TOWERS / Michael MARINARO CAN
rank: 4
startingNbr: 121.96
elements:
	3Tw3	5.7	0.0		3.0 2.0 -2.0 2.0 -1.0 1.0 -2.0 -2.0 0.0
	3S+1T	4.7	-1.41		-3.0 -3.0 -5.0 -2.0 -2.0 -4.0 -3.0 -5.0 -3.0
	3LoTh	5.0	-1.29		-1.0 -3.0 -3.0 -3.0 -2.0 -2.0 -3.0 -3.0 -2.0
	3Li4	5.1	1.24		3.0 3.0 3.0 2.0 2.0 3.0 2.0 2.0 2.0
	PCoSp4	4.5	1.03		3.0 2.0 2.0 3.0 2.0 3.0 2.0 2.0 2.0
	3T	4.2	-1.14		-3.0 -3.0 -3.0 -2.0 -3.0 -3.0 -2.0 -3.0 -2.0
	5RLi4	7.0	1.4		3.0 2.0 2.0 2.0 1.0 2.0 2.0 2.0 2.0
	ChSq1	3.0	0.86		2.0 3.0 1.0 2.0 1.0 1.0 4.0 1.0 2.0
	3STh	4.4	1.19		3.0 3.0 3.0 2.0 3.0 3.0 3.0 2.0 2.0
	5ALi3	6.6	1.6		3.0 2.0 3.0 3.0 2.0 2.0 2.0 2.0 3.0
	FiDs4	3.8	1.09		4.0 2.0 3.0 3.0 2.0 4.0 3.0 3.0 2.0
program components:
	Skating Skills	1.60 8.25 7.75 8.25 8.00 8.00 8.00 7.75 8.00 8.25 8.04
	Transitions	1.60 8.00 7.50 7.75 7.75 7.75 8.00 7.50 7.75 7.75 7.75
	Performance	1.60 8.00 7.00 8.00 8.00 7.75 8.00 7.75 7.75 7.75 7.86
	Composition	1.60 8.25 7.25 8.25 8.00 8.00 8.25 8.00 7.75 8.00 8.04
	Interpretation of the Music	1.60 8.50 7.25 8.00 8.00 7.75 8.00 8.25 7.75 7.75 7.93
deductions:

name: Tarah KAYNE / Danny O'SHEA
rank: 5
startingNbr: 4
elements:
	3Tw3	5.7	0.98		2.0 2.0 1.0 3.0 0.0 1.0 2.0 2.0 2.0
	3S<+COMBO	-1.43	-4.0	< 3.23	-4.0 -5.0 -4.0 -5.0 -5.0 -4.0 -5.0 -4.0
	3STh	4.4	0.88		3.0 3.0 2.0 2.0 0.0 1.0 2.0 2.0 2.0
	5RLi4	7.0	1.1		2.0 3.0 2.0 1.0 1.0 1.0 1.0 2.0 2.0
	2A	3.3	-1.65		-5.0 -5.0 -5.0 -5.0 -5.0 -5.0 -5.0 -5.0 -5.0
	ChSq1	3.0	1.07		2.0 2.0 4.0 3.0 2.0 2.0 2.0 2.0 2.0
	3LoTh	5.0	-2.5		-5.0 -5.0 -5.0 -5.0 -5.0 -5.0 -5.0 -5.0 -5.0
	FiDs3	3.5	0.85		3.0 2.0 2.0 3.0 2.0 3.0 2.0 3.0 2.0
	PCoSpBV	1.88	0.11		2.0 1.0 -1.0 3.0 0.0 2.0 -2.0 0.0 0.0
	5ALi4	7.0	1.6		3.0 3.0 2.0 2.0 1.0 2.0 2.0 3.0 2.0
	3Li4	5.1	1.17		3.0 3.0 2.0 3.0 2.0 3.0 1.0 2.0 1.0
program components:
	Skating Skills	1.60 7.25 7.25 7.00 7.25 7.25 6.50 6.50 7.00 7.25 7.07
	Transitions	1.60 7.00 6.50 7.50 7.00 7.00 7.25 6.25 7.00 6.75 6.93
	Performance	1.60 6.75 6.75 7.50 7.25 6.50 7.00 6.50 6.75 6.75 6.82
	Composition	1.60 7.25 7.25 8.00 7.50 7.00 7.00 6.50 6.75 7.25 7.14
	Interpretation of the Music	1.60 7.25 7.00 7.50 7.25 6.75 6.75 6.25 6.75 7.00 6.96
deductions:
	falls: -2.0

name: Laura BARQUERO / Aritz MAESTU
rank: 6
startingNbr: 3
elements:
	3S+2T	5.6	0.0		0.0 1.0 1.0 0.0 0.0 -1.0 -1.0 0.0 0.0
	3Tw3	5.7	0.98		1.0 2.0 2.0 2.0 1.0 3.0 2.0 2.0 1.0
	5ALi3	6.6	-0.09		1.0 0.0 0.0 -2.0 1.0 -1.0 -1.0 0.0 0.0
	3FTh	5.3	0.38		1.0 2.0 1.0 0.0 0.0 0.0 1.0 1.0 1.0
	ChSq1	3.0	0.79		1.0 2.0 1.0 2.0 1.0 0.0 2.0 2.0 2.0
	2A	3.3	-0.38		-2.0 -1.0 -1.0 -1.0 -1.0 -2.0 -1.0 -1.0 -1.0
	3LoTh	5.0	0.07		2.0 0.0 -2.0 -1.0 1.0 -1.0 1.0 1.0 0.0
	5RLi3	6.6	0.38		2.0 1.0 1.0 1.0 0.0 -1.0 -1.0 1.0 1.0
	3Li3	4.7	-0.07		1.0 1.0 -2.0 -2.0 0.0 0.0 0.0 0.0 0.0
	FiDs3	3.5	0.35		2.0 0.0 1.0 0.0 2.0 3.0 0.0 1.0 1.0
	PCoSp4	4.5	0.19		1.0 0.0 0.0 1.0 1.0 0.0 0.0 1.0 0.0
program components:
	Skating Skills	1.60 6.75 6.25 5.50 6.00 6.50 5.75 5.75 5.75 5.50 5.93
	Transitions	1.60 5.50 6.00 5.25 5.75 6.00 6.25 5.50 6.00 5.50 5.75
	Performance	1.60 6.25 6.50 5.50 6.00 6.25 5.75 6.25 6.00 6.00 6.07
	Composition	1.60 6.50 6.00 6.00 6.00 6.25 6.00 6.25 6.00 6.00 6.07
	Interpretation of the Music	1.60 6.75 6.25 6.25 6.00 6.00 5.75 6.00 6.25 5.75 6.07
deductions:

name: Audrey LU / Misha MITROFANOV
rank: 7
startingNbr: 1
elements:
	3Tw3	5.7	-0.08		1.0 1.0 -1.0 0.0 -1.0 -2.0 1.0 -1.0 0.0
	3LoTh	5.0	0.5		1.0 1.0 1.0 1.0 0.0 1.0 1.0 1.0 1.0
	5RLi3	6.6	-0.57		-1.0 0.0 -3.0 -2.0 -1.0 -2.0 0.0 0.0 0.0
	3S<+1Eu+3S<	-1.57	-5.0	< 6.96	-5.0 -5.0 -5.0 -5.0 -5.0 -4.0 -5.0 -4.0
	4Li3	4.7	-0.07		1.0 -1.0 -2.0 0.0 0.0 -1.0 0.0 0.0 1.0
	3STh	4.4	0.63		2.0 1.0 2.0 2.0 0.0 2.0 1.0 1.0 1.0
	3T	4.2	-2.1		-5.0 -5.0 -5.0 -5.0 -5.0 -5.0 -5.0 -4.0 -5.0
	PCoSp4	4.5	0.64		1.0 1.0 1.0 2.0 1.0 3.0 1.0 2.0 2.0
	ChSq1	3.0	1.0		1.0 2.0 2.0 3.0 1.0 3.0 2.0 2.0 2.0
	5SLiB	4.6	-1.97		-2.0 -4.0 -5.0 -4.0 -5.0 -4.0 -4.0 -5.0 -4.0
	FiDs3	3.5	0.2		1.0 0.0 0.0 1.0 0.0 3.0 0.0 1.0 1.0
program components:
	Skating Skills	1.60 6.00 5.00 6.00 6.25 6.00 6.50 6.00 6.50 6.00 6.11
	Transitions	1.60 5.50 6.00 5.50 6.00 5.50 6.25 5.75 6.25 5.50 5.79
	Performance	1.60 5.75 5.75 5.25 6.25 5.75 6.00 6.25 6.50 5.75 5.93
	Composition	1.60 6.25 6.25 6.25 6.25 6.00 6.25 6.25 6.50 6.00 6.21
	Interpretation of the Music	1.60 6.25 6.00 5.50 6.25 5.75 6.25 6.00 6.25 5.75 6.04
deductions:
	falls: -1.0

name: Miu SUZAKI / Ryuichi KIHARA
rank: 8
startingNbr: 2
elements:
	3Tw2	5.4	-0.15		0.0 1.0 -2.0 -1.0 -1.0 0.0 -2.0 1.0 1.0
	3Lz<<	-1.02	-5.0	<< 2.10	-5.0 -5.0 -5.0 -5.0 -5.0 -4.0 -5.0 -4.0
	3T+2T+2T	6.8	-0.42		0.0 0.0 -3.0 -2.0 -1.0 -2.0 -1.0 -1.0 0.0
	3FTh	5.3	-2.65		-5.0 -5.0 -5.0 -5.0 -5.0 -5.0 -5.0 -5.0 -5.0
	5SLi3	5.8	0.99		1.0 2.0 2.0 2.0 2.0 2.0 1.0 1.0 2.0
	PCoSp4	4.5	0.51		2.0 1.0 1.0 1.0 1.0 2.0 1.0 1.0 1.0
	5ALi3	6.6	0.66		1.0 1.0 2.0 -2.0 1.0 2.0 0.0 0.0 2.0
	3STh	4.4	-2.2		-5.0 -5.0 -5.0 -5.0 -5.0 -5.0 -5.0 -5.0 -5.0
	ChSq1	3.0	0.5		1.0 1.0 0.0 1.0 0.0 1.0 2.0 2.0 1.0
	4Li3	4.7	0.6		1.0 2.0 3.0 0.0 1.0 1.0 1.0 1.0 2.0
	FiDs4	3.8	0.38		1.0 1.0 -1.0 2.0 0.0 3.0 1.0 1.0 1.0
program components:
	Skating Skills	1.60 6.25 6.25 6.25 6.00 6.00 6.25 5.75 6.25 6.00 6.14
	Transitions	1.60 5.75 5.50 5.25 5.50 5.50 5.75 5.25 6.00 5.50 5.54
	Performance	1.60 5.00 6.00 5.00 5.50 5.25 5.75 5.50 6.00 5.50 5.50
	Composition	1.60 6.00 6.25 5.75 6.00 6.00 6.00 5.75 6.00 6.00 5.96
	Interpretation of the Music	1.60 5.75 6.00 5.25 5.75 5.50 5.75 5.75 5.75 5.75 5.71
deductions:
	falls: -2.0

