event name: GPJPN2018 NHK Trophy
event type: MEN SHORT PROGRAM
name: Shoma UNO
rank: 1
startingNbr: 11
elements:
	4F	11.0	2.2		2.0 2.0 1.0 3.0 3.0 2.0 1.0 2.0 2.0
	4T+COMBO	9.5	-4.75		-5.0 -5.0 -5.0 -5.0 -5.0 -5.0 -5.0 -5.0 -5.0
	FCSp4	3.2	1.05		2.0 1.0 3.0 4.0 3.0 4.0 4.0 3.0 4.0
	CSSp3	2.6	0.97		3.0 3.0 4.0 4.0 4.0 5.0 4.0 3.0 4.0
	3A	3.66	4.0	8.80 X	1.0 4.0 5.0 5.0 4.0 5.0 5.0 5.0
	StSq4	3.9	1.73		4.0 2.0 4.0 5.0 4.0 5.0 5.0 5.0 4.0
	CCoSp4	3.5	1.55		4.0 4.0 3.0 5.0 4.0 5.0 4.0 5.0 5.0
program components:
	Skating Skills	1.00 8.75 8.50 9.00 9.25 9.25 8.75 9.50 9.50 9.25 9.11
	Transitions	1.00 8.50 8.50 8.25 9.00 8.75 8.75 9.00 8.75 9.00 8.75
	Performance	1.00 8.75 8.00 8.50 8.75 9.00 8.75 9.25 9.00 8.75 8.79
	Composition	1.00 9.25 7.75 8.75 9.25 8.75 8.75 9.50 9.50 9.25 9.07
	Interpretation of the Music	1.00 9.00 8.00 8.50 8.75 8.75 8.75 9.50 9.25 9.00 8.86
deductions:
	falls: 1

name: Sergei VORONOV
rank: 2
startingNbr: 12
elements:
	4T+3T	13.7	2.31		3.0 2.0 2.0 1.0 3.0 3.0 3.0 2.0 2.0
	3Lz	5.9	1.01		2.0 1.0 2.0 2.0 2.0 2.0 0.0 2.0 1.0
	FCSp4	3.2	0.87		3.0 3.0 3.0 2.0 2.0 3.0 2.0 3.0 3.0
	3A	2.29	4.0	8.80 X	2.0 2.0 2.0 3.0 3.0 3.0 4.0 3.0
	CSSp3	2.6	0.59		0.0 2.0 2.0 2.0 2.0 3.0 2.0 3.0 3.0
	StSq3	3.3	1.08		2.0 3.0 3.0 3.0 3.0 4.0 3.0 4.0 4.0
	CCoSp4	3.5	0.95		3.0 3.0 3.0 2.0 2.0 3.0 2.0 3.0 3.0
program components:
	Skating Skills	1.00 8.50 7.75 8.50 8.75 8.50 8.50 8.50 8.50 8.25 8.46
	Transitions	1.00 7.50 7.75 7.75 8.00 8.25 8.25 8.00 8.25 7.75 7.96
	Performance	1.00 8.50 7.75 8.25 8.50 8.00 8.75 8.50 9.00 8.75 8.46
	Composition	1.00 7.25 7.50 7.75 8.75 8.00 8.75 8.25 8.75 8.50 8.21
	Interpretation of the Music	1.00 7.25 7.50 8.25 8.50 7.75 8.75 8.25 8.50 8.50 8.18
deductions:

name: Dmitri ALIEV
rank: 3
startingNbr: 10
elements:
	4T	9.5	3.12		4.0 3.0 3.0 2.0 3.0 3.0 3.0 4.0 4.0
	3A<	-3.0	-5.0	< 6.00	-5.0 -5.0 -5.0 -5.0 -5.0 -5.0 -5.0 -5.0
	FCSp3	2.8	0.64		1.0 2.0 2.0 2.0 2.0 3.0 2.0 3.0 3.0
	3Lz+3T	0.51	0.0	11.11 X	1.0 1.0 0.0 2.0 0.0 0.0 2.0 2.0
	StSq4	3.9	1.06		3.0 2.0 3.0 3.0 2.0 4.0 2.0 3.0 3.0
	CCoSp3	3.0	0.21		-1.0 1.0 -1.0 0.0 1.0 3.0 2.0 1.0 1.0
	CSSp3	2.6	0.22		0.0 1.0 1.0 1.0 1.0 3.0 0.0 1.0 1.0
program components:
	Skating Skills	1.00 7.75 7.75 8.25 8.25 8.00 8.50 8.25 8.50 8.50 8.21
	Transitions	1.00 7.75 7.75 8.00 7.75 7.50 8.25 7.50 8.25 8.50 7.89
	Performance	1.00 8.00 7.75 8.25 7.75 7.25 8.50 7.75 8.25 8.25 8.00
	Composition	1.00 8.00 8.00 8.00 8.25 7.75 8.50 8.00 8.50 8.75 8.18
	Interpretation of the Music	1.00 8.50 8.00 8.00 8.25 8.00 8.50 7.75 8.25 8.50 8.21
deductions:
	falls: 1

name: Matteo RIZZO
rank: 4
startingNbr: 7
elements:
	3A	8.0	2.17		2.0 3.0 3.0 2.0 3.0 3.0 3.0 3.0 2.0
	3Lz	5.9	-1.43		-4.0 -2.0 -3.0 -4.0 -2.0 -2.0 -1.0 -2.0 -2.0
	CCSp4	3.2	0.73		0.0 3.0 2.0 2.0 3.0 3.0 2.0 2.0 2.0
	StSq4	3.9	1.28		3.0 4.0 4.0 3.0 3.0 3.0 4.0 3.0 3.0
	3F+3T<	-1.59	-4.0	< 9.30 X	-1.0 -3.0 -3.0 -3.0 -5.0 -1.0 -4.0 -3.0
	FSSp3	2.6	0.78		1.0 3.0 3.0 4.0 3.0 3.0 3.0 3.0 3.0
	CCoSp4	3.5	0.45		-1.0 1.0 1.0 1.0 2.0 2.0 2.0 0.0 2.0
program components:
	Skating Skills	1.00 7.25 8.25 7.50 7.50 8.00 8.00 7.75 7.75 7.75 7.75
	Transitions	1.00 7.00 8.00 7.50 7.50 7.50 7.50 7.25 7.25 7.50 7.43
	Performance	1.00 7.00 7.75 7.75 7.25 7.50 7.50 7.25 7.50 7.50 7.46
	Composition	1.00 7.50 8.25 8.25 8.00 7.75 7.75 7.50 7.75 7.75 7.82
	Interpretation of the Music	1.00 7.50 7.75 8.00 8.00 8.00 7.75 7.75 7.50 7.50 7.75
deductions:

name: Vincent ZHOU
rank: 5
startingNbr: 9
elements:
	4Lz<+3T	-1.23	-4.0	< 12.83	-1.0 1.0 -2.0 -1.0 -2.0 -1.0 -1.0 -2.0
	3F	5.3	1.44		2.0 2.0 4.0 3.0 3.0 3.0 2.0 3.0 3.0
	CSSp3	2.6	0.19		1.0 0.0 2.0 0.0 2.0 2.0 1.0 -2.0 -1.0
	FCSp3	2.8	0.44		1.0 2.0 2.0 0.0 2.0 2.0 1.0 1.0 2.0
	3A<	-1.03	-2.0	< 6.60 X	-2.0 -1.0 -2.0 -2.0 -2.0 0.0 -1.0 -2.0
	StSq3	3.3	0.75		2.0 1.0 4.0 2.0 3.0 2.0 1.0 3.0 3.0
	CCoSp4	3.5	0.45		1.0 2.0 2.0 0.0 2.0 2.0 0.0 1.0 1.0
program components:
	Skating Skills	1.00 7.50 7.75 8.25 7.50 7.25 7.75 7.75 7.75 7.75 7.68
	Transitions	1.00 7.50 7.50 8.00 7.00 7.75 7.50 7.25 7.25 7.25 7.43
	Performance	1.00 7.25 7.25 8.50 7.25 8.00 7.75 7.50 7.50 7.75 7.57
	Composition	1.00 7.75 7.25 8.25 7.75 7.50 7.75 7.50 7.75 7.50 7.64
	Interpretation of the Music	1.00 7.50 7.50 8.50 7.75 7.75 7.75 7.50 7.50 7.75 7.64
deductions:

name: Sota YAMAMOTO
rank: 6
startingNbr: 3
elements:
	3A	8.0	1.94		2.0 2.0 3.0 2.0 3.0 4.0 3.0 2.0 2.0
	FCSp4	3.2	1.01		3.0 3.0 4.0 3.0 3.0 4.0 3.0 3.0 2.0
	CSSp4	3.0	1.07		4.0 3.0 4.0 3.0 3.0 5.0 3.0 4.0 4.0
	3Lz+2T	7.2	-2.28		-5.0 -4.0 -3.0 -4.0 -3.0 -3.0 -4.0 -4.0 -5.0
	3F	1.06	2.0	5.83 X	1.0 2.0 0.0 2.0 3.0 2.0 3.0 2.0
	StSq3	3.3	0.75		3.0 2.0 3.0 3.0 2.0 2.0 2.0 1.0 2.0
	CCoSp4	3.5	1.0		0.0 4.0 3.0 2.0 2.0 4.0 3.0 3.0 3.0
program components:
	Skating Skills	1.00 7.75 7.25 7.00 7.25 7.25 7.75 7.75 7.50 7.25 7.43
	Transitions	1.00 7.50 7.00 6.75 7.25 6.75 7.50 7.25 6.75 7.00 7.07
	Performance	1.00 8.00 6.75 7.00 7.50 6.50 8.00 7.50 7.25 6.75 7.25
	Composition	1.00 7.75 7.00 7.50 7.50 7.00 7.75 7.25 7.00 7.00 7.29
	Interpretation of the Music	1.00 7.75 6.75 7.25 8.00 7.00 8.00 7.25 7.25 7.00 7.36
deductions:

name: Deniss VASILJEVS
rank: 7
startingNbr: 8
elements:
	3F	5.3	1.59		3.0 3.0 3.0 3.0 3.0 3.0 3.0 4.0 3.0
	3A<	-0.6	-1.0	< 6.00	-2.0 -1.0 -2.0 0.0 -1.0 -1.0 -1.0 0.0
	FSSp4	3.0	1.11		4.0 3.0 3.0 4.0 4.0 4.0 5.0 3.0 4.0
	StSq3	3.3	1.32		4.0 4.0 4.0 4.0 3.0 4.0 4.0 5.0 4.0
	3Lz<+COMBO	-2.22	-5.0	< 4.87 X	-5.0 -5.0 -5.0 -5.0 -5.0 -5.0 -5.0 -5.0
	CCSp3	2.8	0.56		0.0 2.0 2.0 1.0 3.0 3.0 2.0 2.0 2.0
	CCoSp4	3.5	1.15		1.0 3.0 3.0 3.0 3.0 4.0 4.0 4.0 3.0
program components:
	Skating Skills	1.00 7.25 8.00 7.50 7.75 7.75 8.25 8.00 8.50 8.50 7.96
	Transitions	1.00 7.75 8.00 7.25 8.25 8.00 8.00 7.75 8.25 8.50 8.00
	Performance	1.00 8.00 7.75 8.00 7.50 8.25 8.50 7.75 8.50 8.25 8.07
	Composition	1.00 8.50 8.50 8.00 8.50 8.00 8.50 7.75 8.75 8.50 8.36
	Interpretation of the Music	1.00 8.00 8.00 8.25 8.50 8.50 8.50 7.75 8.50 8.50 8.32
deductions:

name: Alexander JOHNSON
rank: 8
startingNbr: 1
elements:
	3A	8.0	-1.03		-2.0 -1.0 -2.0 -1.0 -1.0 -1.0 -3.0 -1.0 -1.0
	2Lz+3T	6.3	0.3		0.0 0.0 2.0 0.0 2.0 0.0 1.0 1.0 1.0
	CCSp4	3.2	0.55		2.0 1.0 3.0 1.0 2.0 3.0 1.0 1.0 2.0
	3F	0.83	1.0	5.83 X	0.0 2.0 0.0 2.0 2.0 2.0 2.0 2.0
	FSSp4	3.0	0.6		1.0 2.0 2.0 2.0 2.0 3.0 2.0 2.0 2.0
	StSq3	3.3	0.8		3.0 2.0 3.0 2.0 2.0 3.0 2.0 3.0 2.0
	CCoSp4	3.5	1.0		3.0 3.0 3.0 2.0 2.0 3.0 3.0 4.0 3.0
program components:
	Skating Skills	1.00 7.25 6.50 7.00 7.00 7.25 7.50 7.00 7.25 7.25 7.14
	Transitions	1.00 7.75 6.75 6.75 7.50 6.50 7.25 7.00 7.00 6.75 7.00
	Performance	1.00 7.50 7.00 7.25 7.25 6.75 7.50 7.25 7.25 7.00 7.21
	Composition	1.00 7.50 7.00 7.00 7.00 6.75 7.50 7.25 7.00 7.00 7.11
	Interpretation of the Music	1.00 7.50 7.25 7.50 7.50 7.00 7.75 7.50 7.50 6.75 7.39
deductions:

name: Yaroslav PANIOT
rank: 9
startingNbr: 5
elements:
	3F	5.3	0.23		0.0 1.0 1.0 0.0 1.0 2.0 0.0 0.0 0.0
	4T+3T	13.7	0.68		-1.0 0.0 1.0 1.0 3.0 2.0 1.0 0.0 0.0
	FCSp4	3.2	0.55		0.0 1.0 2.0 1.0 2.0 3.0 2.0 2.0 2.0
	1A*	0.0		* 0.00 X	0.0 0.0 0.0 0.0 0.0 0.0 0.0 0.0 0.0
	CSSp4	3.0	0.17		-1.0 -2.0 1.0 0.0 2.0 2.0 0.0 1.0 1.0
	StSq3	3.3	0.47		1.0 1.0 1.0 2.0 2.0 3.0 1.0 2.0 1.0
	CCoSp3	3.0	0.56		0.0 2.0 3.0 2.0 2.0 3.0 1.0 1.0 2.0
program components:
	Skating Skills	1.00 7.25 6.00 7.00 7.75 7.25 8.00 7.50 7.00 7.50 7.32
	Transitions	1.00 5.25 6.00 5.75 7.50 6.50 7.50 6.50 6.75 7.00 6.57
	Performance	1.00 6.00 6.00 6.25 7.50 6.75 7.75 7.25 7.00 7.25 6.86
	Composition	1.00 6.25 5.75 6.00 7.50 7.00 7.75 7.00 7.25 7.25 6.89
	Interpretation of the Music	1.00 5.50 5.75 5.75 7.75 7.00 7.75 7.00 7.00 7.25 6.79
deductions:

name: Hiroaki SATO
rank: 10
startingNbr: 2
elements:
	4T	9.5	-4.61		-5.0 -5.0 -4.0 -5.0 -5.0 -5.0 -4.0 -5.0 -5.0
	3A	8.0	-2.51		-4.0 -4.0 -4.0 -3.0 -3.0 -2.0 -2.0 -3.0 -3.0
	FCSp4	3.2	0.32		-1.0 0.0 1.0 0.0 2.0 1.0 2.0 2.0 1.0
	3Lz+2T	0.76	2.0	7.92 X	-1.0 1.0 0.0 2.0 3.0 1.0 1.0 2.0
	StSq3	3.3	0.52		1.0 1.0 2.0 1.0 3.0 1.0 2.0 2.0 2.0
	CSSp4	3.0	0.56		0.0 2.0 3.0 1.0 2.0 3.0 2.0 1.0 2.0
	CCoSp4	3.5	0.85		1.0 2.0 2.0 1.0 2.0 4.0 3.0 4.0 3.0
program components:
	Skating Skills	1.00 7.25 6.25 7.00 7.00 7.00 7.25 7.50 7.00 7.25 7.11
	Transitions	1.00 6.75 6.75 6.00 6.50 6.00 7.00 7.25 6.75 6.50 6.61
	Performance	1.00 6.75 6.25 6.25 6.50 6.50 7.25 7.25 7.00 6.75 6.71
	Composition	1.00 6.75 6.50 6.50 6.50 6.25 7.25 7.50 7.25 7.00 6.82
	Interpretation of the Music	1.00 6.75 6.50 6.25 7.00 6.50 7.25 7.50 7.00 6.75 6.82
deductions:
	falls: 1

name: June Hyoung LEE
rank: 11
startingNbr: 6
elements:
	3A	8.0	-4.0		-5.0 -5.0 -5.0 -5.0 -5.0 -5.0 -5.0 -5.0 -5.0
	3Lo	4.9	-2.45		-5.0 -5.0 -5.0 -5.0 -5.0 -5.0 -5.0 -5.0 -5.0
	FCSp4	3.2	0.32		0.0 1.0 1.0 2.0 2.0 1.0 0.0 1.0 1.0
	3F+3T	1.06	3.0	10.45 X	1.0 2.0 2.0 3.0 2.0 1.0 2.0 2.0
	CSSp4	3.0	0.26		0.0 1.0 1.0 -1.0 1.0 1.0 1.0 1.0 1.0
	StSq4	3.9	1.0		3.0 1.0 4.0 2.0 3.0 3.0 2.0 2.0 3.0
	CCoSp4	3.5	0.55		1.0 2.0 2.0 1.0 2.0 2.0 1.0 1.0 2.0
program components:
	Skating Skills	1.00 7.50 6.25 7.00 7.25 7.00 7.00 6.75 7.00 7.25 7.04
	Transitions	1.00 7.50 6.00 7.00 7.00 6.25 6.50 6.50 6.75 7.00 6.71
	Performance	1.00 7.25 5.75 7.00 6.75 6.75 6.50 6.75 6.50 6.50 6.68
	Composition	1.00 7.75 6.00 7.50 7.50 6.25 6.75 7.00 7.00 7.25 7.04
	Interpretation of the Music	1.00 7.75 6.00 7.25 7.75 6.50 6.75 7.00 6.75 7.00 7.00
deductions:
	falls: 2

name: Kevin REYNOLDS
rank: 12
startingNbr: 4
elements:
	4S<+3T	-1.56	-3.0	< 11.48	-2.0 -2.0 -2.0 -1.0 -3.0 -2.0 -2.0 -2.0
	3T*	0.0		* 0.00	0.0 0.0 0.0 0.0 0.0 0.0 0.0 0.0 0.0
	3A<<	-1.6	-5.0	<< 3.30	-5.0 -5.0 -4.0 -5.0 -5.0 -5.0 -4.0 -5.0
	StSq2	2.6	0.63		2.0 3.0 2.0 1.0 3.0 3.0 2.0 3.0 2.0
	FUSp4	2.9	0.5		3.0 0.0 2.0 1.0 3.0 2.0 1.0 1.0 2.0
	CCSp4	3.2	0.18		-1.0 0.0 0.0 0.0 2.0 1.0 0.0 2.0 1.0
	CCoSp3	3.0	0.86		3.0 3.0 2.0 2.0 3.0 3.0 2.0 4.0 4.0
program components:
	Skating Skills	1.00 7.25 7.50 6.50 7.00 7.25 7.25 7.25 7.25 7.00 7.18
	Transitions	1.00 7.75 7.50 6.25 6.25 6.75 7.00 7.00 7.00 6.75 6.89
	Performance	1.00 7.25 7.25 6.50 6.50 7.50 7.25 7.25 7.00 6.75 7.04
	Composition	1.00 7.75 7.50 7.00 7.00 7.25 7.25 7.25 7.50 7.00 7.25
	Interpretation of the Music	1.00 7.50 7.50 6.75 6.50 7.50 7.50 7.25 7.50 7.00 7.29
deductions:

