event name: GPJPN2018 NHK Trophy
event type: MEN FREE SKATING
name: Shoma UNO
rank: 1
startingNbr: 11
elements:
	4S<	-0.63	-1.0	< 7.28	-2.0 1.0 -1.0 -1.0 0.0 -2.0 -1.0 0.0
	4F	11.0	2.83		2.0 3.0 2.0 3.0 2.0 2.0 3.0 3.0 4.0
	4T	9.5	3.39		3.0 3.0 4.0 3.0 3.0 3.0 4.0 5.0 5.0
	FCSp4	3.2	1.1		2.0 4.0 3.0 4.0 3.0 3.0 3.0 4.0 4.0
	FCCoSp3	3.0	1.07		3.0 4.0 3.0 5.0 3.0 3.0 4.0 4.0 4.0
	ChSq1	3.0	1.64		4.0 3.0 3.0 5.0 3.0 4.0 4.0 2.0 2.0
	4T+REP	6.65	-2.44		-4.0 -2.0 -2.0 -3.0 -4.0 -2.0 -3.0 -2.0 -1.0
	3A	3.54	3.0	8.80 X	5.0 5.0 5.0 4.0 3.0 4.0 5.0 5.0
	3A+1Eu+3F	2.17	1.0	15.18 X	4.0 3.0 3.0 3.0 3.0 2.0 2.0 3.0
	3S	-1.17	-3.0	4.73 X	-2.0 -3.0 -3.0 -4.0 -3.0 -3.0 -2.0 -2.0
	StSq4	3.9	1.34		4.0 4.0 3.0 5.0 3.0 4.0 3.0 3.0 3.0
	CCoSp4	3.5	1.6		4.0 4.0 5.0 5.0 3.0 4.0 5.0 5.0 5.0
program components:
	Skating Skills	2.00 8.50 9.25 9.25 9.25 9.25 9.25 9.00 9.25 9.25 9.21
	Transitions	2.00 8.50 9.00 8.75 9.50 9.00 9.00 8.75 8.75 8.75 8.86
	Performance	2.00 8.25 8.75 8.50 9.00 8.75 9.25 9.25 8.75 8.75 8.82
	Composition	2.00 8.75 9.00 9.00 9.50 9.25 9.25 9.00 9.00 9.25 9.11
	Interpretation of the Music	2.00 8.50 9.00 8.75 9.00 8.75 9.25 8.75 9.00 9.00 8.89
deductions:

name: Sergei VORONOV
rank: 2
startingNbr: 12
elements:
	4T	9.5	2.99		4.0 3.0 2.0 3.0 3.0 3.0 3.0 3.0 4.0
	3Lo	4.9	1.19		3.0 2.0 2.0 3.0 3.0 3.0 1.0 2.0 2.0
	3T+1Eu+3S	9.0	-1.04		-3.0 -2.0 -2.0 -2.0 -3.0 -3.0 -3.0 -2.0 -1.0
	2A	3.3	0.8		3.0 2.0 3.0 3.0 2.0 1.0 2.0 2.0 3.0
	ChSq1	3.0	0.86		2.0 1.0 1.0 2.0 2.0 3.0 1.0 2.0 2.0
	3A	1.03	1.0	8.80 X	1.0 1.0 2.0 0.0 2.0 1.0 2.0 1.0
	3A+2T	1.71	2.0	10.23 X	2.0 2.0 2.0 3.0 2.0 1.0 3.0 2.0
	3Lz+2T	0.67	1.0	7.92 X	2.0 1.0 1.0 2.0 1.0 0.0 1.0 1.0
	FCSp4	3.2	0.96		3.0 1.0 3.0 3.0 3.0 3.0 3.0 3.0 3.0
	StSq3	3.3	0.71		1.0 2.0 2.0 3.0 2.0 2.0 1.0 3.0 3.0
	CCoSp4	3.5	0.9		2.0 2.0 2.0 3.0 2.0 3.0 3.0 4.0 3.0
	CSSp3	2.6	0.52		2.0 1.0 3.0 2.0 2.0 2.0 2.0 2.0 2.0
program components:
	Skating Skills	2.00 8.50 8.00 8.50 8.75 8.50 8.50 8.50 8.50 8.25 8.46
	Transitions	2.00 6.25 7.50 7.75 8.25 8.00 8.00 8.25 8.00 8.00 7.93
	Performance	2.00 8.00 7.50 8.00 8.50 8.25 8.75 8.50 8.50 8.25 8.29
	Composition	2.00 7.50 7.50 8.25 8.75 8.50 8.50 8.50 8.50 8.25 8.29
	Interpretation of the Music	2.00 7.50 7.75 8.00 8.50 8.25 8.75 8.50 8.25 8.25 8.21
deductions:

name: Matteo RIZZO
rank: 3
startingNbr: 8
elements:
	4T<	-3.57	-5.0	< 7.13	-5.0 -5.0 -5.0 -5.0 -5.0 -5.0 -5.0 -5.0
	3A+2T	9.3	1.83		2.0 3.0 2.0 3.0 3.0 2.0 2.0 2.0 2.0
	3Lz+3T	10.1	-0.76		-2.0 -2.0 0.0 -1.0 -2.0 0.0 0.0 -2.0 -2.0
	3Lo	4.9	1.05		2.0 1.0 2.0 4.0 2.0 3.0 2.0 2.0 2.0
	CCSp3	2.8	0.72		2.0 3.0 3.0 4.0 2.0 3.0 3.0 1.0 2.0
	ChSq1	3.0	0.86		0.0 3.0 2.0 3.0 2.0 4.0 1.0 0.0 1.0
	3A<	-0.94	-2.0	< 6.60 X	-2.0 0.0 -1.0 -2.0 -1.0 -2.0 -2.0 -1.0
	3F+1Eu<+2S	-0.3	-1.0	< 7.68 X	0.0 0.0 0.0 -2.0 -1.0 -1.0 -1.0 0.0
	3Lz	0.34	1.0	6.49 X	1.0 0.0 3.0 1.0 0.0 0.0 0.0 1.0
	FSSp3	2.6	0.45		1.0 2.0 2.0 4.0 2.0 3.0 1.0 1.0 1.0
	StSq4	3.9	1.39		3.0 3.0 4.0 5.0 2.0 4.0 4.0 4.0 3.0
	CCoSp4	3.5	1.0		1.0 3.0 3.0 4.0 3.0 4.0 2.0 3.0 2.0
program components:
	Skating Skills	2.00 8.00 8.25 7.50 8.25 8.00 8.25 7.75 8.00 7.75 8.00
	Transitions	2.00 7.25 7.75 7.50 8.50 7.50 8.00 7.75 7.50 7.50 7.64
	Performance	2.00 8.00 7.75 8.00 8.00 7.25 8.50 7.75 7.75 7.50 7.82
	Composition	2.00 7.50 7.75 8.00 8.25 7.75 8.50 8.00 8.00 7.75 7.93
	Interpretation of the Music	2.00 7.50 8.00 8.25 8.50 7.50 8.50 8.00 7.75 7.50 7.93
deductions:
	falls: 1

name: Vincent ZHOU
rank: 4
startingNbr: 7
elements:
	2Lz	2.1	-0.06		0.0 -3.0 0.0 0.0 -1.0 0.0 0.0 0.0 -1.0
	4S<+3T	-0.94	-1.0	< 11.48	-3.0 0.0 -2.0 -2.0 -1.0 -1.0 -1.0 -1.0
	3A+2T	9.3	1.03		0.0 1.0 2.0 1.0 3.0 1.0 1.0 2.0 1.0
	FCSp3	2.8	0.16		0.0 1.0 1.0 0.0 2.0 1.0 1.0 0.0 0.0
	ChSq1	3.0	1.07		2.0 2.0 3.0 2.0 2.0 3.0 2.0 2.0 1.0
	3A	8.0	1.71		2.0 2.0 3.0 2.0 2.0 2.0 1.0 3.0 2.0
	4Lz<	-2.47	-3.0	< 9.49 X	-3.0 -3.0 -2.0 -3.0 -4.0 -3.0 -3.0 -2.0
	3F	0.76	0.0	5.83 X	2.0 3.0 0.0 2.0 1.0 1.0 2.0 2.0
	FCCoSp4	3.5	0.55		1.0 2.0 2.0 2.0 2.0 2.0 1.0 1.0 1.0
	3Lz+1Eu<+3S<	-2.02	-2.0	< 10.46 X	-4.0 -4.0 -2.0 -3.0 -5.0 -4.0 -4.0 -3.0
	StSq2	2.6	0.52		2.0 2.0 3.0 2.0 2.0 2.0 2.0 2.0 1.0
	CSSp3	2.6	0.19		-1.0 2.0 1.0 1.0 1.0 1.0 1.0 0.0 0.0
program components:
	Skating Skills	2.00 7.50 7.25 7.75 7.75 7.75 7.75 7.75 7.75 7.75 7.71
	Transitions	2.00 7.25 7.00 7.50 7.25 7.25 7.50 7.50 7.25 7.50 7.36
	Performance	2.00 7.25 7.25 7.75 7.50 7.75 7.50 7.75 7.50 7.75 7.57
	Composition	2.00 7.50 7.25 8.00 7.75 7.50 7.75 8.00 7.75 7.50 7.68
	Interpretation of the Music	2.00 7.25 7.50 8.00 7.50 7.75 8.00 7.75 7.25 7.50 7.61
deductions:

name: Sota YAMAMOTO
rank: 5
startingNbr: 9
elements:
	1A	1.1	-0.05		0.0 -2.0 -1.0 0.0 0.0 -1.0 0.0 0.0 -1.0
	3A	8.0	1.83		2.0 3.0 3.0 2.0 3.0 3.0 1.0 2.0 0.0
	3Lz!+3T	0.0	1.0	! 10.10	-1.0 0.0 0.0 0.0 1.0 0.0 -1.0 0.0
	StSq3	3.3	0.66		3.0 2.0 2.0 2.0 2.0 2.0 2.0 2.0 2.0
	FCSSp3	2.6	0.78		4.0 3.0 3.0 3.0 3.0 3.0 3.0 3.0 2.0
	3Lze	-0.76	-2.0	e 4.43	-2.0 -1.0 -2.0 -2.0 -1.0 -3.0 -2.0 0.0
	3F	1.14	2.0	5.83 X	2.0 3.0 1.0 2.0 2.0 3.0 2.0 2.0
	3Lo+2T	0.63	0.0	6.82 X	2.0 2.0 0.0 2.0 2.0 1.0 1.0 1.0
	FCCoSp3	3.0	0.13		0.0 2.0 -2.0 0.0 2.0 -1.0 1.0 0.0 1.0
	2A+1Eu+1S	0.19	1.0	4.62 X	0.0 1.0 0.0 1.0 1.0 0.0 1.0 0.0
	ChSq1	3.0	1.14		3.0 2.0 2.0 2.0 3.0 3.0 2.0 2.0 2.0
	CCoSp4	3.5	0.65		1.0 2.0 2.0 2.0 2.0 2.0 2.0 2.0 1.0
program components:
	Skating Skills	2.00 8.50 7.75 8.00 7.50 7.50 8.00 7.75 7.50 7.75 7.75
	Transitions	2.00 7.75 7.50 7.50 7.50 7.25 7.75 7.50 7.25 7.25 7.46
	Performance	2.00 7.75 7.75 7.75 7.25 7.00 7.75 7.50 7.25 7.25 7.50
	Composition	2.00 7.75 7.50 8.25 7.75 6.75 8.00 7.50 7.50 7.50 7.64
	Interpretation of the Music	2.00 7.50 7.75 8.00 7.50 7.00 8.00 7.25 7.50 7.25 7.54
deductions:

name: Dmitri ALIEV
rank: 6
startingNbr: 10
elements:
	2T	1.3	0.0		0.0 -1.0 -1.0 0.0 0.0 0.0 0.0 1.0 1.0
	2T	1.3	-0.45		-4.0 -4.0 -3.0 -4.0 -4.0 -3.0 -4.0 -2.0 -2.0
	3A	8.0	2.29		2.0 3.0 3.0 3.0 3.0 3.0 2.0 4.0 3.0
	3F	5.3	1.36		3.0 2.0 2.0 2.0 2.0 3.0 3.0 3.0 3.0
	FCSp3	2.8	0.6		0.0 3.0 3.0 2.0 2.0 2.0 2.0 2.0 2.0
	ChSq1	3.0	1.21		5.0 2.0 2.0 3.0 2.0 3.0 3.0 2.0 2.0
	3Lz+1Eu+3S	0.42	0.0	11.77 X	2.0 0.0 0.0 1.0 -1.0 1.0 2.0 1.0
	3Lo	0.77	0.0	5.39 X	2.0 2.0 0.0 2.0 1.0 2.0 2.0 2.0
	1Lz	-0.01	-1.0	0.66 X	0.0 -2.0 0.0 0.0 0.0 0.0 0.0 0.0
	CCoSp3	3.0	0.56		1.0 2.0 2.0 2.0 2.0 2.0 1.0 2.0 2.0
	StSq4	3.9	1.23		4.0 3.0 3.0 4.0 3.0 3.0 3.0 3.0 3.0
	CSSp3	2.6	0.52		1.0 3.0 3.0 2.0 2.0 1.0 2.0 2.0 2.0
program components:
	Skating Skills	2.00 8.25 8.00 8.25 8.25 8.00 8.50 8.25 8.25 8.25 8.21
	Transitions	2.00 8.25 7.75 8.00 8.25 7.00 8.25 7.75 7.75 8.00 7.96
	Performance	2.00 7.75 8.25 8.00 7.75 7.50 8.50 7.75 7.75 7.75 7.86
	Composition	2.00 8.50 8.25 8.00 8.25 7.75 8.50 8.00 8.25 8.25 8.21
	Interpretation of the Music	2.00 8.25 8.25 8.25 8.25 7.75 8.50 8.25 8.00 8.00 8.18
deductions:

name: Alexander JOHNSON
rank: 7
startingNbr: 5
elements:
	3A<	-2.23	-4.0	< 6.00	-4.0 -2.0 -4.0 -3.0 -3.0 -4.0 -4.0 -4.0
	2A	3.3	0.19		0.0 0.0 1.0 1.0 2.0 1.0 0.0 1.0 0.0
	3Lz+1Eu<+3F<	-1.94	-3.0	< 10.26	-4.0 -3.0 -2.0 -3.0 -5.0 -3.0 -4.0 -3.0
	StSq3	3.3	0.9		3.0 2.0 3.0 3.0 3.0 4.0 2.0 3.0 2.0
	CCSp3	2.8	0.76		2.0 2.0 4.0 4.0 2.0 3.0 2.0 3.0 3.0
	2Lo	1.7	0.05		1.0 1.0 0.0 0.0 0.0 0.0 1.0 0.0 0.0
	2A+3T	0.72	1.0	8.25 X	2.0 2.0 2.0 2.0 1.0 1.0 2.0 2.0
	3F<	-0.69	-1.0	< 4.38 X	-2.0 0.0 -2.0 -2.0 -2.0 -2.0 -2.0 -1.0
	3S	0.12	0.0	4.73 X	2.0 1.0 1.0 0.0 0.0 0.0 0.0 0.0
	FSSp4	3.0	0.64		2.0 2.0 3.0 2.0 2.0 3.0 2.0 2.0 1.0
	ChSq1	3.0	1.43		3.0 3.0 3.0 3.0 2.0 4.0 3.0 3.0 2.0
	CCoSp4	3.5	1.05		3.0 2.0 4.0 5.0 3.0 3.0 3.0 3.0 2.0
program components:
	Skating Skills	2.00 7.25 6.75 7.50 7.50 7.00 7.50 7.00 7.25 7.25 7.25
	Transitions	2.00 7.75 6.50 7.00 7.25 6.00 7.25 7.00 7.00 7.00 7.00
	Performance	2.00 7.50 6.50 7.75 7.75 6.50 7.50 7.25 7.00 7.25 7.25
	Composition	2.00 7.75 6.50 8.00 7.75 6.75 7.50 7.25 7.25 7.25 7.36
	Interpretation of the Music	2.00 8.00 6.75 8.00 8.25 6.50 7.75 7.25 7.00 7.00 7.39
deductions:

name: Deniss VASILJEVS
rank: 8
startingNbr: 6
elements:
	4T<<	-1.98	-5.0	<< 4.20	-5.0 -5.0 -4.0 -4.0 -5.0 -5.0 -4.0 -5.0
	3A+2T	9.3	0.91		-1.0 1.0 1.0 1.0 2.0 1.0 2.0 1.0 1.0
	3Lo	4.9	-2.45		-5.0 -5.0 -5.0 -5.0 -5.0 -5.0 -5.0 -5.0 -5.0
	ChSq1	3.0	2.14		5.0 4.0 4.0 4.0 3.0 4.0 4.0 5.0 5.0
	FCSp3	2.8	0.48		1.0 2.0 4.0 1.0 3.0 2.0 1.0 1.0 2.0
	3A<	-2.31	-4.0	< 6.00	-5.0 -4.0 -3.0 -2.0 -5.0 -5.0 -3.0 -3.0
	3Lz+1Eu+2S	0.42	1.0	8.47 X	1.0 1.0 0.0 1.0 -1.0 0.0 1.0 2.0
	1F	-0.1	-3.0	0.55 X	-2.0 -3.0 -2.0 -2.0 -2.0 -1.0 0.0 -2.0
	2Lz	0.06	0.0	2.31 X	-1.0 1.0 0.0 0.0 0.0 1.0 1.0 0.0
	CCoSp3	3.0	0.94		1.0 4.0 3.0 3.0 3.0 3.0 3.0 4.0 3.0
	StSq2	2.6	0.85		3.0 4.0 3.0 3.0 3.0 3.0 5.0 4.0 3.0
	FCCoSp3	3.0	0.9		2.0 3.0 3.0 3.0 3.0 3.0 3.0 3.0 3.0
program components:
	Skating Skills	2.00 7.00 7.75 7.25 7.75 7.50 7.50 8.00 7.75 7.75 7.61
	Transitions	2.00 7.25 7.50 7.00 7.25 7.00 7.50 8.00 7.50 7.50 7.36
	Performance	2.00 7.25 7.25 7.25 7.50 7.25 7.75 8.00 7.75 7.75 7.50
	Composition	2.00 7.75 8.00 7.00 7.75 7.75 8.00 8.50 8.25 8.00 7.93
	Interpretation of the Music	2.00 7.50 7.50 7.50 7.75 7.50 8.00 8.50 8.00 7.75 7.71
deductions:
	falls: 1

name: June Hyoung LEE
rank: 9
startingNbr: 1
elements:
	3A+2T	9.3	1.26		0.0 2.0 2.0 2.0 2.0 2.0 1.0 1.0 1.0
	3A<	-3.0	-5.0	< 6.00	-5.0 -5.0 -5.0 -5.0 -5.0 -5.0 -5.0 -5.0
	3F	5.3	0.53		-1.0 2.0 1.0 1.0 1.0 3.0 1.0 0.0 1.0
	CSSp3	2.6	0.07		-1.0 0.0 1.0 0.0 0.0 2.0 0.0 0.0 1.0
	ChSq1	3.0	0.71		2.0 2.0 2.0 1.0 2.0 4.0 1.0 0.0 0.0
	3F+3T	9.5	1.21		2.0 2.0 3.0 1.0 2.0 3.0 2.0 2.0 3.0
	3S	-0.43	-1.0	4.73 X	-1.0 -1.0 -1.0 -1.0 -1.0 -1.0 -1.0 -1.0
	3Lze	-0.95	-3.0	e 4.87 X	-3.0 -1.0 -2.0 -3.0 -1.0 -3.0 -2.0 -1.0
	2Lo	-0.85	-5.0	1.87 X	-5.0 -5.0 -5.0 -5.0 -5.0 -5.0 -5.0 -5.0
	FCSp4	3.2	0.14		0.0 1.0 0.0 0.0 1.0 1.0 0.0 1.0 0.0
	StSq3	3.3	0.71		2.0 2.0 3.0 2.0 2.0 3.0 2.0 2.0 1.0
	CCoSp4	3.5	0.45		1.0 2.0 3.0 1.0 1.0 2.0 1.0 1.0 1.0
program components:
	Skating Skills	2.00 7.25 7.00 7.25 7.25 6.50 7.25 6.75 7.00 6.75 7.04
	Transitions	2.00 6.50 6.50 6.50 6.25 6.00 7.00 6.25 6.25 6.25 6.36
	Performance	2.00 6.50 6.75 6.75 6.75 6.00 7.25 6.50 6.50 6.25 6.57
	Composition	2.00 7.00 6.75 7.00 7.25 6.25 7.50 6.75 6.75 6.50 6.86
	Interpretation of the Music	2.00 7.25 6.75 6.75 7.00 6.25 7.50 6.50 6.50 6.25 6.71
deductions:
	falls: 2

name: Kevin REYNOLDS
rank: 10
startingNbr: 2
elements:
	4S<	-1.56	-1.0	< 7.28	-2.0 -2.0 -2.0 -2.0 -2.0 -2.0 -3.0 -3.0
	4T<+3T	-1.02	-1.0	< 11.33	-3.0 0.0 -2.0 -2.0 -1.0 -2.0 -1.0 -1.0
	2A	3.3	0.52		2.0 2.0 2.0 2.0 1.0 1.0 2.0 1.0 1.0
	2T	1.3	0.11		1.0 1.0 1.0 0.0 1.0 1.0 0.0 1.0 1.0
	StSq2	2.6	0.71		3.0 3.0 3.0 2.0 3.0 3.0 2.0 3.0 2.0
	FCCoSp3	3.0	0.6		2.0 2.0 2.0 2.0 2.0 2.0 2.0 2.0 1.0
	3F	-2.65	-5.0	5.83 X	-5.0 -5.0 -5.0 -5.0 -5.0 -5.0 -5.0 -5.0
	3Lz<e	-1.72	-5.0	e 3.89 X	-5.0 -5.0 -5.0 -4.0 -5.0 -5.0 -5.0 -4.0
	3S	0.61	0.0	4.73 X	2.0 2.0 0.0 1.0 1.0 2.0 2.0 2.0
	ChSq1	3.0	1.43		4.0 3.0 3.0 2.0 3.0 3.0 3.0 3.0 2.0
	CCSp2	2.3	0.33		0.0 2.0 2.0 1.0 1.0 2.0 2.0 1.0 1.0
	CCoSp4	3.5	1.05		3.0 3.0 4.0 3.0 3.0 3.0 3.0 2.0 3.0
program components:
	Skating Skills	2.00 7.50 7.75 6.50 7.25 7.00 7.25 7.25 7.25 7.00 7.21
	Transitions	2.00 7.50 7.75 6.00 6.75 7.00 7.00 7.25 7.00 6.75 7.04
	Performance	2.00 7.00 7.50 6.50 7.00 7.50 7.25 7.50 7.25 6.50 7.14
	Composition	2.00 8.00 7.50 7.00 7.50 7.25 7.25 7.25 7.50 6.75 7.32
	Interpretation of the Music	2.00 7.75 7.75 6.75 7.25 7.50 7.25 7.50 7.25 6.50 7.32
deductions:
	falls: 1

name: Hiroaki SATO
rank: 11
startingNbr: 3
elements:
	4T	9.5	2.85		3.0 3.0 4.0 3.0 3.0 3.0 2.0 3.0 3.0
	3A+2T	9.3	1.94		1.0 3.0 3.0 2.0 2.0 3.0 3.0 2.0 2.0
	3Lze+2T	-0.82	-2.0	e 5.73	-2.0 0.0 -2.0 -3.0 -1.0 -3.0 -2.0 -1.0
	FSp	0.0	0.0		0.0 0.0 0.0 0.0 0.0 0.0 0.0 0.0 0.0
	StSq2	2.6	0.56		2.0 2.0 2.0 3.0 2.0 2.0 3.0 1.0 2.0
	3A	8.0	-4.0		-5.0 -5.0 -5.0 -5.0 -5.0 -5.0 -5.0 -5.0 -5.0
	CSSp2	2.3	0.3		0.0 2.0 2.0 1.0 1.0 2.0 1.0 1.0 1.0
	3Lze	-2.22	-5.0	e 4.87 X	-5.0 -5.0 -5.0 -5.0 -5.0 -5.0 -5.0 -5.0
	2F	0.15	1.0	1.98 X	0.0 2.0 0.0 1.0 1.0 1.0 1.0 1.0
	ChSq1	3.0	0.57		1.0 1.0 0.0 2.0 1.0 2.0 3.0 0.0 1.0
	3S	-2.15	-5.0	4.73 X	-5.0 -5.0 -5.0 -5.0 -5.0 -5.0 -5.0 -5.0
	CCoSp4	3.5	0.75		2.0 3.0 2.0 3.0 1.0 2.0 3.0 2.0 1.0
program components:
	Skating Skills	2.00 7.50 6.50 7.50 7.75 6.75 7.25 7.75 7.25 6.75 7.25
	Transitions	2.00 6.75 6.50 6.50 6.75 6.00 7.00 7.00 6.25 6.50 6.61
	Performance	2.00 6.25 6.50 7.00 7.25 6.25 7.00 7.25 6.50 6.25 6.68
	Composition	2.00 7.00 6.25 7.25 7.25 6.50 7.25 7.50 6.50 6.75 6.93
	Interpretation of the Music	2.00 6.75 6.50 6.75 7.75 6.25 7.00 7.25 6.25 6.50 6.71
deductions:
	falls: 3

name: Yaroslav PANIOT
rank: 12
startingNbr: 4
elements:
	4F<	-3.89	-5.0	< 8.25	-5.0 -5.0 -5.0 -4.0 -5.0 -5.0 -4.0 -4.0
	4T+2T	10.8	1.63		0.0 2.0 2.0 2.0 2.0 2.0 0.0 2.0 2.0
	2A	3.3	-0.71		-4.0 -3.0 -3.0 -2.0 -2.0 -2.0 -1.0 -1.0 -2.0
	FCSp4	3.2	0.37		-1.0 1.0 2.0 2.0 1.0 1.0 1.0 1.0 1.0
	StSq2	2.6	0.37		0.0 1.0 1.0 2.0 2.0 2.0 1.0 2.0 1.0
	2T	1.3	-0.04		0.0 -2.0 -2.0 0.0 1.0 0.0 0.0 1.0 -1.0
	3Lz	-2.95	-5.0	6.49 X	-5.0 -5.0 -5.0 -5.0 -5.0 -5.0 -5.0 -5.0
	ChSq1	3.0	0.07		0.0 -1.0 0.0 1.0 0.0 2.0 -1.0 1.0 0.0
	2Lz	-0.24	-1.0	2.31 X	-2.0 -3.0 -1.0 -2.0 0.0 -1.0 0.0 -1.0
	CSSp2	2.3	0.2		-2.0 1.0 1.0 2.0 1.0 2.0 0.0 0.0 1.0
	2Lo	-0.05	0.0	1.87 X	-1.0 -1.0 0.0 0.0 0.0 0.0 0.0 -1.0
	CCoSp2V	1.88	0.27		1.0 1.0 2.0 2.0 1.0 2.0 1.0 2.0 1.0
program components:
	Skating Skills	2.00 6.50 6.00 6.75 7.50 6.75 7.50 7.00 7.25 7.25 7.00
	Transitions	2.00 5.00 5.75 5.75 6.75 6.00 7.00 5.50 6.75 6.75 6.18
	Performance	2.00 5.25 5.75 6.00 6.75 6.25 7.25 6.00 6.50 6.50 6.25
	Composition	2.00 6.25 5.50 6.50 7.25 6.50 7.25 6.50 6.75 6.75 6.64
	Interpretation of the Music	2.00 5.00 5.50 5.75 7.25 6.25 7.25 6.00 6.50 6.75 6.29
deductions:
	falls: 1
	time violation: -1.00

