event name: GPJPN2018 NHK Trophy
event type: LADIES FREE SKATING
name: Rika KIHIRA
rank: 1
startingNbr: 8
elements:
	3A+3T	12.2	2.63		4.0 3.0 4.0 3.0 3.0 3.0 5.0 3.0 3.0
	3A	8.0	3.09		3.0 4.0 4.0 4.0 4.0 3.0 5.0 4.0 4.0
	3Lo	4.9	1.54		3.0 3.0 2.0 3.0 4.0 3.0 4.0 3.0 3.0
	CCoSp4	3.5	1.3		2.0 4.0 4.0 3.0 4.0 4.0 4.0 4.0 3.0
	StSq4	3.9	1.17		3.0 2.0 3.0 3.0 5.0 3.0 3.0 3.0 3.0
	3Lz+2T	7.2	1.69		2.0 3.0 2.0 3.0 3.0 3.0 3.0 3.0 3.0
	3F	1.59	3.0	5.83 X	3.0 2.0 3.0 3.0 3.0 3.0 4.0 3.0
	LSp4	2.7	0.93		3.0 4.0 3.0 4.0 4.0 4.0 3.0 3.0 3.0
	3Lz+2T+2Lo	1.26	2.0	9.79 X	2.0 2.0 1.0 3.0 3.0 2.0 2.0 2.0
	FSSp4	3.0	0.69		2.0 2.0 1.0 2.0 3.0 3.0 3.0 2.0 2.0
	ChSq1	3.0	1.36		3.0 2.0 3.0 2.0 3.0 4.0 3.0 2.0 3.0
	3S	1.17	3.0	4.73 X	2.0 1.0 3.0 4.0 3.0 3.0 3.0 2.0
program components:
	Skating Skills	1.60 8.50 8.25 8.25 8.75 8.50 8.50 8.25 9.00 8.75 8.50
	Transitions	1.60 8.00 7.75 8.00 8.25 8.50 8.75 8.00 8.50 8.50 8.25
	Performance	1.60 8.50 7.75 8.50 8.75 8.75 8.50 8.25 8.50 8.50 8.50
	Composition	1.60 8.25 8.25 8.00 8.75 8.75 8.75 8.25 9.00 8.75 8.54
	Interpretation of the Music	1.60 8.25 8.50 8.25 8.50 8.75 8.50 8.25 8.50 8.50 8.43
deductions:

name: Satoko MIYAHARA
rank: 2
startingNbr: 12
elements:
	3S	4.3	1.11		4.0 2.0 2.0 3.0 2.0 2.0 3.0 3.0 3.0
	3Lz!+3T	0.67	2.0	! 10.10	1.0 1.0 1.0 2.0 1.0 -1.0 1.0 1.0
	CCoSp4	3.5	1.3		4.0 4.0 4.0 4.0 3.0 3.0 4.0 3.0 4.0
	3Lo	4.9	1.4		3.0 3.0 2.0 3.0 4.0 3.0 2.0 3.0 3.0
	FCSp4	3.2	1.1		4.0 3.0 3.0 3.0 3.0 4.0 3.0 4.0 4.0
	StSq3	3.3	1.18		4.0 3.0 4.0 3.0 5.0 3.0 4.0 3.0 4.0
	3Lz!	0.42	2.0	! 5.90	1.0 -1.0 1.0 1.0 1.0 -1.0 1.0 1.0
	2A<+3T	-0.18	-1.0	< 7.35 X	0.0 -1.0 -1.0 1.0 0.0 -1.0 0.0 0.0
	ChSq1	3.0	2.0		4.0 3.0 4.0 4.0 4.0 4.0 4.0 4.0 4.0
	3F+2T+2Lo<	0.23	0.0	< 8.67 X	1.0 0.0 1.0 1.0 1.0 0.0 0.0 0.0
	2A	0.8	3.0	3.63 X	2.0 1.0 2.0 3.0 3.0 2.0 2.0 3.0
	LSp4	2.7	1.31		5.0 5.0 5.0 5.0 5.0 5.0 4.0 5.0 4.0
program components:
	Skating Skills	1.60 9.25 8.75 9.00 9.00 9.00 8.75 8.75 8.50 8.75 8.86
	Transitions	1.60 9.00 8.75 9.25 8.50 9.00 8.50 8.50 8.75 8.75 8.75
	Performance	1.60 9.25 9.00 9.25 9.00 8.75 8.75 9.00 9.25 9.00 9.04
	Composition	1.60 9.25 9.00 9.00 8.50 9.25 8.50 9.00 9.25 9.00 9.00
	Interpretation of the Music	1.60 9.00 9.25 9.25 8.50 9.25 8.50 9.00 9.25 9.00 9.04
deductions:

name: Elizaveta TUKTAMYSHEVA
rank: 3
startingNbr: 11
elements:
	3A	8.0	-0.34		-1.0 1.0 -2.0 0.0 -1.0 -1.0 0.0 1.0 -1.0
	3Lz+3T	10.1	1.85		3.0 3.0 2.0 3.0 3.0 4.0 3.0 4.0 3.0
	3Lz	5.9	1.69		2.0 3.0 2.0 3.0 3.0 4.0 3.0 3.0 3.0
	LSp4	2.7	0.69		4.0 3.0 2.0 2.0 2.0 3.0 2.0 3.0 3.0
	StSq4	3.9	1.11		3.0 3.0 3.0 2.0 3.0 3.0 3.0 3.0 2.0
	2A+3T	7.5	1.38		3.0 3.0 2.0 4.0 3.0 4.0 3.0 4.0 3.0
	3Lo	1.26	2.0	5.39 X	3.0 1.0 3.0 3.0 3.0 2.0 2.0 3.0
	3S	0.74	3.0	4.73 X	2.0 0.0 2.0 2.0 3.0 0.0 2.0 1.0
	ChSq1	3.0	1.57		4.0 4.0 2.0 2.0 3.0 3.0 5.0 3.0 3.0
	2A+2T+2Lo	0.47	3.0	6.93 X	2.0 0.0 3.0 2.0 1.0 1.0 1.0 0.0
	FSSp3	2.6	0.59		3.0 3.0 1.0 2.0 2.0 2.0 3.0 2.0 2.0
	CCoSp4	3.5	0.95		3.0 4.0 2.0 1.0 2.0 3.0 4.0 3.0 2.0
program components:
	Skating Skills	1.60 8.25 8.50 7.75 8.00 8.00 8.50 8.50 8.50 8.50 8.32
	Transitions	1.60 7.75 8.50 7.50 8.25 7.50 7.75 8.00 7.25 8.25 7.86
	Performance	1.60 8.50 9.00 8.25 8.50 8.25 8.00 8.75 8.50 8.75 8.50
	Composition	1.60 8.25 8.75 8.00 8.50 8.25 8.50 8.75 8.00 8.75 8.43
	Interpretation of the Music	1.60 8.50 9.00 8.25 8.25 8.50 8.75 8.75 8.50 8.50 8.54
deductions:

name: Mariah BELL
rank: 4
startingNbr: 4
elements:
	2A+3T	7.5	1.26		3.0 3.0 2.0 3.0 3.0 4.0 3.0 3.0 3.0
	3Lo	4.9	0.77		2.0 3.0 0.0 2.0 2.0 2.0 2.0 1.0 0.0
	CCoSp4	3.5	1.3		3.0 4.0 4.0 4.0 4.0 4.0 4.0 3.0 3.0
	3F+2T	6.6	1.06		2.0 2.0 1.0 3.0 2.0 2.0 2.0 2.0 2.0
	FCCoSp3	3.0	0.86		3.0 4.0 3.0 2.0 3.0 2.0 3.0 3.0 3.0
	StSq3	3.3	0.85		3.0 2.0 3.0 2.0 3.0 2.0 4.0 2.0 3.0
	2A	3.3	0.57		2.0 3.0 0.0 2.0 3.0 1.0 2.0 2.0 0.0
	3Lz!+2T+2Lo	0.42	1.0	! 9.79 X	1.0 1.0 1.0 1.0 2.0 0.0 0.0 -1.0
	3F	1.06	3.0	5.83 X	3.0 1.0 2.0 2.0 2.0 2.0 2.0 1.0
	3Lz!	0.17	0.0	! 6.49 X	1.0 -1.0 1.0 2.0 0.0 -1.0 1.0 0.0
	ChSq1	3.0	2.07		5.0 4.0 4.0 4.0 4.0 4.0 5.0 4.0 4.0
	LSp4	2.7	1.12		4.0 5.0 4.0 5.0 4.0 4.0 3.0 4.0 4.0
program components:
	Skating Skills	1.60 7.75 7.75 7.25 7.75 8.00 8.25 8.25 7.75 8.00 7.89
	Transitions	1.60 7.50 7.50 7.25 7.50 8.25 9.00 8.00 8.00 7.75 7.79
	Performance	1.60 8.00 8.50 7.75 8.00 8.25 8.50 8.50 8.25 8.25 8.25
	Composition	1.60 8.00 8.00 7.25 7.75 8.50 8.75 8.50 8.50 8.00 8.18
	Interpretation of the Music	1.60 8.00 8.25 7.50 7.75 8.50 8.50 8.50 8.50 8.25 8.25
deductions:

name: Mai MIHARA
rank: 5
startingNbr: 10
elements:
	3Lz+3T<	0.08	1.0	< 9.05	0.0 -1.0 -1.0 2.0 1.0 -1.0 1.0 0.0
	ChSq1	3.0	1.29		3.0 2.0 2.0 2.0 3.0 4.0 4.0 2.0 2.0
	2A	3.3	0.85		4.0 3.0 1.0 2.0 3.0 3.0 3.0 2.0 2.0
	3Lo	4.9	1.12		2.0 2.0 2.0 2.0 2.0 3.0 3.0 2.0 3.0
	CCoSp4V	2.63	0.57		3.0 2.0 2.0 2.0 1.0 2.0 2.0 2.0 3.0
	3F	5.3	1.36		3.0 3.0 1.0 2.0 3.0 4.0 3.0 2.0 2.0
	2A+2T	0.42	2.0	5.06 X	1.0 0.0 1.0 2.0 2.0 1.0 1.0 1.0
	FSSp3	2.6	0.48		3.0 2.0 1.0 2.0 2.0 2.0 2.0 2.0 1.0
	3Lz+2T+2Lo	1.01	2.0	9.79 X	1.0 1.0 3.0 2.0 2.0 2.0 2.0 1.0
	3S	1.23	3.0	4.73 X	3.0 0.0 3.0 2.0 3.0 3.0 3.0 3.0
	StSq3	3.3	0.94		3.0 2.0 3.0 3.0 2.0 3.0 4.0 3.0 3.0
	FCCoSp4	3.5	1.2		4.0 4.0 3.0 3.0 3.0 4.0 3.0 4.0 3.0
program components:
	Skating Skills	1.60 8.25 8.50 8.00 8.25 8.00 8.50 8.50 8.50 8.50 8.36
	Transitions	1.60 8.00 8.50 7.75 8.25 7.75 8.50 8.25 8.00 8.25 8.14
	Performance	1.60 8.25 8.25 7.75 8.25 8.25 8.25 8.50 8.25 8.50 8.29
	Composition	1.60 8.25 8.25 8.00 8.00 8.25 8.50 8.50 8.50 8.50 8.32
	Interpretation of the Music	1.60 8.25 8.50 7.75 8.00 8.00 8.75 8.50 8.00 8.25 8.21
deductions:

name: Eunsoo LIM
rank: 6
startingNbr: 7
elements:
	3Lz	5.9	1.43		3.0 2.0 1.0 3.0 3.0 2.0 2.0 3.0 2.0
	3Lo	4.9	1.4		3.0 2.0 2.0 3.0 3.0 3.0 3.0 3.0 3.0
	3S<	-1.62	-5.0	< 3.23	-5.0 -5.0 -5.0 -5.0 -5.0 -5.0 -5.0 -5.0
	CCoSp4	3.5	0.8		3.0 2.0 2.0 2.0 1.0 3.0 3.0 2.0 2.0
	ChSq1	3.0	1.14		3.0 1.0 2.0 2.0 2.0 3.0 4.0 2.0 2.0
	3Lz!+3T	-1.1	-1.0	! 10.10	-2.0 -3.0 -2.0 -2.0 0.0 -1.0 -3.0 -2.0
	2A	0.8	3.0	3.63 X	2.0 2.0 3.0 2.0 3.0 3.0 2.0 2.0
	3F+2T+2Lo	0.98	2.0	9.13 X	1.0 2.0 3.0 0.0 2.0 3.0 2.0 1.0
	2A+2T	0.52	2.0	5.06 X	0.0 1.0 3.0 1.0 2.0 2.0 2.0 1.0
	LSp4	2.7	0.69		3.0 3.0 2.0 4.0 2.0 3.0 3.0 2.0 2.0
	StSq3	3.3	0.85		3.0 2.0 1.0 4.0 2.0 3.0 3.0 2.0 3.0
	FCSp3	2.8	0.84		4.0 3.0 2.0 3.0 2.0 4.0 3.0 3.0 3.0
program components:
	Skating Skills	1.60 7.75 8.00 7.25 8.25 7.75 8.50 8.25 8.25 8.50 8.11
	Transitions	1.60 7.75 7.50 7.25 8.25 7.50 8.00 8.00 7.50 8.25 7.79
	Performance	1.60 7.75 7.75 7.00 8.50 7.25 7.75 8.25 7.50 8.50 7.82
	Composition	1.60 8.00 8.00 7.50 8.50 7.50 8.25 8.25 8.00 8.50 8.07
	Interpretation of the Music	1.60 8.00 8.00 7.25 8.00 7.50 8.25 8.25 7.50 8.25 7.93
deductions:
	falls: 1

name: Alena LEONOVA
rank: 7
startingNbr: 9
elements:
	3T+3T	8.4	1.26		4.0 3.0 2.0 3.0 2.0 4.0 3.0 3.0 3.0
	2A	3.3	0.33		2.0 1.0 0.0 1.0 1.0 2.0 1.0 1.0 0.0
	3Lz!	0.08	0.0	! 5.90	0.0 -1.0 0.0 1.0 2.0 -1.0 0.0 1.0
	2A	3.3	0.47		2.0 1.0 0.0 2.0 2.0 2.0 1.0 1.0 1.0
	FCSp4	3.2	0.46		3.0 1.0 1.0 1.0 2.0 2.0 1.0 2.0 1.0
	ChSq1	3.0	0.93		2.0 2.0 1.0 0.0 1.0 4.0 3.0 2.0 2.0
	3F+2T	1.29	3.0	7.26 X	2.0 1.0 2.0 3.0 3.0 2.0 3.0 2.0
	3F+2T+2Lo	0.83	2.0	9.13 X	2.0 0.0 2.0 1.0 3.0 1.0 2.0 1.0
	3S	-1.17	-2.0	4.73 X	-2.0 -4.0 -2.0 -4.0 -2.0 -5.0 -2.0 -3.0
	CCoSp3	3.0	0.17		1.0 1.0 0.0 1.0 0.0 0.0 2.0 0.0 1.0
	StSq3	3.3	0.47		3.0 2.0 0.0 2.0 1.0 1.0 2.0 1.0 1.0
	FCCoSp3	3.0	0.43		3.0 2.0 0.0 1.0 1.0 3.0 1.0 1.0 1.0
program components:
	Skating Skills	1.60 7.75 8.25 7.25 7.50 7.75 8.50 8.00 7.00 8.00 7.79
	Transitions	1.60 7.50 8.00 6.75 7.50 7.50 8.00 7.75 6.00 8.00 7.57
	Performance	1.60 8.00 8.25 7.25 8.25 7.50 8.50 8.25 6.75 8.50 8.00
	Composition	1.60 8.00 8.00 7.50 7.50 7.75 8.25 8.00 7.00 8.25 7.86
	Interpretation of the Music	1.60 8.00 8.50 7.50 8.25 7.75 8.25 8.25 6.75 8.50 8.07
deductions:

name: Courtney HICKS
rank: 8
startingNbr: 3
elements:
	3F+3Lo	10.2	1.51		3.0 3.0 3.0 3.0 3.0 4.0 3.0 2.0 2.0
	3T	4.2	0.84		2.0 3.0 1.0 2.0 2.0 2.0 2.0 2.0 2.0
	FCSp4	3.2	0.87		3.0 3.0 2.0 3.0 3.0 3.0 3.0 2.0 2.0
	StSq4	3.9	0.84		3.0 2.0 2.0 2.0 3.0 2.0 2.0 2.0 2.0
	2S+2A+SEQ	3.68	0.42		2.0 1.0 0.0 2.0 1.0 1.0 1.0 2.0 1.0
	3Lz+2T	7.2	1.35		2.0 2.0 2.0 3.0 2.0 2.0 3.0 3.0 2.0
	FCCoSp4	3.5	0.85		4.0 2.0 2.0 3.0 2.0 3.0 2.0 2.0 3.0
	2Lz	0.3	2.0	2.31 X	0.0 0.0 3.0 2.0 2.0 1.0 1.0 2.0
	3F	0.45	1.0	5.83 X	2.0 -1.0 3.0 2.0 -1.0 -1.0 3.0 0.0
	2A	0.28	2.0	3.63 X	2.0 0.0 1.0 1.0 0.0 1.0 1.0 0.0
	ChSq1	3.0	0.71		2.0 3.0 1.0 0.0 1.0 2.0 2.0 1.0 1.0
	CCoSp4	3.5	0.9		3.0 3.0 2.0 2.0 2.0 3.0 3.0 2.0 3.0
program components:
	Skating Skills	1.60 7.00 7.25 6.50 6.50 7.75 7.00 7.25 7.00 7.75 7.11
	Transitions	1.60 6.75 6.75 6.00 6.00 7.25 6.25 7.00 6.50 7.00 6.61
	Performance	1.60 7.00 7.50 6.75 6.50 7.50 6.50 7.25 6.50 7.25 6.96
	Composition	1.60 7.00 7.00 6.50 6.50 7.75 6.50 7.25 7.00 7.50 6.96
	Interpretation of the Music	1.60 7.00 7.25 6.75 6.50 7.50 6.75 7.25 6.75 7.50 7.04
deductions:

name: Maria SOTSKOVA
rank: 9
startingNbr: 5
elements:
	3Lz<+3T	-0.44	-1.0	< 8.63	-1.0 -2.0 -1.0 1.0 0.0 -1.0 -2.0 -1.0
	3Lo+2Lo	6.6	0.98		2.0 2.0 1.0 3.0 1.0 3.0 2.0 2.0 2.0
	StSq3	3.3	0.9		3.0 3.0 2.0 2.0 3.0 3.0 2.0 3.0 3.0
	2A	3.3	0.71		2.0 3.0 1.0 2.0 2.0 3.0 2.0 2.0 2.0
	CCoSp3	3.0	0.47		0.0 3.0 1.0 1.0 2.0 3.0 2.0 2.0 0.0
	2A	3.3	0.52		3.0 3.0 0.0 2.0 2.0 2.0 1.0 1.0 0.0
	2F+1Eu<+3S<	-0.46	-1.0	< 5.95 X	0.0 -2.0 -3.0 -2.0 0.0 -4.0 -1.0 -1.0
	3F<	-1.99	-5.0	< 4.38 X	-5.0 -5.0 -5.0 -5.0 -5.0 -5.0 -5.0 -5.0
	3Lo	0.84	3.0	5.39 X	2.0 0.0 2.0 1.0 3.0 2.0 2.0 0.0
	FCSp3	2.8	0.52		3.0 2.0 1.0 2.0 2.0 3.0 2.0 1.0 1.0
	ChSq1	3.0	1.0		3.0 3.0 1.0 2.0 1.0 3.0 3.0 1.0 1.0
	LSp3	2.4	0.31		2.0 2.0 0.0 1.0 1.0 3.0 2.0 1.0 0.0
program components:
	Skating Skills	1.60 8.00 8.50 7.50 7.50 7.75 7.50 8.25 7.00 8.50 7.86
	Transitions	1.60 7.75 8.00 6.25 7.25 7.50 7.50 8.00 6.50 8.00 7.50
	Performance	1.60 8.00 8.50 7.25 7.50 7.50 7.50 8.00 7.00 8.25 7.71
	Composition	1.60 8.00 8.50 7.50 7.25 7.50 7.25 8.25 7.25 8.50 7.75
	Interpretation of the Music	1.60 8.00 8.75 7.25 7.50 7.50 7.75 8.50 7.00 8.25 7.82
deductions:
	falls: 1

name: Mae Berenice MEITE
rank: 10
startingNbr: 2
elements:
	3Lo+3T	9.1	0.7		1.0 1.0 2.0 1.0 2.0 3.0 1.0 2.0 1.0
	3F	5.3	0.83		2.0 1.0 1.0 0.0 2.0 2.0 2.0 2.0 1.0
	3Lz+2T+2Lo<	-2.95	-5.0	< 8.48	-5.0 -5.0 -5.0 -5.0 -5.0 -5.0 -3.0 -5.0
	2A	3.3	0.28		2.0 0.0 0.0 1.0 1.0 2.0 0.0 2.0 0.0
	CCoSp3	3.0	0.3		1.0 1.0 1.0 1.0 0.0 2.0 1.0 2.0 0.0
	StSq2	2.6	0.3		2.0 0.0 1.0 2.0 2.0 1.0 1.0 0.0 1.0
	2A+3T	0.72	2.0	8.25 X	2.0 1.0 1.0 2.0 2.0 2.0 2.0 1.0
	ChSq1	3.0	0.57		2.0 1.0 2.0 0.0 1.0 0.0 2.0 1.0 1.0
	3Lz	0.76	2.0	6.49 X	2.0 0.0 0.0 2.0 1.0 1.0 2.0 1.0
	3S	0.25	1.0	4.73 X	0.0 1.0 2.0 1.0 0.0 0.0 1.0 0.0
	FCSp2	2.3	-0.1		-2.0 -1.0 0.0 1.0 0.0 0.0 0.0 -2.0 0.0
	LSp4	2.7	0.35		2.0 0.0 1.0 1.0 2.0 2.0 1.0 1.0 1.0
program components:
	Skating Skills	1.60 7.00 6.50 6.50 6.50 7.75 6.00 6.75 6.75 7.00 6.71
	Transitions	1.60 6.75 6.25 6.25 6.25 6.25 4.75 6.25 5.50 7.00 6.21
	Performance	1.60 6.75 6.75 6.75 5.75 6.50 5.25 6.75 5.75 7.25 6.43
	Composition	1.60 7.00 6.75 6.75 5.75 6.50 5.25 6.50 6.25 7.25 6.50
	Interpretation of the Music	1.60 6.75 7.00 6.50 6.25 6.75 5.00 6.50 6.00 7.00 6.54
deductions:
	falls: 1

name: Angela WANG
rank: 11
startingNbr: 6
elements:
	3F	5.3	-1.59		-2.0 -3.0 -3.0 -2.0 -3.0 -4.0 -4.0 -3.0 -3.0
	2Lz	2.1	0.33		2.0 1.0 1.0 2.0 2.0 2.0 1.0 1.0 2.0
	3T	4.2	-0.6		-1.0 -2.0 -3.0 -1.0 -1.0 -2.0 -2.0 -1.0 -1.0
	2A+2T	4.6	0.28		2.0 2.0 0.0 2.0 0.0 1.0 0.0 1.0 0.0
	FCCoSp4	3.5	0.95		3.0 3.0 2.0 3.0 2.0 3.0 3.0 2.0 3.0
	ChSq1	3.0	1.36		3.0 2.0 2.0 3.0 2.0 3.0 4.0 3.0 3.0
	CCoSp3	3.0	0.77		2.0 3.0 1.0 2.0 2.0 3.0 3.0 3.0 3.0
	3F<<+REP	-0.9	-5.0	<< 1.39 X	-5.0 -5.0 -5.0 -5.0 -5.0 -5.0 -5.0 -5.0
	3T<+REP	-0.23	2.0	< 2.43 X	-1.0 -3.0 -1.0 1.0 0.0 -2.0 -1.0 -1.0
	3S	0.55	2.0	4.73 X	2.0 0.0 2.0 1.0 2.0 0.0 2.0 0.0
	StSq3	3.3	0.71		2.0 1.0 1.0 3.0 2.0 2.0 3.0 3.0 2.0
	FCSp4	3.2	0.41		3.0 0.0 0.0 2.0 1.0 2.0 2.0 0.0 2.0
program components:
	Skating Skills	1.60 7.00 7.25 7.00 7.25 7.50 6.00 7.75 6.75 7.50 7.18
	Transitions	1.60 6.50 7.00 6.75 7.25 7.25 6.00 7.50 6.00 7.25 6.86
	Performance	1.60 7.00 6.75 6.75 7.50 7.25 6.25 7.50 6.25 7.25 6.96
	Composition	1.60 7.25 7.00 7.25 7.50 7.50 6.25 7.75 6.75 7.50 7.25
	Interpretation of the Music	1.60 7.00 7.00 7.00 7.50 7.50 6.25 7.75 7.00 7.50 7.21
deductions:
	falls: 1

name: Kailani CRAINE
rank: 12
startingNbr: 1
elements:
	3F<	-0.68	-1.0	< 3.98	-2.0 -2.0 -3.0 -1.0 0.0 -3.0 -2.0 -1.0
	3Lz<e+2T	-1.21	-3.0	e 4.84	-3.0 -3.0 -5.0 -4.0 -1.0 -5.0 -5.0 -1.0
	3Lo	4.9	0.0		0.0 0.0 0.0 -1.0 0.0 2.0 0.0 0.0 0.0
	2A	3.3	0.42		2.0 1.0 0.0 1.0 2.0 1.0 1.0 2.0 1.0
	FCCoSp4	3.5	0.8		3.0 2.0 2.0 3.0 1.0 2.0 2.0 3.0 2.0
	3Lz<<e	-0.79	-5.0	e 1.74 X	-5.0 -5.0 -5.0 -5.0 -5.0 -5.0 -5.0 -5.0
	3Lo<+2T	-0.53	-1.0	< 5.48 X	-1.0 -2.0 -2.0 -1.0 0.0 -2.0 -2.0 -1.0
	ChSq1	3.0	0.71		2.0 1.0 1.0 0.0 1.0 3.0 2.0 1.0 2.0
	2A	0.24	2.0	3.63 X	1.0 0.0 1.0 0.0 1.0 0.0 1.0 1.0
	CCoSp3	3.0	0.26		2.0 0.0 0.0 1.0 0.0 2.0 1.0 2.0 0.0
	StSq2	2.6	0.33		3.0 2.0 1.0 1.0 1.0 0.0 1.0 2.0 1.0
	LSp4	2.7	0.69		3.0 2.0 1.0 4.0 2.0 3.0 3.0 3.0 2.0
program components:
	Skating Skills	1.60 6.75 7.00 6.25 6.25 6.75 6.50 6.75 6.00 7.75 6.61
	Transitions	1.60 6.75 6.75 6.00 6.00 6.50 6.75 6.25 5.50 7.25 6.43
	Performance	1.60 7.00 7.25 6.50 6.00 6.50 7.25 6.50 5.75 7.75 6.71
	Composition	1.60 7.00 7.50 6.50 5.75 6.75 6.75 6.50 6.25 7.75 6.75
	Interpretation of the Music	1.60 7.25 7.25 6.25 6.00 6.75 6.75 6.50 6.00 7.50 6.68
deductions:

