event name: GPJPN2018 NHK Trophy
event type: LADIES SHORT PROGRAM
name: Elizaveta TUKTAMYSHEVA
rank: 1
startingNbr: 8
elements:
	3A	8.0	2.06		3.0 3.0 3.0 3.0 2.0 3.0 2.0 2.0 2.0
	3T+3T	8.4	1.2		3.0 3.0 2.0 4.0 3.0 4.0 2.0 3.0 2.0
	FSSp3	2.6	0.63		3.0 2.0 1.0 3.0 3.0 4.0 2.0 3.0 1.0
	LSp4	2.7	0.66		4.0 4.0 2.0 0.0 2.0 3.0 2.0 2.0 2.0
	3Lz	1.69	3.0	6.49 X	3.0 2.0 3.0 3.0 3.0 3.0 2.0 3.0
	StSq3	3.3	0.9		4.0 3.0 3.0 3.0 3.0 2.0 3.0 2.0 2.0
	CCoSp4	3.5	1.05		3.0 4.0 3.0 2.0 4.0 4.0 3.0 2.0 2.0
program components:
	Skating Skills	0.80 8.25 8.50 8.00 8.00 7.75 9.00 8.00 8.25 8.50 8.21
	Transitions	0.80 7.75 8.25 8.00 7.75 7.25 9.25 7.75 7.00 8.50 7.89
	Performance	0.80 8.50 9.00 8.50 8.25 8.00 9.50 8.00 8.25 8.75 8.46
	Composition	0.80 8.25 8.75 8.25 8.00 7.75 9.00 8.00 8.00 8.50 8.25
	Interpretation of the Music	0.80 8.50 8.75 8.75 8.25 8.00 9.25 8.00 8.00 8.75 8.43
deductions:

name: Satoko MIYAHARA
rank: 2
startingNbr: 10
elements:
	3Lz+3T	10.1	1.6		4.0 2.0 2.0 3.0 3.0 3.0 2.0 3.0 3.0
	FCSp4	3.2	1.01		3.0 2.0 4.0 3.0 3.0 4.0 3.0 3.0 3.0
	2A	3.3	0.94		3.0 2.0 3.0 3.0 3.0 3.0 3.0 2.0 3.0
	3Lo	1.33	3.0	5.39 X	2.0 3.0 3.0 3.0 3.0 1.0 2.0 3.0
	CCoSp4	3.5	1.2		2.0 3.0 4.0 4.0 4.0 4.0 3.0 3.0 3.0
	StSq3	3.3	1.41		4.0 3.0 5.0 5.0 5.0 4.0 4.0 4.0 4.0
	LSp4	2.7	1.35		5.0 5.0 5.0 5.0 5.0 5.0 4.0 5.0 5.0
program components:
	Skating Skills	0.80 8.75 8.50 8.75 9.00 9.00 9.50 8.75 8.50 8.75 8.79
	Transitions	0.80 8.75 8.25 8.50 9.00 9.25 9.25 8.50 8.75 9.00 8.82
	Performance	0.80 9.00 8.50 8.50 9.50 9.25 9.50 8.75 9.00 9.00 9.00
	Composition	0.80 9.00 8.75 8.75 9.00 9.25 9.25 8.75 9.25 9.25 9.04
	Interpretation of the Music	0.80 8.75 8.75 8.75 9.25 9.50 9.25 9.00 9.25 9.00 9.04
deductions:

name: Mai MIHARA
rank: 3
startingNbr: 12
elements:
	3Lz+3T<	-0.08	1.0	< 9.05	-1.0 -1.0 -2.0 1.0 1.0 0.0 -1.0 0.0
	2A	3.3	0.9		3.0 3.0 3.0 3.0 3.0 2.0 2.0 3.0 2.0
	FSSp4	3.0	0.77		3.0 2.0 3.0 3.0 2.0 3.0 3.0 2.0 1.0
	3F	1.59	3.0	5.83 X	3.0 3.0 3.0 3.0 3.0 3.0 3.0 2.0
	CCoSp4	3.5	1.0		3.0 2.0 3.0 3.0 3.0 3.0 3.0 3.0 2.0
	StSq4	3.9	1.28		3.0 3.0 4.0 3.0 4.0 4.0 3.0 3.0 2.0
	LSp4	2.7	0.96		4.0 3.0 4.0 4.0 3.0 4.0 3.0 4.0 3.0
program components:
	Skating Skills	0.80 8.25 9.00 8.00 8.00 8.25 9.25 8.25 7.75 7.75 8.21
	Transitions	0.80 8.00 8.75 7.75 7.25 8.25 9.25 7.75 8.00 7.50 8.00
	Performance	0.80 8.25 8.50 8.25 7.50 8.25 9.25 8.25 8.25 7.75 8.21
	Composition	0.80 8.50 8.75 8.25 7.50 8.50 9.00 8.25 7.75 7.50 8.21
	Interpretation of the Music	0.80 8.25 9.00 8.00 7.50 8.50 9.25 8.25 7.75 7.75 8.21
deductions:

name: Eunsoo LIM
rank: 4
startingNbr: 9
elements:
	3Lz!+3T	0.93	2.0	! 10.10	0.0 1.0 2.0 1.0 3.0 2.0 2.0 1.0
	FCSp4	3.2	0.87		3.0 2.0 1.0 3.0 3.0 3.0 3.0 3.0 2.0
	StSq3	3.3	0.9		3.0 2.0 2.0 3.0 3.0 4.0 3.0 3.0 2.0
	3F	5.3	1.59		4.0 1.0 2.0 3.0 4.0 3.0 3.0 3.0 3.0
	2A	0.8	3.0	3.63 X	1.0 0.0 3.0 3.0 4.0 2.0 3.0 2.0
	LSp3	2.4	0.69		2.0 2.0 3.0 4.0 2.0 3.0 3.0 4.0 3.0
	CCoSp4	3.5	1.0		3.0 3.0 2.0 3.0 2.0 3.0 3.0 3.0 3.0
program components:
	Skating Skills	0.80 7.75 7.50 7.25 8.50 7.50 9.00 8.00 7.75 8.00 7.86
	Transitions	0.80 7.50 7.25 7.00 8.00 7.25 8.75 7.75 7.75 8.00 7.64
	Performance	0.80 8.00 7.75 7.50 8.25 7.50 9.00 8.25 8.50 8.25 8.07
	Composition	0.80 7.75 7.50 7.25 8.00 7.50 8.75 8.25 8.00 8.25 7.89
	Interpretation of the Music	0.80 7.75 7.75 7.50 8.00 7.75 9.25 8.25 8.25 8.25 8.00
deductions:

name: Rika KIHIRA
rank: 5
startingNbr: 4
elements:
	3A<	-3.0	-5.0	< 6.00	-5.0 -5.0 -5.0 -5.0 -5.0 -5.0 -5.0 -5.0
	3F+3T	9.5	1.59		3.0 2.0 3.0 3.0 3.0 3.0 3.0 3.0 3.0
	FSSp3	2.6	0.59		3.0 2.0 2.0 3.0 2.0 3.0 2.0 2.0 2.0
	3Lz	1.94	3.0	6.49 X	3.0 4.0 3.0 4.0 4.0 3.0 3.0 3.0
	CCoSp4	3.5	1.15		3.0 3.0 4.0 4.0 4.0 3.0 3.0 3.0 3.0
	StSq3	3.3	1.08		4.0 2.0 3.0 4.0 4.0 2.0 3.0 4.0 3.0
	LSp4	2.7	0.96		4.0 4.0 3.0 4.0 4.0 3.0 3.0 4.0 3.0
program components:
	Skating Skills	0.80 7.75 7.75 8.00 8.00 7.75 7.75 8.00 8.00 8.25 7.89
	Transitions	0.80 7.75 7.25 7.75 8.50 7.75 8.50 7.75 7.75 8.25 7.93
	Performance	0.80 8.00 7.50 8.00 8.75 7.50 8.50 7.75 8.25 8.50 8.07
	Composition	0.80 8.00 7.50 8.00 8.75 8.00 8.75 7.75 8.50 8.25 8.18
	Interpretation of the Music	0.80 8.00 7.75 8.25 8.50 8.25 8.25 7.75 8.25 8.50 8.18
deductions:

name: Alena LEONOVA
rank: 6
startingNbr: 1
elements:
	3T+3T	8.4	1.44		4.0 3.0 3.0 3.0 4.0 4.0 2.0 4.0 3.0
	2A	3.3	0.85		3.0 2.0 2.0 3.0 3.0 3.0 1.0 2.0 3.0
	FCSp4	3.2	0.82		4.0 2.0 3.0 2.0 3.0 3.0 2.0 3.0 2.0
	3F	1.36	3.0	5.83 X	2.0 1.0 3.0 3.0 4.0 2.0 3.0 2.0
	LSp4	2.7	0.31		3.0 0.0 0.0 0.0 2.0 3.0 1.0 1.0 1.0
	StSq3	3.3	0.9		4.0 2.0 3.0 3.0 3.0 3.0 2.0 2.0 3.0
	CCoSp4	3.5	0.85		3.0 2.0 2.0 3.0 3.0 3.0 1.0 2.0 2.0
program components:
	Skating Skills	0.80 8.00 8.25 7.50 7.00 8.00 8.75 7.50 7.00 7.75 7.71
	Transitions	0.80 8.00 7.75 7.25 7.25 7.75 8.75 7.25 6.75 7.75 7.57
	Performance	0.80 8.00 8.50 8.25 7.50 8.00 9.25 7.75 7.25 8.25 8.04
	Composition	0.80 8.25 8.25 8.00 7.50 8.00 9.00 7.75 7.00 8.00 7.96
	Interpretation of the Music	0.80 8.00 8.25 8.25 7.50 8.25 9.00 7.75 7.25 8.25 8.04
deductions:

name: Mariah BELL
rank: 7
startingNbr: 7
elements:
	2A	3.3	0.94		3.0 3.0 2.0 3.0 3.0 3.0 3.0 3.0 2.0
	3Lz!+3T<	-2.95	-5.0	! 9.05	-5.0 -5.0 -5.0 -5.0 -5.0 -5.0 -5.0 -5.0
	CCoSp4	3.5	1.15		3.0 3.0 3.0 4.0 4.0 4.0 2.0 3.0 3.0
	FSSp3	2.6	0.63		3.0 2.0 2.0 3.0 2.0 3.0 3.0 2.0 2.0
	3F	0.98	3.0	5.83 X	1.0 2.0 2.0 2.0 2.0 2.0 2.0 1.0
	LSp4	2.7	0.89		4.0 3.0 3.0 4.0 3.0 4.0 3.0 2.0 3.0
	StSq3	3.3	0.85		4.0 2.0 2.0 2.0 3.0 3.0 3.0 2.0 3.0
program components:
	Skating Skills	0.80 7.75 7.75 7.00 7.50 7.75 7.75 8.00 8.00 7.75 7.75
	Transitions	0.80 7.75 7.50 7.25 7.25 7.50 8.00 7.75 7.75 7.75 7.61
	Performance	0.80 8.00 7.75 7.00 7.50 7.50 8.25 7.75 8.00 8.25 7.82
	Composition	0.80 7.75 8.00 7.00 7.50 7.75 8.25 8.00 8.50 8.00 7.89
	Interpretation of the Music	0.80 8.00 8.00 7.25 7.25 7.75 8.00 8.25 8.25 8.25 7.93
deductions:

name: Angela WANG
rank: 8
startingNbr: 3
elements:
	3F+2T	6.6	1.14		2.0 1.0 2.0 3.0 2.0 3.0 1.0 3.0 2.0
	3Lo	4.9	-1.05		-2.0 -2.0 -3.0 -2.0 -3.0 1.0 -2.0 -2.0 -2.0
	FCSp4	3.2	0.73		4.0 2.0 2.0 2.0 3.0 3.0 2.0 2.0 2.0
	StSq4	3.9	0.95		3.0 2.0 2.0 3.0 2.0 3.0 2.0 3.0 2.0
	2A	0.38	2.0	3.63 X	1.0 0.0 2.0 1.0 1.0 1.0 2.0 0.0
	CCoSp4	3.5	0.75		2.0 2.0 1.0 2.0 2.0 3.0 2.0 3.0 2.0
	LSp4	2.7	0.35		2.0 -1.0 0.0 2.0 1.0 3.0 2.0 2.0 0.0
program components:
	Skating Skills	0.80 7.00 7.50 6.75 7.25 7.75 7.75 7.25 7.25 7.25 7.32
	Transitions	0.80 7.00 6.75 6.50 7.00 7.25 8.00 7.00 7.00 7.00 7.00
	Performance	0.80 7.25 7.00 7.00 7.25 7.25 7.75 7.50 7.75 7.25 7.32
	Composition	0.80 7.25 7.00 7.25 7.50 7.50 8.25 7.50 7.25 7.50 7.39
	Interpretation of the Music	0.80 7.25 7.25 7.25 7.25 7.50 8.00 7.50 7.50 7.50 7.39
deductions:

name: Maria SOTSKOVA
rank: 9
startingNbr: 11
elements:
	3Lz<+2T	-1.14	-3.0	< 5.73	-4.0 -3.0 -2.0 -3.0 -2.0 -2.0 -3.0 -2.0
	FCSp3	2.8	0.48		3.0 1.0 1.0 2.0 2.0 2.0 2.0 2.0 1.0
	CCoSp4V	2.63	0.49		2.0 2.0 1.0 1.0 2.0 3.0 2.0 2.0 2.0
	2A	3.3	0.52		3.0 2.0 0.0 1.0 2.0 2.0 1.0 2.0 1.0
	3Lo	0.7	3.0	5.39 X	1.0 1.0 1.0 1.0 3.0 1.0 2.0 1.0
	StSq4	3.9	1.23		4.0 4.0 3.0 2.0 3.0 3.0 2.0 3.0 4.0
	LSp4	2.7	0.42		3.0 1.0 1.0 1.0 2.0 2.0 2.0 2.0 1.0
program components:
	Skating Skills	0.80 8.50 8.00 7.50 7.75 7.50 7.75 8.00 7.50 8.50 7.86
	Transitions	0.80 8.25 7.75 7.50 7.50 7.00 7.75 7.75 7.00 8.25 7.64
	Performance	0.80 8.50 8.00 7.50 7.75 7.50 8.25 8.25 8.00 8.00 7.96
	Composition	0.80 8.50 8.25 7.75 7.75 7.50 8.00 8.25 7.75 8.25 8.00
	Interpretation of the Music	0.80 8.75 8.00 7.75 7.50 7.75 8.25 8.25 8.00 8.25 8.04
deductions:

name: Courtney HICKS
rank: 10
startingNbr: 2
elements:
	3F+2Lo	7.0	-1.44		-2.0 -4.0 -3.0 -4.0 -2.0 2.0 -4.0 -2.0 -2.0
	LSp4	2.7	0.54		3.0 2.0 1.0 1.0 2.0 3.0 2.0 2.0 2.0
	2A	3.3	0.66		3.0 2.0 2.0 2.0 2.0 2.0 2.0 2.0 2.0
	FCSp3	2.8	0.48		3.0 1.0 1.0 1.0 1.0 3.0 2.0 3.0 0.0
	3Lz	1.26	2.0	6.49 X	2.0 2.0 3.0 2.0 3.0 2.0 2.0 2.0
	StSq4	3.9	0.67		2.0 0.0 2.0 2.0 2.0 3.0 2.0 2.0 0.0
	CCoSp2	2.5	0.64		3.0 2.0 2.0 2.0 2.0 4.0 3.0 4.0 2.0
program components:
	Skating Skills	0.80 7.00 6.75 6.75 6.50 7.50 7.75 7.25 7.00 7.25 7.07
	Transitions	0.80 6.75 6.50 6.50 5.75 7.25 7.00 7.00 6.25 6.75 6.68
	Performance	0.80 7.00 6.25 6.75 6.00 7.50 7.50 7.25 6.50 7.00 6.89
	Composition	0.80 7.00 6.75 6.50 6.25 7.50 7.50 7.50 6.75 7.00 7.00
	Interpretation of the Music	0.80 6.75 6.50 6.50 6.00 7.25 7.25 7.50 6.75 7.00 6.86
deductions:

name: Kailani CRAINE
rank: 11
startingNbr: 6
elements:
	3Lo+3Lo	9.8	0.35		3.0 0.0 0.0 0.0 1.0 2.0 0.0 1.0 1.0
	2A	3.3	0.33		2.0 1.0 0.0 1.0 1.0 2.0 1.0 1.0 0.0
	CCoSp4	3.5	1.05		3.0 3.0 3.0 3.0 3.0 3.0 3.0 3.0 2.0
	3Lz<<e	-0.72	-4.0	e 1.74 X	-5.0 -4.0 -5.0 -4.0 -5.0 -5.0 -5.0 -4.0
	FSSp4	3.0	0.56		3.0 1.0 1.0 3.0 1.0 3.0 2.0 2.0 1.0
	StSq3	3.3	0.57		2.0 1.0 0.0 2.0 2.0 2.0 2.0 2.0 1.0
	LSp4	2.7	0.96		2.0 3.0 4.0 4.0 3.0 4.0 4.0 4.0 3.0
program components:
	Skating Skills	0.80 6.75 7.25 6.75 7.00 7.00 7.00 6.75 6.25 7.25 6.93
	Transitions	0.80 6.50 7.00 6.50 6.50 6.75 7.00 6.50 5.75 7.00 6.68
	Performance	0.80 6.75 7.50 7.00 7.25 7.00 6.75 6.75 6.50 7.25 6.96
	Composition	0.80 6.75 7.25 7.25 7.00 7.25 7.00 6.75 6.25 7.25 7.04
	Interpretation of the Music	0.80 6.50 7.50 6.75 7.25 7.50 7.25 7.00 6.50 7.50 7.11
deductions:

name: Mae Berenice MEITE
rank: 12
startingNbr: 5
elements:
	3F<	-1.99	-5.0	< 3.98	-5.0 -5.0 -5.0 -5.0 -5.0 -5.0 -5.0 -5.0
	3Lz+3T<<	-2.53	-4.0	<< 7.20	-5.0 -4.0 -5.0 -4.0 -4.0 -5.0 -4.0 -4.0
	FCSp3	2.8	0.56		3.0 1.0 2.0 2.0 3.0 2.0 2.0 2.0 0.0
	CCoSp3	3.0	0.26		2.0 0.0 0.0 1.0 0.0 2.0 1.0 2.0 0.0
	StSq4	3.9	0.45		2.0 1.0 0.0 2.0 0.0 2.0 1.0 2.0 0.0
	2A	0.14	0.0	3.63 X	0.0 0.0 1.0 1.0 1.0 0.0 0.0 1.0
	LSp4	2.7	0.23		1.0 1.0 1.0 1.0 1.0 3.0 0.0 1.0 0.0
program components:
	Skating Skills	0.80 7.25 6.50 6.50 7.25 6.75 7.00 6.75 6.50 6.75 6.79
	Transitions	0.80 7.00 6.25 6.50 7.50 6.25 7.50 6.50 6.25 6.50 6.64
	Performance	0.80 7.25 6.50 6.75 6.75 6.50 6.75 6.75 6.50 6.75 6.68
	Composition	0.80 7.50 6.25 7.25 7.25 6.50 7.25 6.75 7.00 6.75 6.96
	Interpretation of the Music	0.80 7.25 6.50 7.00 7.00 6.25 7.50 7.00 7.00 6.50 6.89
deductions:

