event name: GPJPN2018 NHK Trophy
event type: PAIRS SHORT PROGRAM
name: Natalia ZABIIAKO / Alexander ENBERT
rank: 1
startingNbr: 7
elements:
	3Tw3	5.7	1.95		4.0 4.0 2.0 4.0 4.0 2.0 4.0 3.0 3.0
	3T	4.2	1.26		3.0 3.0 3.0 3.0 3.0 3.0 3.0 3.0 4.0
	3LoTh	5.0	1.93		3.0 3.0 4.0 4.0 4.0 4.0 4.0 4.0 4.0
	4Li4	5.1	1.53		3.0 3.0 2.0 3.0 3.0 3.0 3.0 4.0 3.0
	BoDs1	3.5	0.8		3.0 1.0 2.0 4.0 3.0 1.0 3.0 2.0 2.0
	StSq3	3.3	1.18		4.0 3.0 2.0 4.0 4.0 3.0 3.0 4.0 4.0
	CCoSp4	3.5	1.1		3.0 2.0 3.0 3.0 3.0 3.0 4.0 4.0 3.0
program components:
	Skating Skills	0.80 8.75 8.00 8.00 8.25 8.75 8.25 8.25 8.50 8.50 8.36
	Transitions	0.80 8.00 8.00 7.50 8.00 8.75 8.00 7.75 8.75 8.25 8.11
	Performance	0.80 8.50 8.75 8.25 8.25 9.00 8.50 8.25 8.50 8.75 8.50
	Composition	0.80 8.50 8.50 8.00 8.50 9.25 8.00 8.00 8.50 8.75 8.39
	Interpretation of the Music	0.80 8.75 8.50 8.00 8.50 9.00 8.00 8.25 8.50 8.50 8.43
deductions:

name: Cheng PENG / Yang JIN
rank: 2
startingNbr: 5
elements:
	3T	4.2	1.26		3.0 3.0 4.0 3.0 2.0 4.0 2.0 3.0 3.0
	3Tw3	5.7	1.95		3.0 4.0 3.0 4.0 3.0 2.0 4.0 4.0 3.0
	3LoTh	5.0	1.36		3.0 3.0 2.0 3.0 1.0 3.0 3.0 4.0 2.0
	BoDs3	4.3	1.04		3.0 2.0 2.0 4.0 2.0 3.0 2.0 3.0 2.0
	CCoSp3	3.0	0.73		2.0 1.0 3.0 3.0 2.0 3.0 4.0 3.0 1.0
	StSq2	2.6	0.41		1.0 1.0 2.0 3.0 1.0 2.0 2.0 2.0 1.0
	4Li4	5.1	1.75		4.0 4.0 3.0 4.0 3.0 3.0 3.0 4.0 3.0
program components:
	Skating Skills	0.80 8.25 8.00 8.25 8.00 7.75 7.75 8.00 8.50 8.00 8.04
	Transitions	0.80 7.75 8.50 8.00 7.75 7.50 7.50 8.25 8.50 7.50 7.89
	Performance	0.80 8.00 8.25 8.25 8.25 8.00 7.75 8.25 8.50 8.25 8.18
	Composition	0.80 8.25 8.25 8.50 8.00 7.75 7.75 8.00 8.75 8.00 8.11
	Interpretation of the Music	0.80 8.25 8.25 8.25 8.25 7.75 7.75 8.25 8.25 7.75 8.11
deductions:

name: Kirsten MOORE-TOWERS / Michael MARINARO CAN
rank: 3
startingNbr: 67.70
elements:
	3Tw2	5.4	0.46		3.0 1.0 -1.0 1.0 1.0 1.0 2.0 -1.0 1.0
	3T	4.2	-0.36		1.0 -1.0 1.0 -2.0 -1.0 -1.0 -2.0 -2.0 0.0
	BoDs3	4.3	1.35		3.0 3.0 4.0 3.0 3.0 4.0 3.0 3.0 3.0
	4Li4	5.1	1.38		2.0 2.0 3.0 2.0 3.0 3.0 3.0 3.0 4.0
	3LoTh	5.0	0.14		3.0 -1.0 0.0 0.0 -2.0 1.0 2.0 0.0 0.0
	CCoSp4	3.5	1.2		4.0 2.0 3.0 3.0 4.0 4.0 4.0 4.0 2.0
	StSq3	3.3	0.9		2.0 3.0 3.0 2.0 3.0 3.0 3.0 3.0 2.0
program components:
	Skating Skills	0.80 8.25 7.75 7.75 8.00 8.75 8.00 7.50 8.00 7.75 7.93
	Transitions	0.80 8.00 7.50 7.50 7.75 8.25 8.25 7.75 8.00 7.50 7.82
	Performance	0.80 8.50 7.25 8.25 8.00 8.00 8.25 8.00 7.75 7.50 7.96
	Composition	0.80 8.50 7.50 8.00 8.00 8.50 8.00 8.25 7.75 7.75 8.04
	Interpretation of the Music	0.80 8.50 7.50 8.25 8.00 8.25 8.00 8.25 7.75 7.75 8.04
deductions:

name: Alexa SCIMECA KNIERIM / Chris KNIERIM USA
rank: 4
startingNbr: 64.75
elements:
	3Tw3	5.7	2.36		4.0 4.0 4.0 4.0 4.0 5.0 4.0 5.0 4.0
	3S	4.3	-2.15		-5.0 -5.0 -5.0 -5.0 -5.0 -5.0 -5.0 -5.0 -5.0
	3FTh	5.3	1.74		3.0 3.0 3.0 3.0 3.0 5.0 4.0 4.0 3.0
	4Li4	5.1	1.53		3.0 2.0 3.0 3.0 3.0 4.0 3.0 3.0 3.0
	StSq4	3.9	1.06		3.0 3.0 3.0 2.0 2.0 3.0 3.0 3.0 2.0
	BoDs4	4.7	0.94		3.0 1.0 3.0 3.0 1.0 2.0 2.0 2.0 1.0
	CCoSp2V	1.88	-0.64		1.0 -3.0 -4.0 -2.0 -4.0 -4.0 -3.0 -5.0 -4.0
program components:
	Skating Skills	0.80 7.75 7.50 7.75 7.50 7.50 7.75 7.50 7.50 7.25 7.57
	Transitions	0.80 7.50 7.00 8.00 7.25 7.50 7.50 7.50 7.50 7.25 7.43
	Performance	0.80 7.75 7.50 7.75 7.50 7.25 7.25 7.25 7.00 7.00 7.36
	Composition	0.80 8.00 7.25 8.00 7.75 7.75 7.50 7.75 7.50 7.50 7.68
	Interpretation of the Music	0.80 8.00 7.25 8.25 7.50 7.50 7.50 7.50 7.25 7.25 7.50
deductions:
	falls: -1.0

name: Tarah KAYNE / Danny O'SHEA
rank: 5
startingNbr: 4
elements:
	BoDsB	3.1	0.09		1.0 -1.0 2.0 3.0 0.0 0.0 0.0 -1.0 0.0
	3Tw2	5.4	0.54		2.0 1.0 1.0 2.0 -2.0 0.0 1.0 1.0 1.0
	3S<	-1.15	-3.0	< 3.23	-3.0 -4.0 -2.0 -4.0 -4.0 -3.0 -4.0 -4.0
	3STh	4.4	0.0		1.0 0.0 1.0 1.0 -2.0 1.0 -2.0 -1.0 0.0
	CCoSp4	3.5	0.55		1.0 -1.0 2.0 2.0 2.0 1.0 2.0 2.0 1.0
	StSq4	3.9	0.72		1.0 2.0 3.0 3.0 2.0 2.0 1.0 2.0 1.0
	4Li4	5.1	1.31		2.0 3.0 3.0 3.0 3.0 3.0 2.0 2.0 2.0
program components:
	Skating Skills	0.80 7.25 7.25 7.25 7.00 7.25 7.00 6.75 7.00 7.00 7.11
	Transitions	0.80 6.75 7.25 7.00 6.75 7.00 7.50 6.50 7.25 6.50 6.93
	Performance	0.80 7.00 7.00 7.00 7.25 6.75 7.25 6.75 7.25 7.00 7.04
	Composition	0.80 7.00 7.00 7.25 7.25 7.25 7.25 7.00 7.25 6.75 7.14
	Interpretation of the Music	0.80 7.00 7.25 7.50 7.25 7.25 7.25 6.75 7.25 7.00 7.18
deductions:

name: Laura BARQUERO / Aritz MAESTU
rank: 6
startingNbr: 3
elements:
	3Tw2	5.4	0.85		1.0 1.0 1.0 2.0 2.0 2.0 2.0 2.0 1.0
	3S	4.3	0.18		1.0 1.0 1.0 1.0 0.0 0.0 0.0 0.0 0.0
	3FTh	5.3	-0.53		1.0 1.0 -2.0 -1.0 -2.0 0.0 -2.0 -2.0 -1.0
	4Li4	5.1	0.07		1.0 -1.0 -2.0 0.0 0.0 1.0 0.0 0.0 1.0
	BoDs3	4.3	0.31		1.0 1.0 0.0 1.0 -2.0 1.0 1.0 1.0 0.0
	CCoSp4	3.5	0.0		-1.0 -1.0 1.0 -1.0 1.0 0.0 1.0 1.0 -1.0
	StSq2	2.6	0.33		1.0 1.0 2.0 2.0 1.0 2.0 1.0 1.0 0.0
program components:
	Skating Skills	0.80 6.25 5.75 5.50 6.00 6.25 6.00 5.50 5.50 5.75 5.82
	Transitions	0.80 5.50 5.25 5.75 5.75 5.75 6.25 5.50 5.75 5.50 5.64
	Performance	0.80 6.00 5.50 6.00 6.00 6.25 6.25 6.25 6.00 6.00 6.07
	Composition	0.80 6.25 5.75 6.50 6.00 6.25 6.00 5.75 6.25 5.75 6.04
	Interpretation of the Music	0.80 6.00 5.50 6.25 6.00 6.00 6.00 6.00 6.00 6.00 6.00
deductions:

name: Audrey LU / Misha MITROFANOV
rank: 7
startingNbr: 2
elements:
	3Tw3	5.7	-0.57		-1.0 -1.0 -1.0 -1.0 -4.0 -3.0 -1.0 1.0 1.0
	3LoTh	5.0	-0.29		0.0 0.0 -1.0 -1.0 -1.0 0.0 -1.0 -1.0 0.0
	4Li4	5.1	0.07		2.0 0.0 0.0 2.0 -1.0 -1.0 0.0 -1.0 1.0
	3S	4.3	0.43		1.0 2.0 2.0 2.0 0.0 1.0 0.0 0.0 1.0
	CCoSp2	2.5	0.36		1.0 0.0 2.0 2.0 0.0 2.0 2.0 2.0 1.0
	StSq1	1.8	0.26		2.0 2.0 1.0 3.0 1.0 1.0 0.0 2.0 1.0
	BoDsB	3.1	0.0		1.0 0.0 -1.0 3.0 -1.0 -1.0 -2.0 2.0 0.0
program components:
	Skating Skills	0.80 6.75 5.00 6.00 6.50 5.50 6.25 5.75 6.75 6.25 6.14
	Transitions	0.80 6.25 5.75 6.25 6.25 5.25 6.00 5.50 6.50 6.00 6.00
	Performance	0.80 6.50 6.00 6.00 6.50 5.50 6.25 6.25 6.50 6.25 6.25
	Composition	0.80 6.50 5.75 6.25 6.75 5.25 6.00 6.25 6.50 6.00 6.18
	Interpretation of the Music	0.80 6.75 6.00 6.00 6.50 5.25 6.00 6.25 6.50 6.00 6.18
deductions:

name: Miu SUZAKI / Ryuichi KIHARA
rank: 8
startingNbr: 1
elements:
	3T	4.2	0.54		0.0 2.0 3.0 1.0 1.0 1.0 1.0 2.0 1.0
	3Tw1	5.1	-1.75		-3.0 -3.0 -3.0 -3.0 -4.0 -4.0 -4.0 -4.0 -2.0
	4Li3	4.7	0.2		0.0 1.0 1.0 0.0 1.0 1.0 0.0 0.0 0.0
	3STh	4.4	-0.57		-1.0 -2.0 -1.0 -2.0 -1.0 -1.0 -2.0 -1.0 -1.0
	FCCoSp3V	2.25	-0.07		0.0 0.0 1.0 -1.0 0.0 0.0 0.0 -2.0 -1.0
	StSq3	3.3	0.42		1.0 2.0 1.0 2.0 2.0 0.0 1.0 1.0 1.0
	BoDs2	3.9	0.0		1.0 0.0 2.0 -2.0 -1.0 -1.0 0.0 0.0 1.0
program components:
	Skating Skills	0.80 6.25 6.25 6.00 6.00 6.50 5.75 6.00 5.75 6.00 6.04
	Transitions	0.80 5.50 5.75 5.50 5.50 6.00 5.50 5.50 5.50 5.50 5.54
	Performance	0.80 6.00 6.25 6.25 5.75 6.25 5.50 6.00 5.50 5.75 5.93
	Composition	0.80 6.25 5.50 6.00 5.75 6.25 5.50 6.25 5.75 6.00 5.93
	Interpretation of the Music	0.80 5.75 5.75 6.00 5.50 6.25 5.25 5.75 5.50 5.75 5.71
deductions:

