event name: ISU European Figure Skating Championships 2019
event type: MEN FREE SKATING
name: Javier FERNANDEZ
rank: 1
startingNbr: 23
elements:
	4T+3T	13.7	-1.49		-2.0 -1.0 -2.0 -1.0 -2.0 -2.0 -1.0 -2.0 -1.0
	4S	9.7	3.33		3.0 4.0 4.0 3.0 3.0 4.0 3.0 4.0 3.0
	3A+2T	9.3	1.71		2.0 2.0 2.0 3.0 2.0 2.0 2.0 3.0 2.0
	ChSq1	3.0	1.86		4.0 3.0 5.0 5.0 4.0 3.0 3.0 3.0 4.0
	CSSp4	3.0	0.9		3.0 3.0 3.0 4.0 2.0 3.0 3.0 3.0 3.0
	3A	8.0	3.09		4.0 4.0 4.0 5.0 3.0 4.0 3.0 5.0 3.0
	3Lo	5.39	1.47	x	3.0 3.0 3.0 4.0 3.0 2.0 2.0 4.0 3.0
	2F<<+1Eu+3S	5.83	-1.17	<< x	-3.0 -3.0 -3.0 -2.0 -2.0 -4.0 -3.0 -3.0 -1.0
	3S	4.73	0.92	x	3.0 2.0 2.0 3.0 2.0 2.0 2.0 2.0 2.0
	FUSp3	2.4	0.65		3.0 3.0 2.0 3.0 3.0 3.0 2.0 2.0 3.0
	StSq3	3.3	1.23		4.0 4.0 4.0 5.0 3.0 3.0 3.0 4.0 4.0
	CCoSp4	3.5	1.2		3.0 4.0 3.0 4.0 2.0 3.0 3.0 4.0 4.0
program components:
	Skating Skills	2.00 9.25 9.50 9.50 9.25 9.25 9.25 9.00 9.75 9.50 9.36
	Transitions	2.00 9.00 9.50 9.50 9.25 9.25 9.25 9.00 9.50 9.50 9.32
	Performance	2.00 9.25 9.50 9.75 9.50 8.75 9.25 9.25 9.50 9.50 9.39
	Composition	2.00 9.25 9.75 9.50 9.50 9.25 9.50 9.25 9.75 9.50 9.46
	Interpretation of the Music	2.00 9.25 9.75 9.75 9.50 8.75 9.50 9.50 9.75 9.75 9.57
deductions:

name: Alexander SAMARIN
rank: 2
startingNbr: 22
elements:
	4Lz	11.5	0.66		-1.0 0.0 1.0 2.0 1.0 1.0 0.0 1.0 0.0
	4T	9.5	2.71		1.0 2.0 3.0 4.0 3.0 3.0 3.0 4.0 2.0
	3A+2T+2Lo	11.0	0.69		0.0 0.0 2.0 1.0 1.0 2.0 0.0 1.0 1.0
	CSSp4	3.0	0.86		3.0 3.0 3.0 3.0 3.0 3.0 3.0 2.0 2.0
	3Lo	4.9	-0.63		-3.0 -2.0 -2.0 0.0 -2.0 0.0 -1.0 -1.0 -1.0
	StSq3	3.3	0.8		3.0 2.0 3.0 2.0 2.0 3.0 3.0 2.0 2.0
	3A	8.8	2.29	x	3.0 2.0 3.0 3.0 2.0 3.0 3.0 4.0 3.0
	3Lz+3T	11.11	0.51	x	1.0 0.0 1.0 1.0 1.0 1.0 -1.0 3.0 1.0
	3F	5.83	1.21	x	2.0 1.0 3.0 2.0 2.0 3.0 2.0 3.0 2.0
	FCSp3	2.8	0.64		3.0 2.0 2.0 2.0 2.0 3.0 2.0 2.0 3.0
	ChSq1	3.0	1.0		3.0 2.0 1.0 2.0 2.0 2.0 2.0 2.0 2.0
	CCoSp4	3.5	0.65		3.0 2.0 1.0 2.0 1.0 2.0 2.0 2.0 2.0
program components:
	Skating Skills	2.00 9.25 8.50 8.75 8.75 8.75 8.75 8.75 9.50 9.00 8.86
	Transitions	2.00 8.75 8.25 8.50 8.75 8.00 8.25 8.50 9.25 8.75 8.54
	Performance	2.00 9.25 8.50 9.25 9.00 8.75 8.75 9.00 9.50 9.50 9.07
	Composition	2.00 9.25 8.25 8.75 8.75 8.50 8.75 8.75 9.50 9.25 8.86
	Interpretation of the Music	2.00 9.00 8.25 8.75 9.00 8.50 8.50 8.75 9.25 9.00 8.79
deductions:

name: Matteo RIZZO
rank: 3
startingNbr: 13
elements:
	4T	9.5	3.26		1.0 3.0 3.0 4.0 3.0 3.0 4.0 4.0 4.0
	3A+2T	9.3	1.83		2.0 1.0 2.0 2.0 2.0 3.0 2.0 3.0 3.0
	3Lz+3T	10.1	-0.51		-1.0 -1.0 -2.0 -1.0 0.0 -2.0 -1.0 0.0 1.0
	3Lo	4.9	0.77		2.0 1.0 2.0 2.0 1.0 3.0 0.0 1.0 2.0
	CCSp4	3.2	0.64		1.0 3.0 2.0 2.0 2.0 1.0 2.0 2.0 3.0
	ChSq1	3.0	1.07		2.0 1.0 2.0 3.0 3.0 2.0 2.0 2.0 2.0
	3A	8.8	-3.66	x	-5.0 -5.0 -4.0 -5.0 -4.0 -5.0 -4.0 -5.0 -4.0
	3F+1Eu+3S	11.11	1.21	x	2.0 1.0 3.0 2.0 2.0 3.0 2.0 2.0 3.0
	3Lz	6.49	1.35	x	2.0 1.0 3.0 4.0 2.0 3.0 2.0 2.0 2.0
	FSSp4	3.0	0.77		2.0 3.0 2.0 3.0 3.0 2.0 4.0 2.0 3.0
	StSq3	3.3	1.18		3.0 3.0 4.0 4.0 4.0 3.0 3.0 4.0 4.0
	CCoSp4	3.5	0.7		2.0 1.0 2.0 2.0 2.0 2.0 2.0 2.0 3.0
program components:
	Skating Skills	2.00 8.25 7.75 8.00 8.00 8.25 7.75 8.00 8.00 8.25 8.04
	Transitions	2.00 7.75 7.75 7.75 7.75 8.25 7.75 8.00 7.75 8.00 7.82
	Performance	2.00 8.00 8.00 8.50 8.25 8.00 8.25 8.25 8.00 8.25 8.14
	Composition	2.00 8.25 8.00 8.00 8.25 8.25 8.25 8.25 8.00 8.25 8.18
	Interpretation of the Music	2.00 8.25 8.00 8.25 8.25 8.00 8.50 8.25 8.25 8.50 8.25
deductions:

name: Kevin AYMOZ
rank: 4
startingNbr: 20
elements:
	4T	9.5	-4.75		-5.0 -5.0 -5.0 -5.0 -5.0 -4.0 -5.0 -5.0 -5.0
	3Lz+3T	10.1	0.84		1.0 1.0 1.0 2.0 1.0 2.0 1.0 2.0 2.0
	3A	8.0	2.17		2.0 3.0 3.0 3.0 1.0 3.0 2.0 3.0 3.0
	3Lo	4.9	-1.96		-5.0 -3.0 -3.0 -5.0 -4.0 -5.0 -3.0 -5.0 -3.0
	CCSp4	3.2	0.82		2.0 2.0 4.0 4.0 3.0 3.0 2.0 2.0 1.0
	3A+2T	9.3	2.4		3.0 3.0 3.0 2.0 3.0 3.0 3.0 4.0 3.0
	3Lz+1Eu+3S<	10.59	-1.69	< x	-3.0 -2.0 -3.0 -5.0 -3.0 -3.0 -2.0 -3.0 -3.0
	3Fe	4.38	-0.69	e x	-3.0 -2.0 -2.0 0.0 -2.0 -2.0 -1.0 -1.0 -2.0
	ChSq1	3.0	1.71		4.0 3.0 4.0 4.0 3.0 4.0 2.0 3.0 3.0
	FSSp3	2.6	0.59		2.0 3.0 3.0 3.0 2.0 2.0 2.0 2.0 1.0
	CCoSp4	3.5	0.6		2.0 2.0 2.0 2.0 1.0 3.0 2.0 1.0 1.0
	StSq4	3.9	1.39		4.0 4.0 5.0 5.0 3.0 3.0 3.0 3.0 3.0
program components:
	Skating Skills	2.00 8.50 8.50 8.50 8.50 7.75 8.00 8.25 9.00 8.75 8.43
	Transitions	2.00 8.00 8.50 8.75 8.25 7.75 8.25 8.00 8.75 8.25 8.29
	Performance	2.00 8.25 8.50 8.50 8.50 7.50 8.25 8.25 9.00 8.50 8.39
	Composition	2.00 8.50 8.75 9.00 8.75 8.25 8.50 8.50 9.25 8.50 8.64
	Interpretation of the Music	2.00 8.50 8.75 9.00 9.00 8.00 8.50 8.50 9.00 8.75 8.71
deductions:
	falls: 1

name: Daniel GRASSL
rank: 5
startingNbr: 17
elements:
	4Lz	11.5	-5.75		-5.0 -5.0 -5.0 -5.0 -5.0 -5.0 -5.0 -5.0 -5.0
	4Lo	10.5	2.1		0.0 1.0 2.0 2.0 2.0 3.0 2.0 3.0 2.0
	3A<	6.0	-0.94	<	-2.0 -2.0 -3.0 -1.0 -2.0 -1.0 -1.0 -2.0 -1.0
	3Lo	4.9	0.35		1.0 0.0 1.0 1.0 1.0 1.0 0.0 0.0 2.0
	FCCoSp4	3.5	0.5		2.0 1.0 1.0 2.0 1.0 2.0 1.0 1.0 2.0
	StSq3	3.3	0.52		3.0 1.0 1.0 2.0 3.0 1.0 2.0 1.0 1.0
	3Lz+3T	11.11	0.84	x	2.0 0.0 1.0 1.0 2.0 2.0 0.0 2.0 2.0
	3F+1Eu+3S<	9.93	-0.83	< x	-2.0 -2.0 -2.0 -1.0 -1.0 -2.0 -1.0 -2.0 -1.0
	3Lz+3T	11.11	0.51	x	2.0 0.0 1.0 1.0 2.0 1.0 0.0 -1.0 1.0
	ChSq1	3.0	1.07		2.0 2.0 1.0 2.0 3.0 2.0 2.0 2.0 3.0
	CSSp4	3.0	0.56		2.0 2.0 1.0 3.0 2.0 2.0 2.0 1.0 2.0
	CCoSp4	3.5	0.95		3.0 3.0 2.0 4.0 3.0 3.0 2.0 2.0 3.0
program components:
	Skating Skills	2.00 8.50 7.00 7.25 7.25 7.25 7.50 7.50 8.00 7.50 7.46
	Transitions	2.00 8.00 7.00 7.50 7.00 7.50 7.00 7.25 7.75 7.25 7.32
	Performance	2.00 8.25 7.00 7.25 7.00 7.50 7.25 7.50 8.00 7.50 7.43
	Composition	2.00 8.50 7.25 7.75 7.25 7.75 7.25 7.50 8.25 7.50 7.61
	Interpretation of the Music	2.00 8.25 7.25 7.50 7.00 7.50 7.25 7.75 8.25 7.50 7.57
deductions:
	falls: 1

name: Michal BREZINA
rank: 6
startingNbr: 16
elements:
	4S	9.7	-2.08		-3.0 -2.0 -3.0 -2.0 -1.0 -2.0 -3.0 0.0 -2.0
	3A+3T	12.2	1.37		2.0 1.0 2.0 1.0 1.0 2.0 1.0 4.0 3.0
	4S+2T	11.0	-0.55		-3.0 -1.0 0.0 0.0 1.0 -1.0 -2.0 1.0 -1.0
	FSSp4	3.0	0.69		1.0 2.0 2.0 3.0 3.0 3.0 1.0 3.0 2.0
	StSq3	3.3	0.8		2.0 3.0 2.0 4.0 3.0 3.0 2.0 2.0 2.0
	FCCoSp4	3.5	0.65		1.0 2.0 2.0 2.0 2.0 2.0 2.0 2.0 1.0
	3Lz	5.9	1.43		2.0 2.0 2.0 3.0 2.0 3.0 2.0 4.0 3.0
	1A	1.21	0.0	x	0.0 0.0 0.0 0.0 0.0 1.0 0.0 0.0 0.0
	1F+2T+2Lo	3.85	0.0	x	1.0 0.0 0.0 0.0 0.0 0.0 0.0 0.0 0.0
	3A<	6.6	-3.0	< x	-5.0 -5.0 -5.0 -5.0 -5.0 -5.0 -5.0 -5.0 -5.0
	ChSq1	3.0	1.36		3.0 3.0 1.0 4.0 2.0 3.0 2.0 3.0 3.0
	CCoSp4	3.5	0.8		3.0 2.0 1.0 3.0 2.0 3.0 2.0 2.0 2.0
program components:
	Skating Skills	2.00 8.50 8.50 8.50 8.50 8.50 8.50 8.50 9.00 8.25 8.50
	Transitions	2.00 8.00 8.50 8.00 8.25 8.00 8.25 8.00 8.75 8.00 8.14
	Performance	2.00 8.00 8.50 7.75 8.50 8.25 8.00 8.00 9.00 8.00 8.18
	Composition	2.00 8.25 8.75 8.25 8.50 8.50 8.50 8.25 9.25 8.25 8.43
	Interpretation of the Music	2.00 8.25 8.75 8.00 8.75 8.50 8.50 8.25 9.00 8.00 8.43
deductions:
	falls: 1

name: Morisi KVITELASHVILI
rank: 7
startingNbr: 8
elements:
	4S	9.7	0.83		-1.0 0.0 2.0 2.0 1.0 0.0 -1.0 3.0 2.0
	3A	8.0	1.14		1.0 1.0 2.0 1.0 1.0 0.0 1.0 3.0 3.0
	3F+1Eu+2S	7.1	0.45		1.0 0.0 2.0 1.0 1.0 0.0 0.0 2.0 1.0
	3Lo	4.9	0.91		2.0 1.0 2.0 2.0 2.0 2.0 1.0 2.0 2.0
	FCSp3	2.8	0.28		1.0 0.0 2.0 1.0 1.0 0.0 1.0 2.0 1.0
	ChSq1	3.0	0.71		2.0 1.0 0.0 2.0 1.0 1.0 2.0 2.0 1.0
	4T	10.45	-1.09	x	-3.0 -1.0 -1.0 -1.0 -1.0 -2.0 -1.0 -1.0 -1.0
	2T+3T	6.05	-1.38	x	-3.0 -3.0 -3.0 -3.0 -3.0 -4.0 -4.0 -4.0 -2.0
	3F+3T<	9.3	-1.36	< x	-4.0 -2.0 -3.0 -2.0 -3.0 -5.0 -2.0 -2.0 -2.0
	FCCoSp3V	2.25	0.32		2.0 1.0 2.0 2.0 1.0 1.0 2.0 1.0 1.0
	StSq3	3.3	0.57		2.0 1.0 2.0 2.0 2.0 1.0 2.0 2.0 0.0
	CCoSp4	3.5	0.6		2.0 1.0 2.0 3.0 2.0 2.0 2.0 1.0 1.0
program components:
	Skating Skills	2.00 7.75 7.75 7.50 7.50 7.50 7.50 7.50 7.75 7.00 7.57
	Transitions	2.00 7.25 7.50 7.00 7.25 7.25 7.00 7.50 7.50 6.50 7.25
	Performance	2.00 7.25 7.75 7.50 7.75 7.50 7.25 7.25 7.50 6.75 7.43
	Composition	2.00 7.50 7.75 7.25 7.50 7.50 7.50 7.50 8.00 6.50 7.50
	Interpretation of the Music	2.00 7.50 7.75 7.50 7.75 7.25 7.25 7.25 7.75 6.75 7.46
deductions:

name: Alexander MAJOROV
rank: 8
startingNbr: 15
elements:
	4T	9.5	2.71		2.0 2.0 2.0 2.0 2.0 4.0 4.0 4.0 4.0
	3A	8.0	-4.0		-5.0 -5.0 -4.0 -5.0 -5.0 -5.0 -5.0 -5.0 -5.0
	3Lz+3T	10.1	1.18		1.0 1.0 2.0 2.0 2.0 3.0 3.0 2.0 2.0
	FCCoSp4	3.5	0.7		1.0 2.0 2.0 2.0 2.0 2.0 2.0 3.0 2.0
	3F	5.3	-1.44	!	-4.0 -3.0 -3.0 -2.0 -2.0 -3.0 -2.0 -2.0 -4.0
	StSq3	3.3	0.52		2.0 1.0 1.0 2.0 1.0 2.0 2.0 2.0 1.0
	3A+REP	6.16	-1.83	x	-3.0 -2.0 -3.0 -2.0 -2.0 -3.0 -2.0 -2.0 -2.0
	2A+3T	8.25	0.54	x	2.0 1.0 1.0 1.0 1.0 1.0 1.0 2.0 2.0
	FSSp3	2.6	0.19		1.0 1.0 1.0 1.0 1.0 0.0 0.0 0.0 1.0
	3S	4.73	0.61	x	2.0 1.0 1.0 1.0 2.0 2.0 1.0 2.0 1.0
	ChSq1	3.0	1.36		3.0 2.0 3.0 3.0 2.0 3.0 2.0 3.0 3.0
	CCoSp4	3.5	0.8		2.0 3.0 2.0 3.0 2.0 2.0 2.0 3.0 2.0
program components:
	Skating Skills	2.00 8.00 7.75 7.75 7.75 7.25 7.50 7.75 8.75 7.50 7.71
	Transitions	2.00 7.50 7.50 7.75 8.00 7.25 7.25 7.75 8.50 6.75 7.57
	Performance	2.00 7.50 8.00 7.50 8.00 7.50 7.75 8.00 8.50 7.25 7.75
	Composition	2.00 7.75 7.75 7.75 8.25 7.25 7.75 7.75 8.75 7.50 7.79
	Interpretation of the Music	2.00 7.75 7.75 7.50 8.25 7.50 7.75 8.00 8.75 7.25 7.79
deductions:
	falls: 1

name: Adam SIAO HIM FA
rank: 9
startingNbr: 11
elements:
	4T	9.5	-4.75		-5.0 -5.0 -5.0 -5.0 -5.0 -5.0 -5.0 -5.0 -5.0
	3A	8.0	1.26		1.0 1.0 2.0 2.0 1.0 2.0 1.0 3.0 2.0
	4S	9.7	-4.85		-5.0 -5.0 -5.0 -5.0 -5.0 -5.0 -5.0 -5.0 -4.0
	FCCoSp3	3.0	0.09		1.0 0.0 1.0 1.0 -1.0 -1.0 0.0 0.0 1.0
	StSq3	3.3	0.66		2.0 2.0 2.0 3.0 2.0 1.0 2.0 2.0 2.0
	4T+2T	10.8	0.81		0.0 0.0 2.0 1.0 1.0 1.0 0.0 2.0 1.0
	3Lz	6.49	-1.18	x	-2.0 -1.0 -2.0 -2.0 -4.0 -2.0 -2.0 -2.0 -2.0
	3Lo	5.39	0.7	x	1.0 1.0 2.0 1.0 2.0 1.0 2.0 2.0 1.0
	3F+1Eu+3S	11.11	-0.23	! x	0.0 -1.0 -1.0 -1.0 0.0 -2.0 1.0 0.0 0.0
	CCoSp4	3.5	0.35		1.0 1.0 1.0 1.0 1.0 0.0 1.0 1.0 1.0
	ChSq1	3.0	1.43		3.0 2.0 3.0 3.0 3.0 3.0 2.0 4.0 3.0
	CSSp3	2.6	0.48		3.0 1.0 2.0 2.0 1.0 0.0 2.0 2.0 3.0
program components:
	Skating Skills	2.00 7.25 7.00 6.50 7.75 7.00 7.25 7.25 7.50 7.25 7.21
	Transitions	2.00 6.75 6.75 6.50 7.25 6.25 6.50 7.00 7.25 6.50 6.75
	Performance	2.00 6.75 6.75 7.00 7.25 6.75 6.75 7.00 7.50 7.25 6.96
	Composition	2.00 7.00 7.00 6.75 7.50 6.50 6.75 7.25 7.75 7.00 7.04
	Interpretation of the Music	2.00 7.00 7.00 7.25 7.75 6.50 7.00 7.25 7.50 7.00 7.14
deductions:

name: Deniss VASILJEVS
rank: 10
startingNbr: 14
elements:
	3T	4.2	-0.24		-2.0 -1.0 -1.0 -1.0 -1.0 -1.0 1.0 0.0 1.0
	3A	8.0	-4.0		-5.0 -5.0 -5.0 -5.0 -5.0 -5.0 -5.0 -5.0 -5.0
	3A<+REP	4.2	-3.0	<	-5.0 -5.0 -5.0 -5.0 -5.0 -5.0 -5.0 -5.0 -5.0
	ChSq1	3.0	1.43		2.0 3.0 3.0 2.0 4.0 3.0 3.0 2.0 4.0
	FCSp4	3.2	0.73		2.0 2.0 4.0 3.0 2.0 3.0 2.0 2.0 2.0
	3Lo+2T	6.2	0.7		2.0 0.0 2.0 1.0 1.0 2.0 1.0 1.0 2.0
	3Lz+1Eu+3S	11.77	0.93	x	1.0 0.0 1.0 1.0 2.0 2.0 2.0 2.0 2.0
	3Lz	6.49	1.43	x	1.0 2.0 2.0 2.0 3.0 3.0 2.0 3.0 3.0
	3F<	4.38	-0.74	< x	-2.0 -2.0 -3.0 0.0 -2.0 -3.0 -1.0 -2.0 -1.0
	CCoSp4	3.5	1.05		3.0 3.0 3.0 3.0 3.0 3.0 3.0 3.0 3.0
	StSq3	3.3	0.94		2.0 2.0 4.0 3.0 3.0 3.0 3.0 3.0 3.0
	FCCoSp3	3.0	0.86		3.0 3.0 4.0 3.0 3.0 3.0 2.0 2.0 3.0
program components:
	Skating Skills	2.00 8.00 8.25 8.25 7.50 7.75 8.00 8.50 8.50 8.25 8.14
	Transitions	2.00 7.75 8.00 8.25 7.25 7.75 8.50 8.25 8.25 8.00 8.04
	Performance	2.00 8.00 8.00 8.00 7.25 7.75 8.00 8.00 8.50 7.75 7.93
	Composition	2.00 8.25 8.25 8.50 7.50 8.00 8.25 8.50 8.50 8.00 8.25
	Interpretation of the Music	2.00 8.00 8.25 8.50 7.50 8.25 8.50 8.25 8.75 8.25 8.29
deductions:
	falls: 2

name: Mikhail KOLYADA
rank: 11
startingNbr: 24
elements:
	4S	9.7	-4.85		-5.0 -5.0 -5.0 -5.0 -5.0 -4.0 -5.0 -5.0 -5.0
	4T	9.5	3.12		4.0 3.0 3.0 2.0 2.0 4.0 4.0 4.0 3.0
	3A	8.0	-4.0		-5.0 -5.0 -5.0 -5.0 -5.0 -5.0 -5.0 -5.0 -5.0
	FSSp4	3.0	0.99		4.0 4.0 4.0 3.0 3.0 4.0 3.0 2.0 2.0
	ChSq1	3.0	1.5		3.0 3.0 4.0 3.0 3.0 3.0 3.0 3.0 3.0
	3Lo	4.9	-2.45		-5.0 -5.0 -5.0 -5.0 -5.0 -5.0 -5.0 -5.0 -5.0
	3T	4.62	1.2	x	3.0 2.0 3.0 3.0 3.0 4.0 4.0 2.0 2.0
	1A	1.21	0.0	x	1.0 0.0 0.0 0.0 -1.0 0.0 0.0 0.0 0.0
	3Lz	6.49	-0.51	x	-1.0 -2.0 -1.0 -2.0 -1.0 -2.0 0.0 1.0 1.0
	StSq3	3.3	0.85		2.0 3.0 3.0 3.0 2.0 1.0 3.0 3.0 2.0
	CCSp4	3.2	0.91		4.0 2.0 3.0 3.0 3.0 4.0 3.0 2.0 2.0
	CCoSp4	3.5	0.9		3.0 3.0 3.0 2.0 2.0 3.0 4.0 2.0 1.0
program components:
	Skating Skills	2.00 9.00 9.00 8.75 8.50 9.00 8.75 9.00 9.00 8.75 8.89
	Transitions	2.00 8.50 8.75 8.50 8.25 8.25 8.50 9.00 8.75 8.50 8.54
	Performance	2.00 8.75 8.50 8.50 8.00 8.25 8.25 8.50 9.00 8.25 8.43
	Composition	2.00 8.75 8.75 8.75 8.50 8.75 8.75 9.00 9.25 8.50 8.75
	Interpretation of the Music	2.00 8.75 8.75 8.25 8.25 8.25 8.75 8.75 9.00 8.25 8.54
deductions:
	falls: 3

name: Paul FENTZ
rank: 12
startingNbr: 10
elements:
	3A	8.0	2.51		3.0 2.0 4.0 4.0 3.0 3.0 3.0 3.0 3.0
	4T<<	4.2	-2.04	<<	-5.0 -4.0 -5.0 -5.0 -5.0 -5.0 -5.0 -4.0 -5.0
	3Lz+3T	10.1	-0.34		-1.0 -2.0 0.0 -1.0 0.0 -1.0 0.0 -1.0 0.0
	3Lo	4.9	0.07		1.0 0.0 1.0 -1.0 0.0 0.0 -1.0 1.0 0.0
	CCoSp4	3.5	0.15		-1.0 0.0 -1.0 1.0 0.0 0.0 1.0 2.0 2.0
	3A+2T	10.23	1.14	x	1.0 1.0 3.0 1.0 2.0 1.0 1.0 2.0 2.0
	3Lz+1Eu+2F	9.02	0.42	x	2.0 0.0 2.0 0.0 1.0 0.0 0.0 2.0 0.0
	FCSp3	2.8	0.16		1.0 0.0 1.0 1.0 0.0 0.0 1.0 1.0 0.0
	StSq3	3.3	0.8		3.0 2.0 2.0 3.0 3.0 3.0 2.0 1.0 2.0
	2S	1.43	0.07	x	2.0 0.0 0.0 1.0 0.0 1.0 1.0 0.0 1.0
	CSSp3	2.6	0.37		1.0 1.0 2.0 2.0 1.0 2.0 1.0 1.0 2.0
	ChSq1	3.0	1.21		3.0 2.0 2.0 3.0 3.0 3.0 2.0 2.0 2.0
program components:
	Skating Skills	2.00 7.50 7.25 7.50 7.75 7.50 7.00 7.25 7.25 7.25 7.36
	Transitions	2.00 7.00 7.00 7.25 7.50 7.00 7.00 6.75 7.00 7.00 7.04
	Performance	2.00 7.00 7.00 7.50 7.75 7.50 7.25 7.00 7.25 7.00 7.21
	Composition	2.00 7.50 7.25 7.25 7.50 7.50 7.25 7.00 7.50 7.25 7.36
	Interpretation of the Music	2.00 7.25 7.25 7.50 8.00 7.25 7.50 7.25 7.50 7.25 7.36
deductions:

name: Alexei BYCHENKO
rank: 13
startingNbr: 18
elements:
	4T	9.5	-1.36		-3.0 -1.0 -3.0 -1.0 -1.0 -1.0 -1.0 -1.0 -2.0
	3Lz+2T	7.2	1.18		2.0 1.0 2.0 2.0 2.0 3.0 2.0 2.0 2.0
	3A+2T	9.3	1.26		2.0 0.0 2.0 1.0 1.0 2.0 1.0 3.0 2.0
	3Lo	4.9	0.21		1.0 0.0 0.0 0.0 0.0 1.0 0.0 1.0 1.0
	CCoSp4V	2.63	0.26		1.0 1.0 1.0 1.0 1.0 1.0 2.0 1.0 1.0
	StSq3	3.3	0.52		1.0 2.0 1.0 1.0 1.0 2.0 3.0 2.0 2.0
	3A<	6.6	-3.0	< x	-5.0 -5.0 -5.0 -5.0 -5.0 -5.0 -5.0 -5.0 -5.0
	2Lz+1Eu+2S	4.29	0.15	x	1.0 0.0 1.0 1.0 0.0 2.0 0.0 1.0 1.0
	FCSp2	2.3	-0.2		-3.0 -1.0 -1.0 0.0 -2.0 -2.0 0.0 0.0 1.0
	ChSq1	3.0	0.79		2.0 2.0 0.0 1.0 1.0 2.0 2.0 2.0 1.0
	3F	5.83	0.3	x	1.0 0.0 0.0 0.0 0.0 2.0 1.0 1.0 1.0
	CSSp2	2.3	-0.03		0.0 0.0 -1.0 0.0 -2.0 1.0 0.0 0.0 0.0
program components:
	Skating Skills	2.00 7.75 8.00 7.75 7.75 6.75 8.25 7.75 8.25 7.50 7.82
	Transitions	2.00 7.00 7.50 7.00 7.25 6.25 7.75 7.75 8.00 7.25 7.36
	Performance	2.00 7.25 7.75 7.50 7.25 6.50 7.75 7.75 8.25 7.50 7.54
	Composition	2.00 7.75 7.75 7.50 7.50 6.75 8.25 7.75 8.75 7.50 7.71
	Interpretation of the Music	2.00 7.50 7.75 7.25 7.50 6.75 8.00 8.00 8.50 7.25 7.61
deductions:
	falls: 1

name: Daniel SAMOHIN
rank: 14
startingNbr: 21
elements:
	4T	9.5	-4.75		-5.0 -5.0 -5.0 -5.0 -5.0 -5.0 -5.0 -5.0 -5.0
	4S	9.7	-4.85		-5.0 -5.0 -5.0 -5.0 -5.0 -4.0 -5.0 -5.0 -5.0
	3Lo	4.9	1.12		2.0 2.0 2.0 2.0 1.0 3.0 3.0 3.0 2.0
	FCSp1	1.9	0.33		3.0 1.0 2.0 1.0 0.0 2.0 2.0 2.0 2.0
	ChSq1	3.0	1.36		3.0 3.0 2.0 2.0 2.0 3.0 3.0 4.0 3.0
	3Lz+2T	7.2	-1.01		-3.0 -1.0 0.0 -3.0 -2.0 -1.0 -3.0 -1.0 -1.0
	CSSp4	3.0	0.39		1.0 1.0 2.0 1.0 0.0 1.0 2.0 1.0 2.0
	2Lz	2.31	-0.81	x	-4.0 -3.0 -4.0 -5.0 -5.0 -5.0 -3.0 -3.0 -3.0
	1A	1.21	0.02	x	0.0 0.0 0.0 0.0 0.0 2.0 0.0 0.0 1.0
	3A	8.8	0.57	x	0.0 0.0 1.0 1.0 0.0 2.0 0.0 2.0 1.0
	CCoSp4	3.5	0.7		1.0 3.0 2.0 2.0 1.0 2.0 2.0 3.0 2.0
	StSq3	3.3	0.94		3.0 2.0 3.0 3.0 2.0 3.0 3.0 5.0 3.0
program components:
	Skating Skills	2.00 8.25 8.25 8.00 8.25 7.50 8.25 8.00 8.75 8.50 8.21
	Transitions	2.00 7.75 8.00 7.75 8.00 7.00 8.00 7.75 8.50 8.25 7.93
	Performance	2.00 8.00 7.75 7.50 8.00 7.00 7.75 7.50 8.50 8.50 7.86
	Composition	2.00 8.25 8.00 8.00 8.25 7.50 8.50 7.75 8.75 8.50 8.18
	Interpretation of the Music	2.00 8.00 8.00 7.75 8.00 7.25 8.25 7.75 8.75 8.25 8.00
deductions:
	falls: 2

name: Vladimir LITVINTSEV
rank: 15
startingNbr: 12
elements:
	4T<	7.13	-3.57	<	-5.0 -5.0 -5.0 -5.0 -5.0 -5.0 -5.0 -5.0 -5.0
	3A+3T	12.2	1.14		2.0 1.0 2.0 1.0 1.0 1.0 1.0 2.0 2.0
	3A<	6.0	-1.11	<	-3.0 -2.0 -2.0 -2.0 -3.0 -2.0 -1.0 -1.0 -1.0
	3F<	3.98	-0.74	<	-2.0 -2.0 -3.0 -1.0 -3.0 -2.0 -1.0 -1.0 -2.0
	FCSp2	2.3	-0.3		-1.0 -1.0 -2.0 0.0 -3.0 -2.0 -1.0 -1.0 -1.0
	StSq2	2.6	0.3		2.0 1.0 1.0 1.0 0.0 1.0 2.0 1.0 1.0
	3Lz+3T	11.11	-0.17	! x	-1.0 -1.0 0.0 0.0 0.0 -2.0 0.0 0.0 0.0
	3Lo	5.39	0.7	x	2.0 0.0 2.0 1.0 1.0 2.0 1.0 1.0 2.0
	ChSq1	3.0	0.5		2.0 1.0 1.0 1.0 0.0 1.0 1.0 1.0 1.0
	2A+1Eu+3S	8.91	0.25	x	1.0 0.0 1.0 1.0 0.0 0.0 0.0 1.0 1.0
	CSSp4	3.0	0.21		1.0 0.0 1.0 1.0 0.0 0.0 1.0 1.0 1.0
	CCoSp3V	2.25	0.1		0.0 1.0 0.0 1.0 0.0 0.0 1.0 2.0 0.0
program components:
	Skating Skills	2.00 7.00 7.00 6.75 6.50 6.50 7.00 7.00 7.50 6.75 6.86
	Transitions	2.00 6.50 6.50 6.00 6.00 5.25 6.50 6.75 7.25 5.75 6.29
	Performance	2.00 6.75 6.75 6.25 6.25 6.00 6.75 7.00 7.25 6.75 6.64
	Composition	2.00 7.00 6.75 6.75 6.50 6.00 6.75 7.00 7.50 7.00 6.82
	Interpretation of the Music	2.00 6.75 6.75 6.25 6.25 5.50 6.75 7.00 7.50 6.75 6.64
deductions:
	falls: 1

name: Maxim KOVTUN
rank: 16
startingNbr: 19
elements:
	4T	9.5	-0.54		-1.0 -1.0 -1.0 0.0 0.0 0.0 -1.0 0.0 -1.0
	4S<	7.28	-3.64	<	-5.0 -5.0 -5.0 -5.0 -5.0 -5.0 -5.0 -5.0 -5.0
	2T	1.3	0.0		0.0 0.0 0.0 0.0 1.0 0.0 -1.0 0.0 0.0
	FCSp4	3.2	0.64		3.0 1.0 1.0 2.0 2.0 2.0 3.0 2.0 2.0
	StSq3	3.3	0.75		2.0 2.0 2.0 2.0 2.0 3.0 3.0 3.0 2.0
	3A	8.0	-1.94		-3.0 -2.0 -2.0 -3.0 -2.0 -2.0 -2.0 -4.0 -3.0
	3A+REP	6.16	-2.06	x	-3.0 -2.0 -3.0 -3.0 -3.0 -2.0 -2.0 -4.0 -2.0
	2Lo	1.87	0.02	x	1.0 0.0 0.0 0.0 0.0 0.0 0.0 0.0 1.0
	2Lz+1Eu<+2S	4.16	-0.42	< x	-2.0 -2.0 -2.0 -3.0 -2.0 -3.0 -1.0 -1.0 -2.0
	ChSq1	3.0	0.71		2.0 0.0 1.0 2.0 2.0 2.0 0.0 2.0 1.0
	CCoSp4	3.5	0.45		2.0 1.0 1.0 2.0 1.0 1.0 2.0 1.0 1.0
	CSSp4	3.0	0.3		2.0 1.0 0.0 1.0 0.0 1.0 1.0 1.0 2.0
program components:
	Skating Skills	2.00 8.50 8.50 8.25 8.00 8.50 8.50 8.25 8.50 8.00 8.36
	Transitions	2.00 8.00 8.25 8.00 7.50 7.75 8.00 8.00 8.25 8.00 8.00
	Performance	2.00 8.25 8.25 7.75 7.50 7.75 8.00 7.50 8.25 7.50 7.86
	Composition	2.00 8.50 8.50 8.25 8.00 8.50 8.25 8.00 8.75 8.00 8.29
	Interpretation of the Music	2.00 8.00 8.25 7.75 7.75 7.75 8.25 8.00 8.50 7.75 7.96
deductions:
	falls: 1

name: Graham NEWBERRY
rank: 17
startingNbr: 3
elements:
	3A+2T	9.3	1.14		1.0 1.0 2.0 1.0 2.0 0.0 1.0 2.0 2.0
	3Lo+1Eu+3S<	8.63	-1.26	<	-2.0 -3.0 -2.0 -4.0 -2.0 -3.0 -2.0 -3.0 -3.0
	3Lz+2T	7.2	-1.1		-1.0 -3.0 -2.0 -2.0 -2.0 -3.0 -1.0 -2.0 -1.0
	FCSp3	2.8	0.56		2.0 1.0 2.0 1.0 3.0 2.0 3.0 2.0 2.0
	3S	4.3	0.68		2.0 1.0 2.0 3.0 2.0 0.0 1.0 1.0 2.0
	StSq3	3.3	0.42		2.0 1.0 1.0 1.0 1.0 1.0 1.0 2.0 2.0
	2A	3.63	-0.19	x	0.0 -1.0 0.0 -1.0 -1.0 -1.0 -1.0 0.0 0.0
	3Lz	6.49	1.1	x	1.0 1.0 2.0 2.0 2.0 2.0 2.0 2.0 2.0
	2A	3.63	0.33	x	1.0 1.0 1.0 1.0 1.0 1.0 0.0 1.0 1.0
	CCoSp3	3.0	0.34		1.0 0.0 2.0 1.0 -1.0 1.0 2.0 2.0 1.0
	ChSq1	3.0	0.64		2.0 0.0 1.0 2.0 0.0 1.0 3.0 0.0 3.0
	FCCoSp4	3.5	0.55		1.0 0.0 1.0 2.0 2.0 1.0 2.0 2.0 3.0
program components:
	Skating Skills	2.00 6.75 6.25 6.50 6.75 6.50 6.50 6.50 7.00 6.75 6.61
	Transitions	2.00 6.50 6.00 6.25 6.25 6.00 6.00 6.25 6.75 6.50 6.25
	Performance	2.00 6.50 6.25 6.75 6.75 6.50 6.50 6.50 6.75 6.75 6.61
	Composition	2.00 7.00 6.00 6.75 6.50 6.25 6.50 6.50 7.00 6.50 6.57
	Interpretation of the Music	2.00 6.75 6.00 6.75 6.75 6.25 6.25 6.75 6.75 6.75 6.61
deductions:

name: Sondre ODDVOLL BOE
rank: 18
startingNbr: 6
elements:
	3F	5.3	1.06		2.0 1.0 2.0 2.0 2.0 2.0 2.0 2.0 2.0
	3Lz+3T<	9.05	-1.01	<	-2.0 -2.0 -2.0 -2.0 -1.0 -2.0 -1.0 -1.0 -2.0
	3F+1T	5.7	0.23		1.0 0.0 1.0 0.0 1.0 1.0 0.0 0.0 0.0
	2A	3.3	0.28		1.0 1.0 1.0 1.0 2.0 1.0 0.0 0.0 1.0
	FCCoSp4	3.5	0.35		1.0 1.0 2.0 1.0 1.0 0.0 1.0 1.0 1.0
	StSq3	3.3	0.33		1.0 1.0 1.0 1.0 1.0 1.0 1.0 1.0 1.0
	3S	4.73	-0.06	x	-1.0 0.0 0.0 0.0 0.0 0.0 0.0 1.0 -1.0
	3T+2T+2Lo	7.92	0.0	x	0.0 0.0 0.0 0.0 0.0 0.0 0.0 1.0 0.0
	3Lo	5.39	0.35	x	1.0 0.0 1.0 0.0 1.0 1.0 0.0 2.0 1.0
	FCSSp4	3.0	0.04		0.0 0.0 0.0 0.0 0.0 0.0 -1.0 1.0 1.0
	ChSq1	3.0	0.93		2.0 1.0 2.0 3.0 2.0 1.0 2.0 2.0 2.0
	CCoSp4	3.5	0.45		1.0 1.0 1.0 2.0 1.0 1.0 1.0 2.0 2.0
program components:
	Skating Skills	2.00 6.50 6.25 6.25 6.50 6.75 6.50 6.25 7.25 6.25 6.43
	Transitions	2.00 6.25 6.25 6.50 6.50 6.50 6.25 6.00 7.00 6.00 6.32
	Performance	2.00 6.50 6.50 6.75 7.00 7.00 6.50 6.25 7.25 6.25 6.64
	Composition	2.00 6.75 6.50 6.50 6.75 6.75 6.75 6.25 7.25 6.50 6.64
	Interpretation of the Music	2.00 6.75 6.50 6.50 7.00 6.75 6.75 6.25 7.00 6.25 6.64
deductions:

name: Luc MAIERHOFER
rank: 19
startingNbr: 4
elements:
	2A	3.3	0.42		1.0 1.0 1.0 1.0 2.0 2.0 2.0 1.0 1.0
	3Lz+3T	10.1	1.52		2.0 1.0 3.0 2.0 3.0 3.0 3.0 2.0 3.0
	3Lz	5.9	0.84		2.0 1.0 2.0 1.0 1.0 1.0 2.0 2.0 1.0
	3F+1Eu+2F	7.6	0.53		1.0 1.0 2.0 1.0 1.0 1.0 1.0 1.0 0.0
	CSSp4	3.0	0.13		0.0 1.0 1.0 0.0 -1.0 0.0 1.0 1.0 0.0
	StSq3	3.3	0.24		2.0 1.0 0.0 0.0 1.0 1.0 2.0 0.0 -1.0
	3Lo+2T	6.82	-0.07	x	-1.0 0.0 0.0 0.0 0.0 0.0 1.0 0.0 -1.0
	3S	4.73	-0.92	x	-3.0 -2.0 -2.0 -2.0 -1.0 -3.0 -2.0 -2.0 -2.0
	3F	5.83	0.3	x	1.0 0.0 1.0 0.0 0.0 1.0 1.0 0.0 1.0
	ChSq1	3.0	0.71		3.0 1.0 0.0 1.0 1.0 1.0 2.0 2.0 2.0
	CCoSp4	3.5	0.15		2.0 0.0 1.0 0.0 0.0 0.0 1.0 0.0 1.0
	FCSp2	2.3	0.0		0.0 0.0 1.0 0.0 -1.0 0.0 1.0 0.0 -1.0
program components:
	Skating Skills	2.00 6.75 6.00 6.25 6.00 6.25 6.25 6.25 6.50 5.75 6.21
	Transitions	2.00 6.25 6.00 5.75 5.75 6.25 6.00 6.25 6.25 6.25 6.11
	Performance	2.00 6.50 6.25 6.25 5.75 5.75 6.50 6.25 6.25 6.00 6.18
	Composition	2.00 6.75 6.25 6.00 6.25 6.50 6.25 6.50 6.75 5.75 6.36
	Interpretation of the Music	2.00 6.50 6.00 6.00 6.00 6.25 6.25 6.50 6.50 6.00 6.21
deductions:

name: Aleksandr SELEVKO
rank: 20
startingNbr: 9
elements:
	2A	3.3	0.99		2.0 1.0 3.0 4.0 3.0 3.0 3.0 4.0 3.0
	3F	5.3	0.15	!	-1.0 -1.0 1.0 1.0 1.0 -1.0 1.0 1.0 0.0
	2Lz+3T	6.3	0.42		1.0 0.0 1.0 1.0 1.0 1.0 1.0 1.0 1.0
	FCSp3	2.8	0.4		1.0 1.0 2.0 2.0 0.0 1.0 1.0 2.0 2.0
	StSq3	3.3	0.24		0.0 1.0 1.0 1.0 0.0 -1.0 2.0 2.0 0.0
	3Lz	5.9	1.18		2.0 1.0 2.0 3.0 2.0 2.0 2.0 2.0 2.0
	3S<	3.55	-1.62	< x	-5.0 -5.0 -5.0 -5.0 -5.0 -5.0 -5.0 -5.0 -5.0
	3Lo+2T	6.82	0.28	x	1.0 0.0 1.0 0.0 1.0 0.0 0.0 1.0 1.0
	2A+1Eu+2F	6.16	-0.14	x	0.0 -1.0 0.0 -1.0 0.0 -2.0 -1.0 0.0 0.0
	CSSp4	3.0	0.56		2.0 1.0 2.0 2.0 2.0 1.0 2.0 2.0 2.0
	CCoSp4	3.5	0.5		2.0 1.0 1.0 2.0 0.0 1.0 2.0 2.0 1.0
	ChSq1	3.0	1.36		2.0 1.0 2.0 3.0 3.0 2.0 3.0 4.0 4.0
program components:
	Skating Skills	2.00 6.75 6.75 6.50 7.00 7.00 6.75 6.75 7.75 7.00 6.86
	Transitions	2.00 6.50 6.75 6.75 7.00 6.75 6.50 6.50 7.50 6.75 6.71
	Performance	2.00 6.75 6.75 6.50 7.25 6.75 6.75 6.50 7.75 6.75 6.79
	Composition	2.00 6.50 6.75 7.00 7.50 7.00 7.00 6.75 7.75 7.00 7.00
	Interpretation of the Music	2.00 6.75 7.00 7.00 7.50 7.25 7.00 7.00 8.00 7.00 7.11
deductions:
	falls: 1

name: Matyas BELOHRADSKY
rank: 21
startingNbr: 7
elements:
	3Lz	5.9	0.76		1.0 1.0 1.0 2.0 1.0 3.0 2.0 1.0 1.0
	2A	3.3	0.57		1.0 1.0 2.0 2.0 1.0 2.0 2.0 3.0 2.0
	2F	1.8	-0.18	!	-2.0 -1.0 -1.0 -1.0 -1.0 -1.0 0.0 -1.0 -1.0
	3Lo	4.9	0.56		1.0 1.0 2.0 1.0 1.0 1.0 1.0 1.0 2.0
	FCSp3	2.8	0.28		1.0 1.0 1.0 1.0 1.0 1.0 1.0 1.0 1.0
	CSSp3	2.6	0.26		1.0 0.0 1.0 1.0 1.0 1.0 1.0 1.0 2.0
	StSq2	2.6	0.48		2.0 2.0 1.0 2.0 2.0 2.0 2.0 1.0 2.0
	2A+3T	8.25	1.08	x	2.0 1.0 3.0 3.0 2.0 2.0 3.0 3.0 3.0
	3Lz+REP	4.54	1.01	x	1.0 1.0 3.0 2.0 1.0 2.0 2.0 3.0 1.0
	3S+3T	9.35	-1.17	x	-2.0 -3.0 -4.0 -2.0 -3.0 -3.0 -1.0 -4.0 -2.0
	ChSq1	3.0	1.0		2.0 2.0 2.0 2.0 3.0 2.0 2.0 2.0 2.0
	CCoSp4	3.5	0.15		0.0 1.0 1.0 1.0 -1.0 0.0 1.0 0.0 0.0
program components:
	Skating Skills	2.00 6.50 6.75 6.50 7.00 6.50 6.75 6.50 7.50 6.00 6.64
	Transitions	2.00 6.25 6.50 6.50 6.75 6.50 6.50 6.25 7.25 5.75 6.46
	Performance	2.00 6.50 6.75 6.50 7.00 6.25 6.75 6.75 7.50 6.00 6.64
	Composition	2.00 6.75 6.75 6.75 7.00 6.75 6.75 6.50 7.50 6.25 6.75
	Interpretation of the Music	2.00 6.50 6.75 7.00 7.25 6.25 6.75 6.75 7.25 6.00 6.75
deductions:

name: Irakli MAYSURADZE
rank: 22
startingNbr: 2
elements:
	1Lz	0.6	-0.07		-1.0 -1.0 -1.0 -1.0 -1.0 -2.0 -1.0 -1.0 -2.0
	3A	8.0	1.03		1.0 1.0 2.0 1.0 1.0 1.0 1.0 3.0 2.0
	3F	5.3	-2.65		-5.0 -5.0 -5.0 -5.0 -5.0 -5.0 -5.0 -5.0 -5.0
	3Lo	4.9	0.21		1.0 0.0 2.0 1.0 0.0 0.0 1.0 0.0 0.0
	FCSp4	3.2	0.09		1.0 0.0 0.0 0.0 -1.0 0.0 1.0 1.0 0.0
	3A+2T	9.3	-0.11		0.0 0.0 -1.0 0.0 0.0 -1.0 0.0 2.0 0.0
	3Lz+3T<	9.96	-2.02	< x	-2.0 -3.0 -4.0 -4.0 -4.0 -5.0 -2.0 -3.0 -4.0
	3Lo+REP	3.77	-0.91	x	-3.0 -1.0 -1.0 -1.0 -2.0 -2.0 -2.0 -3.0 -2.0
	ChSq1	3.0	0.43		1.0 1.0 1.0 1.0 0.0 0.0 1.0 1.0 1.0
	CSSp4	3.0	0.3		2.0 1.0 1.0 1.0 0.0 1.0 1.0 1.0 1.0
	StSq2	2.6	0.22		2.0 0.0 1.0 1.0 -1.0 0.0 2.0 2.0 0.0
	CCoSp4	3.5	0.25		0.0 1.0 1.0 1.0 0.0 0.0 2.0 1.0 1.0
program components:
	Skating Skills	2.00 6.75 6.50 6.00 6.50 6.00 6.00 6.50 7.00 5.75 6.32
	Transitions	2.00 6.25 6.25 5.75 6.00 5.50 5.50 6.25 6.75 5.50 5.93
	Performance	2.00 6.50 6.25 5.50 6.25 5.25 5.75 6.25 6.75 5.50 6.00
	Composition	2.00 6.25 6.50 6.00 6.25 5.75 6.00 6.25 7.00 5.75 6.14
	Interpretation of the Music	2.00 6.00 6.25 5.75 6.00 5.25 5.75 6.25 6.75 5.50 5.93
deductions:
	falls: 1

name: Davide LEWTON BRAIN
rank: 23
startingNbr: 1
elements:
	3T	4.2	0.9		2.0 2.0 3.0 2.0 2.0 3.0 2.0 2.0 2.0
	2Lo	1.7	-0.1		0.0 0.0 -1.0 0.0 0.0 -1.0 -1.0 -1.0 -1.0
	3S+2T	5.6	0.43		1.0 0.0 1.0 1.0 1.0 1.0 1.0 1.0 1.0
	FCSp4	3.2	0.5		1.0 2.0 1.0 2.0 2.0 1.0 3.0 2.0 1.0
	StSq3	3.3	0.28		0.0 1.0 0.0 1.0 1.0 1.0 1.0 1.0 1.0
	3S	4.3	0.06		1.0 0.0 1.0 0.0 0.0 0.0 0.0 0.0 0.0
	2A+1Eu+2S	5.61	0.33	x	1.0 1.0 1.0 1.0 1.0 1.0 1.0 2.0 1.0
	3T+2T	6.05	0.3	x	1.0 0.0 0.0 0.0 1.0 1.0 1.0 1.0 1.0
	2A	3.63	0.19	x	1.0 0.0 0.0 0.0 1.0 2.0 1.0 1.0 0.0
	CCoSp4	3.5	0.35		1.0 1.0 0.0 1.0 1.0 1.0 2.0 1.0 1.0
	ChSq1	3.0	0.79		2.0 1.0 1.0 2.0 1.0 1.0 2.0 2.0 2.0
	CSSp4	3.0	0.26		1.0 1.0 1.0 0.0 0.0 2.0 1.0 1.0 1.0
program components:
	Skating Skills	2.00 6.50 6.50 5.75 6.50 5.75 6.25 6.00 6.75 6.25 6.25
	Transitions	2.00 5.75 6.25 5.25 6.00 5.25 5.75 5.75 6.25 5.75 5.79
	Performance	2.00 6.25 6.75 5.50 6.50 5.75 5.75 6.00 6.50 6.50 6.18
	Composition	2.00 6.25 6.75 5.50 6.25 5.50 6.25 6.00 6.75 6.25 6.18
	Interpretation of the Music	2.00 6.00 6.50 5.25 6.25 5.75 6.00 6.25 6.75 6.50 6.18
deductions:

name: Ivan SHMURATKO
rank: 24
startingNbr: 5
elements:
	3A	8.0	-4.0		-5.0 -5.0 -4.0 -5.0 -5.0 -5.0 -5.0 -5.0 -5.0
	3F+3T	9.5	-0.83		-2.0 -2.0 -1.0 -3.0 -2.0 -2.0 -1.0 0.0 -1.0
	3A+REP	5.6	-4.0		-5.0 -5.0 -5.0 -5.0 -5.0 -5.0 -5.0 -5.0 -5.0
	3F	5.3	-2.65		-5.0 -5.0 -5.0 -5.0 -5.0 -5.0 -5.0 -5.0 -5.0
	ChSq1	3.0	0.5		1.0 1.0 1.0 1.0 1.0 0.0 1.0 3.0 1.0
	3Lo	4.9	0.7		2.0 1.0 2.0 1.0 1.0 0.0 2.0 2.0 1.0
	CCSp3	2.8	0.8		3.0 3.0 3.0 2.0 3.0 2.0 3.0 4.0 3.0
	3Lz+1Eu<+3S	11.64	-1.6	< x	-4.0 -3.0 -2.0 -2.0 -3.0 -4.0 -1.0 -2.0 -3.0
	2A	3.63	0.14	x	1.0 0.0 1.0 0.0 0.0 0.0 0.0 1.0 1.0
	FSSp3	2.6	0.11		0.0 0.0 2.0 0.0 1.0 0.0 0.0 1.0 1.0
	StSq2	2.6	0.41		2.0 1.0 1.0 1.0 2.0 1.0 2.0 3.0 2.0
	CCoSp4	3.5	0.5		2.0 1.0 3.0 1.0 1.0 1.0 1.0 2.0 2.0
program components:
	Skating Skills	2.00 6.75 6.50 6.50 6.50 6.50 6.00 6.25 7.25 6.00 6.43
	Transitions	2.00 6.50 6.25 6.25 6.25 5.75 5.75 6.00 7.00 5.75 6.11
	Performance	2.00 6.50 6.00 6.00 5.75 5.50 5.00 5.75 6.75 5.50 5.86
	Composition	2.00 6.75 6.25 6.50 6.25 6.00 6.00 6.25 7.25 6.00 6.29
	Interpretation of the Music	2.00 6.75 6.25 6.25 6.00 6.25 5.75 6.25 7.25 6.00 6.25
deductions:
	falls: 3

