event name: ISU European Figure Skating Championships 2019
event type: PAIRS SHORT PROGRAM
name: Vanessa JAMES / Morgan CIPRES
rank: 1
startingNbr: 8
elements:
	3Tw3	5.7	1.3		-2.0 2.0 2.0 4.0 3.0 3.0 3.0 -1.0 4.0
	3T	4.2	1.68		5.0 3.0 3.0 5.0 5.0 4.0 3.0 4.0 4.0
	FCCoSp3	3.0	0.86		2.0 2.0 3.0 3.0 3.0 3.0 3.0 3.0 3.0
	4Li4	5.1	1.75		2.0 3.0 4.0 4.0 4.0 3.0 3.0 4.0 3.0
	BoDs3	4.3	1.35		2.0 3.0 2.0 4.0 4.0 4.0 3.0 3.0 3.0
	3FTh	5.3	1.67		5.0 2.0 2.0 5.0 4.0 3.0 2.0 3.0 3.0
	StSq3	3.3	1.18		3.0 3.0 3.0 5.0 4.0 4.0 3.0 4.0 4.0
program components:
	Skating Skills	0.80 8.25 9.00 9.00 9.25 9.00 9.25 8.75 8.75 9.00 8.96
	Transitions	0.80 8.25 8.75 9.00 9.25 9.25 9.50 8.50 8.25 9.00 8.86
	Performance	0.80 8.50 8.75 8.75 9.50 9.25 9.50 8.75 8.50 9.25 8.96
	Composition	0.80 8.50 9.00 8.75 9.25 9.25 9.25 8.50 8.75 9.25 8.96
	Interpretation of the Music	0.80 8.50 8.75 9.00 9.50 9.50 9.50 8.75 8.75 9.25 9.07
deductions:

name: Evgenia TARASOVA / Vladimir MOROZOV
rank: 2
startingNbr: 9
elements:
	3Tw4	6.0	2.66		5.0 5.0 4.0 5.0 4.0 5.0 4.0 3.0 4.0
	3T<<	1.3	-0.58	<<	-5.0 -5.0 -3.0 -5.0 -3.0 -5.0 -4.0 -5.0 -4.0
	3LoTh	5.0	2.0		5.0 4.0 4.0 4.0 4.0 4.0 4.0 4.0 4.0
	BoDs3	4.3	1.41		3.0 3.0 3.0 5.0 4.0 4.0 3.0 3.0 3.0
	CCoSp4	3.5	0.75		2.0 2.0 1.0 3.0 3.0 3.0 1.0 1.0 3.0
	4Li4	5.1	1.82		5.0 4.0 3.0 3.0 4.0 4.0 3.0 3.0 4.0
	StSq4	3.9	1.34		3.0 4.0 3.0 4.0 4.0 4.0 3.0 2.0 3.0
program components:
	Skating Skills	0.80 9.00 9.25 8.75 8.75 9.25 9.25 8.75 8.75 9.00 8.96
	Transitions	0.80 9.00 9.00 8.75 8.50 8.75 9.00 8.75 8.25 9.00 8.82
	Performance	0.80 9.25 9.00 8.50 8.50 8.75 9.00 8.50 8.50 8.75 8.71
	Composition	0.80 9.00 9.25 8.75 8.75 8.75 9.25 8.50 8.50 9.00 8.86
	Interpretation of the Music	0.80 9.25 9.00 8.75 8.75 8.75 9.25 8.75 8.75 9.00 8.89
deductions:

name: Nicole DELLA MONICA / Matteo GUARISE
rank: 3
startingNbr: 10
elements:
	3S	4.3	1.11		4.0 3.0 2.0 3.0 3.0 2.0 2.0 1.0 3.0
	3Tw3	5.7	0.98		2.0 1.0 1.0 2.0 3.0 1.0 2.0 1.0 3.0
	3LoTh	5.0	1.29		3.0 2.0 2.0 3.0 3.0 2.0 2.0 3.0 3.0
	4Li4	5.1	1.89		5.0 3.0 4.0 5.0 4.0 3.0 3.0 3.0 4.0
	BoDs4	4.7	1.48		3.0 2.0 2.0 4.0 4.0 4.0 3.0 3.0 3.0
	StSq4	3.9	1.23		3.0 3.0 2.0 4.0 3.0 3.0 3.0 3.0 4.0
	FCCoSp3	3.0	0.9		3.0 3.0 2.0 5.0 4.0 2.0 3.0 3.0 3.0
program components:
	Skating Skills	0.80 8.00 8.50 8.25 8.50 8.50 8.25 8.25 8.00 8.75 8.32
	Transitions	0.80 8.00 8.25 8.00 8.25 8.25 7.75 8.25 8.00 8.50 8.14
	Performance	0.80 8.25 8.50 8.25 8.50 8.50 8.25 8.25 8.25 9.00 8.36
	Composition	0.80 8.25 8.25 8.25 8.25 8.75 8.00 8.00 8.25 9.00 8.29
	Interpretation of the Music	0.80 8.25 8.25 8.25 8.25 8.50 8.25 8.25 8.25 8.75 8.29
deductions:

name: Aleksandra BOIKOVA / Dmitrii KOZLOVSKII
rank: 4
startingNbr: 6
elements:
	3S	4.3	1.41		5.0 3.0 3.0 4.0 3.0 4.0 2.0 3.0 3.0
	3Tw3	5.7	2.04		4.0 3.0 2.0 4.0 4.0 4.0 3.0 4.0 3.0
	3STh	4.4	1.82		5.0 4.0 3.0 4.0 4.0 4.0 4.0 5.0 4.0
	FCCoSp4	3.5	1.05		3.0 3.0 2.0 3.0 3.0 3.0 3.0 4.0 3.0
	4Li4	5.1	1.31		4.0 2.0 3.0 3.0 3.0 2.0 2.0 3.0 2.0
	BoDs2	3.9	1.0		3.0 3.0 2.0 2.0 2.0 3.0 2.0 3.0 3.0
	StSq4	3.9	1.11		4.0 2.0 3.0 3.0 2.0 3.0 3.0 4.0 2.0
program components:
	Skating Skills	0.80 8.50 8.50 8.25 7.50 7.50 7.75 7.75 8.25 7.75 7.96
	Transitions	0.80 8.50 8.25 8.00 7.25 7.25 7.75 7.50 8.00 7.50 7.75
	Performance	0.80 9.00 8.50 8.25 7.50 7.50 8.25 7.50 9.00 7.75 8.11
	Composition	0.80 9.00 8.50 8.25 7.50 7.75 8.00 7.75 8.50 8.00 8.11
	Interpretation of the Music	0.80 9.00 8.25 8.25 7.75 7.75 8.25 8.00 8.50 7.50 8.11
deductions:

name: Daria PAVLIUCHENKO / Denis KHODYKIN
rank: 5
startingNbr: 7
elements:
	3Tw3	5.7	1.71		3.0 3.0 4.0 3.0 3.0 2.0 3.0 3.0 3.0
	3T	4.2	0.84		5.0 2.0 2.0 3.0 2.0 1.0 1.0 1.0 3.0
	3FTh	5.3	-1.36		-3.0 -2.0 -2.0 -3.0 -2.0 -2.0 -3.0 -3.0 -4.0
	4Li4	5.1	1.31		4.0 2.0 4.0 2.0 2.0 2.0 2.0 3.0 3.0
	BoDs3	4.3	0.92		2.0 2.0 2.0 3.0 1.0 2.0 2.0 2.0 3.0
	StSq3	3.3	0.8		2.0 2.0 2.0 3.0 1.0 3.0 3.0 2.0 3.0
	CCoSp4	3.5	0.7		3.0 2.0 3.0 3.0 1.0 1.0 1.0 1.0 3.0
program components:
	Skating Skills	0.80 8.25 7.75 7.50 7.00 7.25 7.50 7.25 7.50 8.25 7.57
	Transitions	0.80 8.00 7.50 7.25 6.75 6.75 7.25 6.75 7.00 8.00 7.21
	Performance	0.80 8.25 7.50 7.00 7.00 7.00 7.25 7.00 7.25 8.25 7.32
	Composition	0.80 8.25 7.75 7.50 7.00 7.00 7.50 7.00 7.25 8.50 7.46
	Interpretation of the Music	0.80 8.25 7.50 7.50 7.25 7.00 7.25 6.75 7.00 8.25 7.39
deductions:

name: Minerva Fabienne HASE / Nolan SEEGERT
rank: 6
startingNbr: 5
elements:
	3Tw2	5.4	0.85		2.0 2.0 1.0 2.0 1.0 0.0 2.0 1.0 2.0
	3T	4.2	0.54		1.0 2.0 1.0 3.0 2.0 0.0 0.0 1.0 2.0
	3STh	4.4	1.38		4.0 2.0 2.0 3.0 4.0 3.0 3.0 4.0 3.0
	4Li4	5.1	1.17		3.0 2.0 2.0 3.0 2.0 1.0 2.0 2.0 3.0
	BoDs3	4.3	0.8		1.0 2.0 1.0 3.0 2.0 2.0 1.0 2.0 3.0
	StSq2	2.6	-1.26		-5.0 -5.0 -4.0 -5.0 -5.0 -5.0 -5.0 -4.0 -5.0
	CCoSp3	3.0	0.77		2.0 3.0 3.0 4.0 2.0 1.0 2.0 3.0 3.0
program components:
	Skating Skills	0.80 7.50 7.25 7.25 7.25 7.75 6.00 7.00 7.25 7.50 7.29
	Transitions	0.80 7.50 7.00 7.00 6.75 7.25 6.00 6.75 7.00 7.25 7.00
	Performance	0.80 7.50 7.00 6.75 6.75 7.50 5.75 7.00 7.50 7.50 7.14
	Composition	0.80 7.50 7.25 7.25 7.25 7.50 6.25 6.75 7.50 7.50 7.29
	Interpretation of the Music	0.80 7.50 7.25 7.25 7.25 7.50 6.25 7.00 7.50 7.50 7.32
deductions:
	falls: -2.0

name: Miriam ZIEGLER / Severin KIEFER
rank: 7
startingNbr: 11
elements:
	3TwB	4.8	-0.62		0.0 -1.0 -2.0 -2.0 0.0 -1.0 -1.0 -3.0 -2.0
	3T	4.2	-2.04		-5.0 -5.0 -5.0 -5.0 -5.0 -5.0 -5.0 -4.0 -4.0
	BoDsB	3.1	0.22		0.0 0.0 -2.0 0.0 2.0 2.0 0.0 1.0 2.0
	3FTh	5.3	0.76		2.0 1.0 0.0 2.0 2.0 2.0 0.0 1.0 3.0
	FCCoSp3	3.0	0.39		2.0 -1.0 1.0 3.0 1.0 3.0 -1.0 1.0 2.0
	StSq3	3.3	0.75		2.0 2.0 2.0 3.0 2.0 2.0 2.0 3.0 3.0
	4Li4	5.1	1.24		3.0 2.0 3.0 3.0 2.0 2.0 2.0 1.0 3.0
program components:
	Skating Skills	0.80 8.00 7.50 7.50 7.50 7.00 7.25 7.50 7.00 7.75 7.43
	Transitions	0.80 8.00 7.25 7.25 7.25 6.50 7.00 7.25 6.75 7.50 7.18
	Performance	0.80 8.25 7.00 7.25 7.00 6.75 7.25 7.25 7.00 7.50 7.18
	Composition	0.80 8.25 7.25 7.50 7.25 7.00 7.25 7.50 7.00 7.75 7.36
	Interpretation of the Music	0.80 8.00 7.00 7.50 7.25 7.00 7.50 7.25 7.25 7.75 7.36
deductions:
	falls: -1.0

name: Rebecca GHILARDI / Filippo AMBROSINI
rank: 8
startingNbr: 2
elements:
	3Tw2	5.4	-1.85		-4.0 -3.0 -3.0 -3.0 -4.0 -3.0 -4.0 -3.0 -4.0
	2A	3.3	-0.14		0.0 0.0 -1.0 0.0 0.0 -1.0 -1.0 -1.0 0.0
	3FTh	5.3	-1.14		-2.0 -2.0 -2.0 -2.0 -2.0 -3.0 -4.0 -2.0 -1.0
	4Li4	5.1	0.87		2.0 2.0 2.0 2.0 1.0 0.0 1.0 2.0 2.0
	BoDs2	3.9	0.5		0.0 1.0 0.0 2.0 1.0 1.0 2.0 2.0 3.0
	StSq4	3.9	0.67		1.0 1.0 1.0 3.0 2.0 0.0 2.0 3.0 2.0
	CCoSp4	3.5	0.35		2.0 1.0 0.0 0.0 0.0 1.0 1.0 2.0 2.0
program components:
	Skating Skills	0.80 6.00 6.75 6.75 6.25 6.50 5.50 6.00 6.50 6.00 6.29
	Transitions	0.80 5.75 6.25 6.50 6.00 6.25 5.25 5.75 6.00 5.75 5.96
	Performance	0.80 6.25 6.50 6.75 6.00 6.50 5.25 5.75 6.25 5.75 6.14
	Composition	0.80 6.50 6.25 6.50 6.25 6.50 5.75 6.00 6.25 6.00 6.25
	Interpretation of the Music	0.80 6.50 6.50 6.75 6.25 6.75 5.75 6.25 6.50 6.00 6.39
deductions:

name: Laura BARQUERO / Aritz MAESTU
rank: 9
startingNbr: 4
elements:
	3Tw2	5.4	1.08		1.0 2.0 1.0 3.0 2.0 3.0 2.0 2.0 2.0
	3S<	3.23	-0.88	<	-2.0 -3.0 -3.0 -3.0 -2.0 -3.0 -2.0 -4.0 -3.0
	3FTh	5.3	0.45		1.0 2.0 1.0 0.0 2.0 0.0 0.0 1.0 1.0
	4Li2	4.3	-0.61		-1.0 0.0 -2.0 -2.0 -3.0 -1.0 -2.0 0.0 -2.0
	BoDs3	4.3	0.43		0.0 1.0 0.0 1.0 1.0 2.0 1.0 1.0 2.0
	CCoSp3	3.0	-0.21		-1.0 0.0 -1.0 -1.0 0.0 0.0 -2.0 -1.0 -1.0
	StSq3	3.3	0.38		-1.0 1.0 1.0 2.0 1.0 1.0 1.0 2.0 1.0
program components:
	Skating Skills	0.80 5.25 6.25 6.25 6.00 6.75 6.00 6.00 6.25 6.25 6.14
	Transitions	0.80 5.00 6.25 6.00 5.75 6.00 5.75 6.00 6.25 6.00 5.96
	Performance	0.80 5.50 6.50 6.00 5.75 6.25 6.25 6.00 6.50 5.75 6.07
	Composition	0.80 5.50 6.25 6.00 6.00 6.50 6.25 6.25 6.50 6.00 6.18
	Interpretation of the Music	0.80 5.25 6.00 6.25 6.00 6.50 6.50 6.25 6.50 5.75 6.18
deductions:

name: Lana PETRANOVIC / Antonio SOUZA-KORDEIRU
rank: 10
startingNbr: 3
elements:
	3Tw3	5.7	1.63		3.0 3.0 2.0 4.0 2.0 3.0 3.0 3.0 3.0
	2A	3.3	-0.14		0.0 0.0 0.0 0.0 -1.0 -1.0 -1.0 -1.0 0.0
	3FTh	5.3	-2.65		-5.0 -5.0 -5.0 -5.0 -5.0 -5.0 -5.0 -4.0 -5.0
	4Li4	5.1	0.73		3.0 1.0 1.0 2.0 1.0 1.0 1.0 1.0 3.0
	BoDs2	3.9	0.0		0.0 0.0 -1.0 1.0 0.0 0.0 0.0 -1.0 2.0
	StSq1	1.8	0.1		0.0 0.0 1.0 2.0 0.0 0.0 2.0 0.0 1.0
	FCCoSp3	3.0	0.0		0.0 1.0 0.0 1.0 0.0 0.0 -1.0 -2.0 0.0
program components:
	Skating Skills	0.80 5.50 6.50 6.25 6.25 6.50 5.75 6.25 6.25 5.75 6.14
	Transitions	0.80 5.25 6.25 6.00 5.75 6.00 5.25 5.75 6.00 5.50 5.75
	Performance	0.80 5.75 6.00 6.00 6.00 6.25 6.00 6.00 6.25 6.00 6.04
	Composition	0.80 6.00 6.25 6.25 6.25 6.25 5.75 6.00 6.25 6.25 6.18
	Interpretation of the Music	0.80 6.25 6.50 6.25 6.25 6.50 5.75 6.00 6.25 5.75 6.18
deductions:
	falls: -1.0

name: Zoe JONES / Christopher BOYADJI
rank: 11
startingNbr: 1
elements:
	BoDsB	3.1	0.09		1.0 0.0 0.0 0.0 0.0 1.0 0.0 0.0 1.0
	3TwB	4.8	-1.71		-3.0 -4.0 -4.0 -4.0 -3.0 -3.0 -4.0 -4.0 -3.0
	3T<	3.15	-1.58	<	-5.0 -5.0 -5.0 -5.0 -5.0 -5.0 -5.0 -5.0 -5.0
	4Li2	4.3	0.25		1.0 1.0 1.0 2.0 0.0 0.0 -1.0 0.0 1.0
	3FTh	5.3	0.3		1.0 0.0 0.0 1.0 -1.0 1.0 0.0 1.0 1.0
	CCoSp1	2.0	-0.17		0.0 -1.0 -1.0 0.0 -1.0 -1.0 -2.0 -2.0 1.0
	StSq3	3.3	0.33		1.0 1.0 1.0 2.0 0.0 1.0 0.0 1.0 2.0
program components:
	Skating Skills	0.80 5.75 6.25 6.00 6.25 5.75 5.25 4.75 6.00 5.75 5.82
	Transitions	0.80 5.50 5.75 5.50 5.75 5.25 5.50 5.00 5.50 5.50 5.50
	Performance	0.80 6.00 5.75 5.50 5.75 5.50 5.25 4.75 5.75 5.75 5.61
	Composition	0.80 6.00 6.25 6.00 6.00 5.50 5.50 4.75 5.75 6.00 5.82
	Interpretation of the Music	0.80 6.00 6.00 6.00 6.25 5.50 5.50 4.50 6.00 5.75 5.82
deductions:
	falls: -1.0

