event name: ISU European Figure Skating Championships 2019
event type: MEN SHORT PROGRAM
name: Mikhail KOLYADA
rank: 1
startingNbr: 35
elements:
	4T+3T	13.7	2.99		3.0 3.0 3.0 4.0 1.0 3.0 3.0 4.0 3.0
	3Lz	5.9	2.36		4.0 4.0 5.0 4.0 3.0 4.0 4.0 4.0 4.0
	CCSp4	3.2	1.37		4.0 4.0 4.0 5.0 4.0 4.0 4.0 5.0 5.0
	3A	8.8	1.37	x	1.0 2.0 2.0 2.0 0.0 2.0 2.0 3.0 1.0
	StSq4	3.9	1.45		4.0 3.0 5.0 3.0 3.0 5.0 3.0 4.0 4.0
	FSSp4	3.0	1.11		3.0 4.0 4.0 4.0 3.0 4.0 3.0 4.0 4.0
	CCoSp4	3.5	1.4		3.0 4.0 5.0 4.0 3.0 4.0 4.0 5.0 4.0
program components:
	Skating Skills	1.00 9.50 9.25 9.50 9.25 9.00 9.50 8.75 9.50 9.75 9.36
	Transitions	1.00 9.25 9.25 9.25 9.00 8.75 9.00 8.50 9.25 9.50 9.11
	Performance	1.00 9.50 9.50 9.50 9.50 9.00 9.50 8.50 9.50 9.75 9.43
	Composition	1.00 9.25 9.25 9.25 9.25 8.75 9.50 8.75 9.75 9.50 9.25
	Interpretation of the Music	1.00 9.25 9.50 9.50 9.25 8.50 9.50 8.50 9.50 9.75 9.29
deductions:

name: Alexander SAMARIN
rank: 2
startingNbr: 32
elements:
	4Lz+3T	15.7	3.94		3.0 3.0 4.0 3.0 2.0 4.0 4.0 5.0 3.0
	3F	5.3	-1.97		-5.0 -1.0 -2.0 -4.0 -5.0 -4.0 -4.0 -5.0 -2.0
	FCSp4	3.2	0.91		3.0 2.0 3.0 3.0 2.0 3.0 3.0 4.0 3.0
	3A	8.8	2.63	x	3.0 3.0 3.0 3.0 3.0 4.0 4.0 4.0 3.0
	CCoSp4	3.5	0.7		1.0 2.0 2.0 2.0 2.0 2.0 3.0 2.0 2.0
	StSq2	2.6	0.74		2.0 2.0 3.0 3.0 3.0 3.0 3.0 3.0 3.0
	CSSp4	3.0	0.9		3.0 3.0 3.0 3.0 3.0 2.0 3.0 3.0 3.0
program components:
	Skating Skills	1.00 8.00 8.25 8.50 9.00 9.00 8.75 8.25 9.00 8.25 8.57
	Transitions	1.00 7.00 8.00 8.00 8.25 8.75 8.25 7.75 8.75 8.00 8.14
	Performance	1.00 7.75 8.25 8.50 8.50 9.00 9.00 8.00 8.75 8.25 8.46
	Composition	1.00 7.50 8.00 8.25 9.00 8.75 8.75 8.00 9.00 8.00 8.39
	Interpretation of the Music	1.00 7.50 8.00 8.50 8.75 8.75 8.50 8.25 8.75 8.50 8.46
deductions:

name: Javier FERNANDEZ
rank: 3
startingNbr: 37
elements:
	4T+2T	10.8	2.44		3.0 3.0 2.0 2.0 2.0 3.0 3.0 5.0 2.0
	4S<	7.28	0.0	<	1.0 0.0 0.0 -2.0 0.0 0.0 0.0 2.0 -1.0
	FUSp4	2.9	0.99		3.0 4.0 4.0 3.0 4.0 3.0 3.0 5.0 3.0
	3A	8.8	-1.37	x	-2.0 -1.0 -1.0 -3.0 -3.0 -1.0 -1.0 -3.0 -1.0
	CCoSp4	3.5	1.15		2.0 4.0 3.0 4.0 3.0 3.0 3.0 5.0 3.0
	CSSp4	3.0	0.9		2.0 3.0 3.0 3.0 3.0 2.0 3.0 5.0 4.0
	StSq3	3.3	1.51		4.0 4.0 5.0 4.0 5.0 5.0 4.0 5.0 5.0
program components:
	Skating Skills	1.00 9.50 9.25 9.25 9.25 9.50 9.00 9.50 9.50 9.50 9.39
	Transitions	1.00 9.25 9.25 9.50 9.00 9.25 9.00 9.25 9.50 9.50 9.29
	Performance	1.00 9.50 9.00 9.25 9.00 9.50 8.75 9.50 9.00 9.00 9.18
	Composition	1.00 9.50 9.25 9.50 9.00 9.75 9.25 9.25 9.50 9.50 9.39
	Interpretation of the Music	1.00 9.75 9.25 9.50 9.00 9.75 8.75 9.50 9.00 9.75 9.39
deductions:

name: Kevin AYMOZ
rank: 4
startingNbr: 27
elements:
	4T	9.5	1.22		0.0 1.0 2.0 0.0 1.0 2.0 2.0 4.0 1.0
	3Lz+3T	10.1	1.43		1.0 2.0 3.0 2.0 1.0 3.0 3.0 4.0 3.0
	CCSp4	3.2	0.91		3.0 3.0 3.0 2.0 3.0 2.0 3.0 3.0 4.0
	3A	8.8	-1.83	x	-2.0 -1.0 -2.0 -3.0 -3.0 -2.0 -3.0 -4.0 -1.0
	FSSp4	3.0	0.9		2.0 3.0 3.0 2.0 3.0 2.0 4.0 4.0 4.0
	CCoSp4	3.5	0.9		3.0 2.0 3.0 3.0 2.0 1.0 2.0 3.0 3.0
	StSq4	3.9	1.45		4.0 4.0 5.0 3.0 3.0 4.0 4.0 3.0 4.0
program components:
	Skating Skills	1.00 8.50 8.25 8.25 8.00 7.75 8.25 7.50 8.75 7.75 8.11
	Transitions	1.00 8.50 8.00 8.50 7.75 7.25 8.25 7.50 8.50 7.75 8.04
	Performance	1.00 8.50 8.50 8.75 8.00 7.50 8.00 8.00 8.75 8.00 8.25
	Composition	1.00 8.75 8.25 8.50 8.00 7.50 8.50 7.75 8.75 8.00 8.25
	Interpretation of the Music	1.00 9.00 8.50 8.75 8.25 7.75 8.25 8.25 8.50 8.25 8.39
deductions:

name: Maxim KOVTUN
rank: 5
startingNbr: 20
elements:
	4S<	7.28	-3.64	<	-5.0 -5.0 -5.0 -5.0 -5.0 -5.0 -5.0 -5.0 -5.0
	4T+3T	13.7	2.04		3.0 2.0 3.0 1.0 1.0 3.0 1.0 4.0 2.0
	CSSp4	3.0	0.6		1.0 2.0 3.0 2.0 2.0 2.0 1.0 4.0 2.0
	3A	8.8	2.17	x	2.0 2.0 3.0 3.0 2.0 3.0 3.0 4.0 3.0
	CCoSp4	3.5	1.0		2.0 3.0 3.0 2.0 3.0 3.0 4.0 3.0 3.0
	StSq3	3.3	1.18		3.0 2.0 4.0 3.0 4.0 4.0 4.0 5.0 3.0
	FCSp3	2.8	0.44		1.0 2.0 2.0 1.0 2.0 1.0 2.0 3.0 1.0
program components:
	Skating Skills	1.00 8.00 8.75 8.75 8.50 8.75 8.75 8.50 9.25 8.75 8.68
	Transitions	1.00 7.00 8.50 8.25 7.75 8.25 8.50 7.75 8.75 8.50 8.21
	Performance	1.00 8.25 8.50 8.25 7.75 8.50 8.75 8.50 8.75 8.50 8.46
	Composition	1.00 7.75 8.75 8.75 8.25 8.50 8.75 8.25 9.25 9.00 8.61
	Interpretation of the Music	1.00 8.00 8.75 8.50 8.00 8.75 8.75 8.50 8.75 8.75 8.57
deductions:
	falls: 1

name: Daniel SAMOHIN
rank: 6
startingNbr: 29
elements:
	4T+3T	13.7	0.41		0.0 0.0 2.0 -2.0 0.0 2.0 0.0 4.0 -1.0
	4S	9.7	-2.22		-2.0 -2.0 -2.0 -3.0 -3.0 -2.0 -2.0 -3.0 -2.0
	FCSp2	2.3	0.39		1.0 1.0 2.0 2.0 1.0 2.0 2.0 4.0 2.0
	3A	8.8	2.06	x	1.0 3.0 2.0 1.0 1.0 4.0 3.0 5.0 4.0
	CCoSp2	2.5	0.68		3.0 2.0 3.0 2.0 2.0 3.0 2.0 4.0 4.0
	StSq3	3.3	1.08		3.0 2.0 4.0 2.0 3.0 3.0 4.0 4.0 4.0
	CSSp4	3.0	0.56		2.0 1.0 1.0 1.0 2.0 2.0 2.0 3.0 3.0
program components:
	Skating Skills	1.00 8.00 8.00 8.00 8.50 8.25 8.00 7.75 9.25 8.00 8.11
	Transitions	1.00 8.25 7.75 7.50 7.75 7.75 7.75 7.50 9.00 7.50 7.75
	Performance	1.00 8.00 8.00 8.25 8.00 7.75 8.25 8.00 9.00 8.25 8.11
	Composition	1.00 8.00 8.00 8.00 8.00 8.00 8.00 7.75 9.50 8.00 8.00
	Interpretation of the Music	1.00 8.50 8.25 8.25 8.00 8.25 8.00 8.00 9.00 8.50 8.25
deductions:

name: Alexei BYCHENKO
rank: 7
startingNbr: 33
elements:
	4T	9.5	2.85		3.0 2.0 3.0 3.0 3.0 3.0 3.0 4.0 3.0
	3A	8.0	-0.34		-1.0 -1.0 1.0 -1.0 -1.0 0.0 0.0 1.0 -1.0
	CCoSp4	3.5	0.4		0.0 1.0 1.0 2.0 1.0 1.0 1.0 1.0 2.0
	3Lz+3T	11.11	1.69	x	3.0 1.0 3.0 3.0 2.0 3.0 3.0 4.0 3.0
	FCSp3	2.8	0.4		-1.0 0.0 2.0 2.0 1.0 1.0 1.0 3.0 3.0
	StSq2	2.6	0.59		1.0 2.0 2.0 3.0 1.0 2.0 3.0 4.0 3.0
	CSSp3	2.6	0.3		0.0 1.0 1.0 2.0 1.0 1.0 2.0 1.0 1.0
program components:
	Skating Skills	1.00 6.25 8.00 7.75 8.50 7.25 7.25 7.75 8.75 8.00 7.79
	Transitions	1.00 6.25 7.50 7.25 8.00 7.00 6.25 7.25 8.50 7.75 7.29
	Performance	1.00 7.75 8.00 7.75 8.25 7.25 7.50 7.50 8.75 8.00 7.82
	Composition	1.00 7.00 7.75 7.50 8.25 7.25 7.00 7.00 8.75 8.00 7.54
	Interpretation of the Music	1.00 7.50 8.00 7.75 8.00 7.00 7.00 7.75 8.50 8.25 7.75
deductions:

name: Michal BREZINA
rank: 8
startingNbr: 26
elements:
	4S+2T	11.0	2.63		3.0 2.0 2.0 1.0 2.0 4.0 3.0 4.0 3.0
	3F	5.3	-1.67		-3.0 -3.0 -2.0 -5.0 -4.0 -2.0 -3.0 -4.0 -3.0
	CCSp4	3.2	0.64		2.0 2.0 2.0 1.0 2.0 2.0 2.0 3.0 2.0
	FSSp4	3.0	0.86		2.0 3.0 3.0 3.0 3.0 2.0 3.0 4.0 3.0
	3A	8.8	-1.14	x	-1.0 -1.0 -1.0 -3.0 -1.0 -1.0 -3.0 -2.0 0.0
	StSq3	3.3	1.13		4.0 2.0 3.0 3.0 3.0 4.0 4.0 4.0 3.0
	CCoSp4	3.5	0.75		2.0 2.0 2.0 0.0 2.0 3.0 2.0 4.0 2.0
program components:
	Skating Skills	1.00 8.75 8.75 8.50 8.00 8.75 9.00 7.75 9.25 8.50 8.61
	Transitions	1.00 8.75 8.50 8.25 7.75 8.25 9.00 7.50 9.00 8.00 8.36
	Performance	1.00 8.50 8.50 8.00 8.00 8.50 8.75 7.50 8.75 8.50 8.39
	Composition	1.00 8.50 8.75 8.25 8.25 8.50 9.25 7.75 9.25 8.25 8.54
	Interpretation of the Music	1.00 9.00 8.75 8.00 8.25 8.25 8.75 7.75 8.75 8.50 8.46
deductions:

name: Daniel GRASSL
rank: 9
startingNbr: 28
elements:
	4Lo	10.5	2.25		3.0 2.0 2.0 2.0 2.0 2.0 2.0 4.0 2.0
	3A	8.0	-2.17		-3.0 -2.0 -2.0 -3.0 -3.0 -3.0 -3.0 -4.0 -2.0
	CSSp4	3.0	0.3		0.0 2.0 1.0 1.0 1.0 1.0 1.0 1.0 1.0
	StSq3	3.3	0.52		1.0 1.0 1.0 2.0 1.0 2.0 2.0 2.0 2.0
	3Lz+3T	11.11	0.76	x	1.0 1.0 1.0 2.0 1.0 2.0 1.0 2.0 1.0
	FCSp4	3.2	0.78		3.0 2.0 1.0 3.0 2.0 2.0 3.0 3.0 2.0
	CCoSp4	3.5	0.95		4.0 2.0 2.0 4.0 2.0 2.0 3.0 3.0 3.0
program components:
	Skating Skills	1.00 7.50 6.75 6.75 8.00 7.25 7.50 7.00 7.50 6.75 7.18
	Transitions	1.00 7.50 6.75 6.50 7.75 7.25 7.25 7.00 7.25 6.75 7.11
	Performance	1.00 7.00 6.75 6.75 8.00 7.50 7.25 6.75 7.50 7.00 7.11
	Composition	1.00 7.00 7.00 6.50 8.25 7.25 7.50 7.00 7.75 7.25 7.25
	Interpretation of the Music	1.00 6.75 7.00 6.75 8.00 7.00 7.00 6.75 7.50 7.25 7.04
deductions:

name: Matteo RIZZO
rank: 10
startingNbr: 31
elements:
	3A	8.0	1.94		3.0 1.0 3.0 2.0 2.0 3.0 3.0 3.0 1.0
	3Lz	5.9	-0.67		-2.0 -1.0 0.0 -3.0 -2.0 -1.0 0.0 -1.0 -1.0
	CCSp4	3.2	0.5		2.0 1.0 2.0 1.0 3.0 2.0 1.0 2.0 1.0
	StSq3	3.3	0.85		3.0 2.0 2.0 1.0 2.0 3.0 4.0 3.0 3.0
	3F+3T	10.45	1.36	x	2.0 1.0 3.0 2.0 3.0 3.0 3.0 4.0 2.0
	FSSp4	3.0	0.51		1.0 2.0 2.0 1.0 2.0 2.0 2.0 3.0 1.0
	CCoSp4	3.5	0.7		2.0 2.0 2.0 1.0 2.0 2.0 2.0 3.0 2.0
program components:
	Skating Skills	1.00 7.75 7.50 7.75 7.75 7.75 8.25 7.75 8.50 7.50 7.79
	Transitions	1.00 7.75 7.50 7.50 7.25 7.50 8.00 7.50 8.25 7.50 7.61
	Performance	1.00 8.00 7.75 7.75 7.50 8.00 7.75 7.75 8.50 7.50 7.79
	Composition	1.00 8.00 7.75 8.00 7.75 7.50 8.25 7.75 8.75 7.75 7.89
	Interpretation of the Music	1.00 8.00 7.75 7.75 7.75 7.75 7.75 7.75 8.75 7.75 7.79
deductions:

name: Alexander MAJOROV
rank: 11
startingNbr: 30
elements:
	4T	9.5	0.54		1.0 0.0 1.0 -1.0 0.0 -1.0 2.0 3.0 1.0
	3A	8.0	-3.31		-4.0 -4.0 -2.0 -4.0 -5.0 -4.0 -5.0 -4.0 -4.0
	FCSp4	3.2	0.27		0.0 1.0 1.0 1.0 1.0 0.0 0.0 2.0 2.0
	3Lz+3T	11.11	0.0	x	0.0 0.0 0.0 -1.0 -1.0 1.0 0.0 2.0 0.0
	CSSp4	3.0	0.6		1.0 2.0 2.0 2.0 2.0 2.0 2.0 3.0 2.0
	StSq4	3.9	1.0		2.0 2.0 3.0 3.0 2.0 3.0 3.0 4.0 2.0
	CCoSp4	3.5	0.7		1.0 2.0 2.0 2.0 2.0 2.0 2.0 3.0 2.0
program components:
	Skating Skills	1.00 7.00 7.75 7.25 8.00 8.00 7.50 7.25 8.25 7.50 7.61
	Transitions	1.00 7.25 7.50 7.00 7.25 7.50 7.50 7.25 8.00 7.25 7.36
	Performance	1.00 7.00 7.75 7.50 7.50 7.75 7.75 7.50 8.25 7.25 7.57
	Composition	1.00 7.00 7.50 7.25 7.75 7.75 7.75 7.25 8.50 7.50 7.54
	Interpretation of the Music	1.00 7.25 7.75 7.75 7.75 8.00 7.75 7.75 8.25 7.75 7.79
deductions:

name: Deniss VASILJEVS
rank: 12
startingNbr: 36
elements:
	3F	5.3	1.44		3.0 2.0 3.0 2.0 2.0 3.0 3.0 4.0 3.0
	3A<<	3.3	-1.27	<<	-4.0 -4.0 -4.0 -4.0 -5.0 -4.0 -3.0 -4.0 -3.0
	FSSp4	3.0	1.2		4.0 4.0 4.0 4.0 4.0 4.0 3.0 4.0 4.0
	StSq4	3.9	1.23		3.0 3.0 3.0 3.0 3.0 4.0 3.0 3.0 4.0
	3Lz+3T	11.11	0.84	x	2.0 1.0 2.0 0.0 1.0 1.0 1.0 4.0 2.0
	CCSp4	3.2	0.78		3.0 2.0 2.0 2.0 3.0 2.0 3.0 1.0 3.0
	CCoSp3	3.0	0.56		3.0 2.0 2.0 1.0 1.0 3.0 2.0 2.0 1.0
program components:
	Skating Skills	1.00 8.25 8.25 7.75 7.75 7.50 8.50 8.25 8.75 7.75 8.07
	Transitions	1.00 8.50 8.25 8.00 7.50 7.50 8.50 8.00 8.50 7.75 8.07
	Performance	1.00 8.50 8.50 8.25 8.25 7.75 8.25 8.50 8.75 8.00 8.32
	Composition	1.00 8.50 8.50 8.25 8.00 7.75 8.75 8.25 8.75 8.00 8.32
	Interpretation of the Music	1.00 8.75 8.75 8.50 8.25 8.00 8.50 8.25 9.00 8.50 8.50
deductions:

name: Adam SIAO HIM FA
rank: 13
startingNbr: 25
elements:
	3A	8.0	1.26		1.0 1.0 2.0 0.0 2.0 2.0 2.0 2.0 1.0
	4T+2T	10.8	1.63		2.0 1.0 2.0 1.0 0.0 2.0 2.0 3.0 2.0
	FCSp3	2.8	0.4		2.0 1.0 2.0 1.0 1.0 1.0 2.0 2.0 1.0
	3Lz	5.9	0.34		0.0 0.0 1.0 0.0 1.0 1.0 2.0 1.0 0.0
	CCoSp4	3.5	0.55		0.0 2.0 2.0 1.0 2.0 1.0 2.0 2.0 1.0
	StSq3	3.3	0.94		3.0 2.0 3.0 3.0 3.0 3.0 3.0 2.0 3.0
	CSSp4	3.0	0.47		1.0 1.0 2.0 1.0 2.0 1.0 2.0 2.0 2.0
program components:
	Skating Skills	1.00 7.25 6.75 6.75 7.25 7.00 7.25 6.50 7.75 6.50 6.96
	Transitions	1.00 6.75 6.50 6.00 6.25 6.50 6.00 6.50 7.50 6.25 6.39
	Performance	1.00 7.25 7.00 6.50 7.00 7.00 7.25 6.75 7.75 6.75 7.00
	Composition	1.00 7.00 6.75 6.50 6.75 6.75 6.75 6.50 8.00 6.25 6.71
	Interpretation of the Music	1.00 7.00 6.75 6.75 6.50 6.75 6.75 6.75 7.75 6.50 6.75
deductions:

name: Vladimir LITVINTSEV
rank: 14
startingNbr: 12
elements:
	4T	9.5	-0.68		-1.0 0.0 0.0 -1.0 -1.0 -1.0 -2.0 0.0 -1.0
	3A	8.0	1.26		1.0 1.0 2.0 2.0 1.0 1.0 2.0 2.0 2.0
	FCSp2	2.3	0.39		2.0 2.0 2.0 1.0 1.0 1.0 2.0 2.0 2.0
	3F+3T	10.45	0.3	x	1.0 0.0 1.0 0.0 0.0 0.0 1.0 2.0 1.0
	CSSp4	3.0	0.21		2.0 0.0 2.0 1.0 -1.0 1.0 3.0 0.0 -1.0
	StSq2	2.6	0.48		2.0 2.0 2.0 2.0 1.0 1.0 2.0 2.0 3.0
	CCoSp4	3.5	0.4		1.0 1.0 1.0 1.0 1.0 0.0 1.0 2.0 2.0
program components:
	Skating Skills	1.00 6.75 6.25 6.75 6.75 6.00 6.25 6.75 7.00 6.75 6.61
	Transitions	1.00 6.00 6.00 6.00 6.50 5.75 5.50 6.25 6.75 6.50 6.14
	Performance	1.00 6.00 6.25 6.50 6.75 5.75 6.00 6.50 7.25 7.00 6.43
	Composition	1.00 6.25 6.00 6.50 6.50 6.00 6.00 6.25 7.25 6.75 6.32
	Interpretation of the Music	1.00 6.25 6.25 6.25 6.50 6.00 6.00 6.50 7.00 7.00 6.39
deductions:

name: Morisi KVITELASHVILI
rank: 15
startingNbr: 34
elements:
	4S+3T	13.9	2.63		3.0 2.0 3.0 2.0 2.0 3.0 3.0 4.0 3.0
	3A	8.0	-3.89		-4.0 -5.0 -3.0 -5.0 -5.0 -5.0 -5.0 -5.0 -5.0
	CCoSp4	3.5	0.8		3.0 1.0 3.0 1.0 1.0 3.0 3.0 3.0 2.0
	2T*	0.0	0.0	* x	0.0 0.0 0.0 0.0 0.0 0.0 0.0 0.0 0.0
	FCSp4	3.2	0.46		1.0 1.0 2.0 0.0 0.0 2.0 2.0 2.0 2.0
	StSq3	3.3	0.66		2.0 2.0 3.0 2.0 2.0 2.0 2.0 2.0 2.0
	CSSp3	2.6	0.37		0.0 2.0 2.0 -2.0 1.0 3.0 1.0 2.0 2.0
program components:
	Skating Skills	1.00 8.00 8.00 8.00 7.50 7.50 7.75 7.25 8.50 7.75 7.79
	Transitions	1.00 7.75 8.00 7.75 7.25 7.50 8.00 6.75 8.25 7.50 7.68
	Performance	1.00 7.75 8.00 7.50 7.50 7.00 7.50 6.75 8.25 7.50 7.54
	Composition	1.00 7.75 8.25 8.00 7.75 7.25 7.75 7.00 8.75 7.75 7.79
	Interpretation of the Music	1.00 7.75 8.25 7.75 7.50 7.25 7.75 6.75 8.50 7.75 7.71
deductions:
	falls: 1

name: Aleksandr SELEVKO
rank: 16
startingNbr: 4
elements:
	2A	3.3	0.9		1.0 2.0 3.0 3.0 2.0 3.0 3.0 3.0 3.0
	3F	5.3	0.91		0.0 2.0 1.0 2.0 1.0 2.0 2.0 2.0 2.0
	FCSp3	2.8	0.6		2.0 2.0 2.0 3.0 1.0 2.0 2.0 2.0 3.0
	3Lz+3T	11.11	0.76	x	1.0 1.0 1.0 2.0 0.0 1.0 1.0 2.0 2.0
	CSSp4	3.0	0.51		2.0 2.0 2.0 1.0 1.0 2.0 1.0 2.0 3.0
	StSq2	2.6	0.74		3.0 2.0 3.0 3.0 2.0 3.0 3.0 3.0 3.0
	CCoSp4	3.5	0.7		2.0 2.0 2.0 2.0 2.0 3.0 2.0 2.0 2.0
program components:
	Skating Skills	1.00 6.75 6.50 6.00 6.75 6.50 6.75 6.25 6.75 6.50 6.57
	Transitions	1.00 6.75 6.25 6.00 6.50 6.25 6.50 6.00 6.50 6.25 6.32
	Performance	1.00 7.00 6.75 6.25 6.75 6.75 6.75 6.75 6.75 6.75 6.75
	Composition	1.00 7.00 6.50 6.00 7.00 6.50 7.00 6.25 7.00 6.75 6.71
	Interpretation of the Music	1.00 7.00 6.75 6.25 7.00 6.75 6.75 6.75 7.00 7.00 6.86
deductions:

name: Paul FENTZ
rank: 17
startingNbr: 19
elements:
	3A	8.0	0.11		-1.0 0.0 0.0 0.0 0.0 1.0 0.0 0.0 1.0
	3T+3T	8.4	0.9		3.0 2.0 2.0 3.0 1.0 3.0 1.0 2.0 2.0
	FCSp4	3.2	0.69		2.0 1.0 3.0 2.0 2.0 2.0 2.0 3.0 2.0
	CSSp4	3.0	0.3		1.0 1.0 2.0 1.0 1.0 1.0 1.0 1.0 1.0
	3Lz	6.49	0.51	x	0.0 0.0 1.0 1.0 1.0 1.0 1.0 2.0 1.0
	StSq2	2.6	-1.19		-4.0 -5.0 -5.0 -5.0 -5.0 -4.0 -4.0 -5.0 -4.0
	CCoSp3	3.0	-0.17		0.0 0.0 0.0 -1.0 -1.0 1.0 -2.0 -1.0 -1.0
program components:
	Skating Skills	1.00 7.50 7.00 7.00 7.25 7.25 7.50 7.00 6.75 7.50 7.21
	Transitions	1.00 7.50 6.75 6.75 6.50 7.00 7.00 6.50 6.50 7.00 6.79
	Performance	1.00 7.00 6.75 6.25 6.75 6.75 7.50 6.75 6.75 7.25 6.86
	Composition	1.00 7.25 7.00 7.00 7.25 7.00 7.25 6.50 7.00 7.50 7.11
	Interpretation of the Music	1.00 7.00 6.75 6.50 7.00 6.75 7.25 6.75 6.75 7.25 6.89
deductions:
	falls: 1

name: Matyas BELOHRADSKY
rank: 18
startingNbr: 7
elements:
	3Lz+3T	10.1	1.1		2.0 2.0 1.0 2.0 1.0 2.0 3.0 2.0 2.0
	2A	3.3	0.66		1.0 2.0 2.0 3.0 1.0 2.0 2.0 3.0 2.0
	CSSp4	3.0	0.39		1.0 1.0 1.0 2.0 1.0 1.0 1.0 2.0 2.0
	3F	5.83	0.83	x	1.0 1.0 1.0 3.0 1.0 1.0 3.0 2.0 2.0
	FCSp3	2.8	0.24		0.0 1.0 1.0 2.0 1.0 0.0 1.0 1.0 1.0
	StSq2	2.6	0.52		3.0 2.0 2.0 3.0 1.0 2.0 2.0 2.0 1.0
	CCoSp4	3.5	0.5		0.0 2.0 1.0 3.0 1.0 1.0 2.0 1.0 2.0
program components:
	Skating Skills	1.00 7.25 6.25 5.75 6.75 5.75 6.50 6.25 6.50 6.50 6.36
	Transitions	1.00 7.00 6.00 5.50 6.50 6.00 6.25 6.25 6.25 6.00 6.18
	Performance	1.00 7.00 6.25 5.75 7.25 6.00 6.50 6.50 6.50 6.50 6.46
	Composition	1.00 7.25 6.25 5.50 6.75 6.25 6.50 6.50 6.75 6.25 6.46
	Interpretation of the Music	1.00 7.25 6.50 5.75 7.00 6.25 6.25 6.50 6.75 6.75 6.57
deductions:

name: Ivan SHMURATKO
rank: 19
startingNbr: 10
elements:
	3A	8.0	-4.0		-5.0 -5.0 -5.0 -5.0 -5.0 -5.0 -5.0 -5.0 -5.0
	3Lz+3T	10.1	0.51		0.0 1.0 1.0 1.0 1.0 1.0 0.0 3.0 1.0
	StSq2	2.6	0.48		2.0 2.0 3.0 2.0 1.0 1.0 0.0 4.0 2.0
	FCSp4	3.2	0.69		1.0 2.0 2.0 3.0 2.0 2.0 2.0 3.0 2.0
	3F	5.83	0.76	x	1.0 1.0 1.0 2.0 1.0 2.0 1.0 3.0 2.0
	CCoSp4	3.5	1.0		3.0 2.0 3.0 4.0 3.0 3.0 2.0 4.0 2.0
	CSSp4	3.0	0.6		1.0 2.0 2.0 2.0 1.0 3.0 2.0 3.0 2.0
program components:
	Skating Skills	1.00 6.50 6.50 6.50 6.75 6.00 6.25 5.75 7.25 6.50 6.43
	Transitions	1.00 6.25 6.25 6.25 6.25 5.75 6.50 5.25 7.00 6.25 6.21
	Performance	1.00 6.50 6.25 6.25 6.50 6.25 6.50 6.00 7.25 6.50 6.39
	Composition	1.00 6.25 6.50 6.50 6.50 6.25 6.25 5.50 7.50 6.50 6.39
	Interpretation of the Music	1.00 6.50 6.50 6.50 6.75 6.50 6.50 5.50 7.25 6.75 6.57
deductions:
	falls: 1

name: Sondre ODDVOLL BOE
rank: 20
startingNbr: 8
elements:
	2A	3.3	0.38		2.0 1.0 1.0 1.0 1.0 1.0 0.0 2.0 1.0
	3Lz+3T	10.1	0.34		1.0 0.0 0.0 0.0 0.0 1.0 1.0 2.0 1.0
	CSSp4	3.0	0.09		1.0 1.0 1.0 0.0 0.0 0.0 0.0 -1.0 0.0
	3F	5.83	0.76	x	2.0 1.0 1.0 2.0 0.0 2.0 1.0 2.0 1.0
	FCSp3	2.8	0.32		0.0 1.0 1.0 1.0 1.0 1.0 1.0 2.0 2.0
	StSq3	3.3	0.71		3.0 2.0 2.0 1.0 1.0 3.0 3.0 2.0 2.0
	CCoSp4	3.5	0.35		1.0 1.0 0.0 1.0 1.0 1.0 1.0 1.0 1.0
program components:
	Skating Skills	1.00 6.50 5.75 5.50 6.25 5.75 6.25 6.75 6.50 6.25 6.18
	Transitions	1.00 6.75 5.75 5.75 5.75 5.75 6.50 6.25 6.25 6.25 6.07
	Performance	1.00 7.00 6.00 5.75 5.75 6.00 6.75 6.25 6.75 6.50 6.29
	Composition	1.00 6.75 6.00 5.50 6.00 5.75 6.25 6.50 6.75 6.50 6.25
	Interpretation of the Music	1.00 7.00 6.25 5.50 6.25 6.00 6.50 6.75 7.00 6.50 6.46
deductions:

name: Luc MAIERHOFER
rank: 21
startingNbr: 14
elements:
	3Lz+3T	10.1	0.84		2.0 1.0 1.0 0.0 1.0 2.0 2.0 1.0 2.0
	2A	3.3	0.38		1.0 1.0 1.0 1.0 1.0 1.0 2.0 1.0 2.0
	CCoSp4	3.5	0.4		0.0 2.0 0.0 2.0 1.0 1.0 1.0 1.0 2.0
	3F	5.83	0.45	x	2.0 0.0 1.0 0.0 1.0 0.0 2.0 1.0 1.0
	StSq3	3.3	0.33		1.0 1.0 0.0 1.0 1.0 2.0 1.0 2.0 0.0
	CSSp4	3.0	0.3		2.0 2.0 0.0 1.0 1.0 0.0 1.0 1.0 1.0
	FCSp2	2.3	-0.07		-1.0 0.0 0.0 0.0 0.0 -1.0 -1.0 1.0 0.0
program components:
	Skating Skills	1.00 5.75 6.00 5.25 6.50 6.00 6.00 6.00 6.00 6.25 6.00
	Transitions	1.00 5.75 5.75 5.00 5.75 5.50 5.75 6.00 5.75 6.00 5.75
	Performance	1.00 6.00 6.25 5.50 6.00 5.75 5.75 6.00 6.00 6.25 5.96
	Composition	1.00 6.00 6.00 5.25 6.00 5.50 6.25 6.25 6.25 6.00 6.00
	Interpretation of the Music	1.00 6.00 6.00 5.25 6.25 5.75 5.75 6.25 6.00 6.00 5.96
deductions:

name: Graham NEWBERRY
rank: 22
startingNbr: 22
elements:
	3A	8.0	-4.0		-5.0 -5.0 -5.0 -5.0 -5.0 -5.0 -5.0 -5.0 -5.0
	3Lo+3T<	8.05	-2.45	<	-5.0 -5.0 -5.0 -5.0 -5.0 -5.0 -5.0 -5.0 -5.0
	3Lz	5.9	-0.25		-1.0 0.0 0.0 -1.0 -1.0 -1.0 0.0 1.0 0.0
	FCSp4	3.2	0.69		4.0 2.0 2.0 1.0 2.0 2.0 2.0 3.0 2.0
	CSSp4	3.0	0.34		2.0 1.0 1.0 0.0 2.0 2.0 0.0 1.0 1.0
	StSq2	2.6	0.41		3.0 1.0 1.0 1.0 2.0 2.0 2.0 2.0 1.0
	CCoSp4	3.5	0.3		2.0 0.0 1.0 -1.0 1.0 0.0 1.0 2.0 1.0
program components:
	Skating Skills	1.00 6.75 6.00 6.00 6.50 6.75 7.00 6.50 7.00 6.50 6.57
	Transitions	1.00 6.50 5.75 5.75 6.00 6.25 6.25 6.50 6.75 6.00 6.18
	Performance	1.00 6.00 5.75 5.50 6.25 6.50 6.75 6.50 6.75 6.25 6.29
	Composition	1.00 6.50 6.00 5.75 6.50 6.50 6.50 6.75 7.25 6.50 6.46
	Interpretation of the Music	1.00 6.50 6.25 5.50 6.25 6.75 6.50 7.00 7.00 6.50 6.54
deductions:

name: Davide LEWTON BRAIN
rank: 23
startingNbr: 5
elements:
	3T+3T	8.4	0.54		1.0 1.0 2.0 1.0 1.0 1.0 2.0 2.0 1.0
	3S	4.3	0.86		1.0 2.0 3.0 2.0 2.0 1.0 3.0 2.0 2.0
	FCSp2	2.3	0.13		1.0 0.0 2.0 -1.0 0.0 2.0 1.0 -1.0 1.0
	StSq2	2.6	0.33		2.0 1.0 2.0 2.0 2.0 0.0 0.0 1.0 1.0
	2A	3.63	0.52	x	1.0 2.0 2.0 2.0 1.0 1.0 2.0 2.0 1.0
	CCoSp4	3.5	0.4		1.0 1.0 2.0 1.0 1.0 1.0 2.0 1.0 1.0
	CSSp4	3.0	0.13		-1.0 0.0 1.0 2.0 1.0 0.0 -1.0 1.0 1.0
program components:
	Skating Skills	1.00 5.75 6.00 5.75 6.25 6.75 5.25 6.25 6.00 5.75 5.96
	Transitions	1.00 5.75 5.75 6.00 5.75 6.50 5.25 6.25 5.75 5.75 5.86
	Performance	1.00 6.00 6.25 6.25 5.75 6.75 5.75 6.50 6.00 6.00 6.11
	Composition	1.00 6.50 6.00 6.25 6.25 6.50 5.75 6.50 6.00 6.00 6.21
	Interpretation of the Music	1.00 6.75 6.00 6.00 6.00 6.75 5.75 6.75 6.25 6.25 6.29
deductions:

name: Irakli MAYSURADZE
rank: 24
startingNbr: 23
elements:
	4T	9.5	-4.75		-5.0 -5.0 -5.0 -5.0 -5.0 -5.0 -5.0 -5.0 -5.0
	3A	8.0	1.83		1.0 2.0 2.0 2.0 2.0 2.0 3.0 3.0 3.0
	CCoSp4	3.5	0.65		2.0 2.0 2.0 1.0 1.0 2.0 2.0 3.0 2.0
	3F<+COMBO	4.38	-1.99	< x	-5.0 -5.0 -5.0 -5.0 -5.0 -5.0 -5.0 -5.0 -5.0
	StSq3	3.3	0.57		1.0 2.0 2.0 1.0 1.0 2.0 2.0 3.0 2.0
	FCSp3	2.8	0.24		0.0 1.0 1.0 1.0 1.0 0.0 1.0 2.0 1.0
	CSSp4	3.0	0.64		2.0 3.0 3.0 1.0 1.0 2.0 2.0 2.0 3.0
program components:
	Skating Skills	1.00 6.25 6.50 6.50 6.50 6.25 6.50 6.25 7.50 6.50 6.43
	Transitions	1.00 5.50 6.25 6.00 6.00 6.00 6.25 5.75 7.25 6.00 6.04
	Performance	1.00 6.00 6.25 6.00 6.25 6.00 6.50 6.00 7.25 6.00 6.14
	Composition	1.00 6.00 6.50 6.50 6.50 6.25 6.00 5.75 7.50 6.50 6.32
	Interpretation of the Music	1.00 5.75 6.50 6.50 6.50 6.00 6.25 6.00 7.50 6.25 6.29
deductions:
	falls: 2

name: Igor REZNICHENKO
rank: 25
startingNbr: 24
elements:
	3A	8.0	-4.0		-5.0 -5.0 -5.0 -5.0 -5.0 -5.0 -5.0 -5.0 -5.0
	3F+2T	6.6	0.08		0.0 1.0 0.0 -1.0 0.0 0.0 0.0 2.0 0.0
	FCSp4	3.2	0.27		0.0 1.0 1.0 0.0 1.0 1.0 1.0 1.0 2.0
	3Lz	6.49	-2.11	x	-5.0 -3.0 -3.0 -4.0 -3.0 -4.0 -4.0 -3.0 -4.0
	CCoSp4	3.5	0.65		2.0 2.0 2.0 1.0 2.0 2.0 1.0 2.0 2.0
	StSq3	3.3	0.66		1.0 2.0 3.0 1.0 3.0 3.0 1.0 3.0 1.0
	CSSp4	3.0	0.39		1.0 2.0 1.0 1.0 2.0 1.0 -1.0 1.0 2.0
program components:
	Skating Skills	1.00 6.00 6.50 6.00 6.00 6.75 6.25 5.50 6.75 5.75 6.18
	Transitions	1.00 6.00 6.25 5.50 5.75 6.50 5.75 5.00 6.50 5.75 5.93
	Performance	1.00 6.25 6.25 6.25 6.25 6.75 6.25 5.25 6.75 5.50 6.21
	Composition	1.00 6.25 6.50 6.00 6.50 6.50 6.50 5.00 7.00 6.00 6.32
	Interpretation of the Music	1.00 6.00 6.50 6.25 6.25 6.75 6.50 5.25 6.75 6.00 6.32
deductions:
	falls: 1

name: Slavik HAYRAPETYAN
rank: 26
startingNbr: 21
elements:
	3A	8.0	-4.0		-5.0 -5.0 -5.0 -5.0 -5.0 -5.0 -5.0 -5.0 -5.0
	3Lz	5.9	-2.95		-5.0 -5.0 -5.0 -5.0 -5.0 -5.0 -5.0 -5.0 -5.0
	FCSp3	2.8	0.12		-1.0 0.0 1.0 0.0 0.0 1.0 1.0 2.0 0.0
	3S+3T	9.35	0.68	x	1.0 0.0 2.0 2.0 1.0 2.0 2.0 3.0 1.0
	CSSp4	3.0	0.17		1.0 0.0 1.0 0.0 0.0 1.0 0.0 1.0 1.0
	StSq3	3.3	0.42		2.0 0.0 2.0 1.0 1.0 1.0 1.0 3.0 1.0
	CCoSp4	3.5	0.25		1.0 0.0 1.0 1.0 1.0 1.0 0.0 1.0 0.0
program components:
	Skating Skills	1.00 6.50 5.75 6.50 6.75 6.00 6.75 6.50 7.25 6.00 6.43
	Transitions	1.00 6.25 5.50 6.25 6.25 5.75 6.50 6.25 7.00 5.50 6.11
	Performance	1.00 6.50 5.50 5.75 6.50 5.75 6.50 6.00 7.00 5.50 6.07
	Composition	1.00 6.75 5.75 6.25 6.75 6.00 7.00 6.00 7.25 5.75 6.36
	Interpretation of the Music	1.00 6.75 5.75 6.25 6.75 5.75 6.75 6.50 7.00 5.25 6.36
deductions:
	falls: 2

name: Nikolaj MAJOROV
rank: 27
startingNbr: 13
elements:
	3F+2T	6.6	0.38		1.0 1.0 1.0 1.0 0.0 1.0 0.0 1.0 0.0
	3A<<	3.3	-1.65	<<	-5.0 -5.0 -5.0 -5.0 -5.0 -5.0 -5.0 -5.0 -5.0
	FCSp4	3.2	0.73		2.0 2.0 2.0 2.0 2.0 3.0 3.0 2.0 3.0
	3Lz	5.9	-0.17		0.0 0.0 0.0 0.0 -1.0 0.0 -1.0 0.0 -2.0
	CSSp4	3.0	0.39		0.0 2.0 1.0 2.0 1.0 1.0 1.0 3.0 1.0
	StSq2	2.6	0.59		3.0 2.0 2.0 2.0 2.0 3.0 2.0 3.0 2.0
	CCoSp4	3.5	0.45		1.0 1.0 1.0 3.0 2.0 1.0 1.0 1.0 2.0
program components:
	Skating Skills	1.00 6.50 6.50 5.75 6.75 6.25 6.75 6.25 7.25 6.00 6.43
	Transitions	1.00 6.00 6.50 5.50 6.25 6.00 6.25 6.00 7.00 6.00 6.14
	Performance	1.00 6.75 6.50 5.75 6.25 6.25 6.50 6.25 7.25 5.75 6.32
	Composition	1.00 6.25 6.75 6.00 6.50 6.25 6.75 6.25 7.25 6.25 6.43
	Interpretation of the Music	1.00 6.75 6.75 5.75 6.75 6.50 6.50 6.50 7.00 6.00 6.54
deductions:
	falls: 1

name: Burak DEMIRBOGA
rank: 28
startingNbr: 18
elements:
	3A<	6.0	-3.0	<	-5.0 -5.0 -5.0 -5.0 -5.0 -5.0 -5.0 -5.0 -5.0
	3Lz+3T	10.1	0.59		0.0 1.0 1.0 0.0 1.0 1.0 2.0 2.0 1.0
	CSSp3	2.6	-0.04		0.0 0.0 1.0 0.0 -1.0 0.0 1.0 -1.0 -3.0
	StSq2	2.6	0.0		-1.0 0.0 1.0 1.0 0.0 1.0 -2.0 1.0 -2.0
	3F	5.83	0.23	x	0.0 0.0 2.0 0.0 1.0 0.0 0.0 2.0 0.0
	CCoSp3	3.0	-0.3		-2.0 -1.0 0.0 -1.0 0.0 -1.0 -3.0 0.0 -2.0
	FCSp1	1.9	-0.41		-3.0 -1.0 -3.0 -2.0 -1.0 -1.0 -3.0 -2.0 -3.0
program components:
	Skating Skills	1.00 5.25 5.75 5.50 6.25 5.75 6.50 5.25 6.25 5.50 5.75
	Transitions	1.00 5.25 5.25 5.00 5.75 5.25 6.00 5.25 6.00 5.00 5.39
	Performance	1.00 5.50 5.50 5.25 6.00 5.50 6.00 5.00 6.25 5.25 5.57
	Composition	1.00 5.50 5.50 5.50 6.25 5.50 5.75 5.50 6.25 5.25 5.64
	Interpretation of the Music	1.00 5.50 5.50 5.25 6.00 5.25 5.75 5.25 6.00 5.00 5.50
deductions:

name: Nicky OBREYKOV
rank: 29
startingNbr: 15
elements:
	3F	5.3	-1.51		-4.0 -2.0 -2.0 -5.0 -3.0 -2.0 -4.0 -3.0 -2.0
	3A	8.0	-2.06		-3.0 -2.0 -1.0 -3.0 -3.0 -2.0 -4.0 -3.0 -2.0
	CSSp3	2.6	0.15		2.0 1.0 1.0 1.0 0.0 0.0 0.0 1.0 0.0
	3Lz+2T	7.92	-0.67	x	-1.0 -1.0 -1.0 -2.0 -1.0 -1.0 -2.0 -1.0 -1.0
	StSq2	2.6	0.3		1.0 1.0 1.0 0.0 1.0 2.0 1.0 2.0 1.0
	FCSp3	2.8	0.2		0.0 1.0 1.0 0.0 0.0 1.0 1.0 2.0 1.0
	CCoSp3V	2.25	0.16		1.0 0.0 1.0 1.0 1.0 0.0 0.0 1.0 1.0
program components:
	Skating Skills	1.00 5.25 6.00 5.50 5.75 6.00 6.25 5.75 6.50 6.00 5.89
	Transitions	1.00 5.25 5.75 5.25 5.00 5.75 6.00 5.50 6.25 5.75 5.61
	Performance	1.00 5.25 5.75 5.00 5.25 5.50 6.50 5.75 6.50 5.75 5.68
	Composition	1.00 5.50 5.75 5.50 5.75 5.75 6.00 5.50 6.75 5.50 5.68
	Interpretation of the Music	1.00 5.00 6.00 5.25 5.50 5.50 6.00 5.75 6.50 5.50 5.64
deductions:

name: Yakau ZENKO
rank: 30
startingNbr: 2
elements:
	3Lz+3T	10.1	1.1		2.0 1.0 2.0 2.0 1.0 3.0 2.0 2.0 2.0
	2A	3.3	0.28		-1.0 1.0 1.0 2.0 0.0 2.0 2.0 0.0 0.0
	FCSp3	2.8	0.08		1.0 0.0 0.0 1.0 0.0 0.0 0.0 1.0 0.0
	CSSp4	3.0	0.43		2.0 2.0 1.0 2.0 1.0 2.0 1.0 1.0 1.0
	1F*	0.0	0.0	* x	0.0 0.0 0.0 0.0 0.0 0.0 0.0 0.0 0.0
	StSq2	2.6	0.33		1.0 1.0 2.0 1.0 1.0 2.0 1.0 2.0 1.0
	CCoSp3	3.0	0.04		1.0 0.0 0.0 1.0 0.0 0.0 -2.0 1.0 -1.0
program components:
	Skating Skills	1.00 6.25 5.75 5.50 6.50 5.25 6.25 6.00 6.00 6.25 6.00
	Transitions	1.00 6.00 5.50 5.25 6.00 5.00 6.00 5.50 5.75 5.75 5.68
	Performance	1.00 5.75 5.50 5.00 6.25 5.50 6.25 5.50 6.00 6.00 5.79
	Composition	1.00 6.00 5.75 5.50 6.50 5.25 6.25 5.75 6.25 6.25 5.96
	Interpretation of the Music	1.00 6.00 5.75 5.50 6.25 5.50 6.25 6.00 5.75 6.00 5.89
deductions:

name: Lukas BRITSCHGI
rank: 31
startingNbr: 9
elements:
	3A	8.0	-3.2		-4.0 -4.0 -4.0 -4.0 -4.0 -4.0 -4.0 -4.0 -4.0
	3Lz<+2T	5.73	-1.27	<	-3.0 -2.0 -3.0 -3.0 -3.0 -3.0 -4.0 -2.0 -3.0
	FCSp3	2.8	0.28		1.0 1.0 0.0 1.0 1.0 1.0 1.0 1.0 1.0
	CSSp4	3.0	0.13		0.0 0.0 0.0 1.0 1.0 1.0 0.0 0.0 2.0
	3F	5.83	-1.59	x	-3.0 -3.0 -3.0 -3.0 -3.0 -4.0 -3.0 -3.0 -3.0
	CCoSp4	3.5	0.5		2.0 1.0 1.0 2.0 1.0 1.0 1.0 2.0 3.0
	StSq2	2.6	0.37		0.0 1.0 1.0 1.0 2.0 2.0 1.0 2.0 2.0
program components:
	Skating Skills	1.00 5.75 6.00 5.25 6.00 6.00 5.75 5.50 6.50 6.50 5.93
	Transitions	1.00 5.75 5.75 5.00 5.50 5.75 5.75 5.00 6.25 6.25 5.68
	Performance	1.00 5.50 5.75 4.75 5.75 6.00 5.25 5.25 6.50 6.25 5.68
	Composition	1.00 5.75 6.00 5.25 6.00 6.25 6.00 5.00 6.75 6.75 6.00
	Interpretation of the Music	1.00 5.50 6.00 5.00 5.75 6.50 5.75 5.25 6.50 6.50 5.89
deductions:

name: Roman GALAY
rank: 32
startingNbr: 1
elements:
	3A<	6.0	-2.91	<	-5.0 -4.0 -5.0 -5.0 -5.0 -5.0 -5.0 -5.0 -4.0
	3F<+3T	8.18	-1.92	<	-4.0 -4.0 -5.0 -5.0 -5.0 -4.0 -5.0 -4.0 -5.0
	FUSp3	2.4	-0.1		1.0 0.0 -1.0 1.0 -1.0 -1.0 -3.0 -1.0 0.0
	3Lo	5.39	0.21	x	0.0 0.0 0.0 2.0 1.0 1.0 0.0 0.0 1.0
	CSSp4	3.0	0.13		1.0 1.0 0.0 2.0 0.0 0.0 1.0 0.0 0.0
	StSq2	2.6	0.22		1.0 0.0 1.0 2.0 1.0 1.0 0.0 1.0 1.0
	CCoSp3	3.0	0.09		1.0 0.0 0.0 1.0 0.0 0.0 1.0 -1.0 0.0
program components:
	Skating Skills	1.00 6.25 6.00 5.50 6.50 5.75 5.50 6.25 5.75 6.00 5.93
	Transitions	1.00 6.50 5.75 5.25 6.25 5.25 5.00 6.25 5.50 5.50 5.68
	Performance	1.00 6.00 5.75 5.25 6.50 5.25 5.50 6.50 5.75 5.75 5.79
	Composition	1.00 6.00 6.00 5.50 6.75 5.50 5.50 6.25 6.00 6.00 5.89
	Interpretation of the Music	1.00 5.75 5.75 5.25 6.50 5.75 5.25 6.50 6.00 5.75 5.82
deductions:

name: Conor STAKELUM
rank: 33
startingNbr: 11
elements:
	3Lo	4.9	0.49		1.0 1.0 1.0 2.0 1.0 1.0 1.0 1.0 1.0
	3T+3T	8.4	0.48		1.0 1.0 1.0 1.0 1.0 1.0 2.0 1.0 2.0
	FSSp4	3.0	-0.04		0.0 0.0 0.0 -1.0 0.0 -1.0 0.0 0.0 1.0
	StSq2	2.6	0.19		1.0 1.0 1.0 0.0 0.0 0.0 1.0 1.0 1.0
	2A	3.63	-0.71	x	-3.0 -2.0 -2.0 -2.0 -2.0 -2.0 -3.0 -1.0 -2.0
	CCSp2	2.3	0.2		0.0 1.0 1.0 1.0 1.0 0.0 2.0 1.0 1.0
	CCoSp3	3.0	-0.34		-3.0 0.0 -1.0 -1.0 -1.0 -2.0 -2.0 0.0 -1.0
program components:
	Skating Skills	1.00 4.75 5.50 4.75 5.75 4.75 5.75 5.50 5.50 5.50 5.32
	Transitions	1.00 4.75 5.50 5.00 5.25 5.00 5.25 5.00 5.25 5.50 5.18
	Performance	1.00 5.00 5.75 5.25 5.50 5.25 5.75 5.50 5.50 5.75 5.50
	Composition	1.00 5.00 5.75 5.00 5.75 5.00 6.00 5.25 5.50 5.50 5.39
	Interpretation of the Music	1.00 5.25 5.75 5.00 5.75 5.25 5.75 5.75 5.25 5.75 5.54
deductions:

name: Hector ALONSO SERRANO
rank: 34
startingNbr: 3
elements:
	3Lz+2T	7.2	0.84		1.0 1.0 1.0 3.0 1.0 2.0 2.0 1.0 2.0
	3F<<	1.8	-0.9	<<	-5.0 -5.0 -5.0 -5.0 -5.0 -5.0 -5.0 -5.0 -5.0
	FCSp3	2.8	0.48		3.0 2.0 1.0 2.0 2.0 1.0 2.0 2.0 1.0
	2A	3.63	0.42	x	0.0 1.0 1.0 2.0 1.0 2.0 1.0 2.0 1.0
	CCoSp4	3.5	0.2		1.0 1.0 0.0 1.0 0.0 1.0 1.0 0.0 0.0
	StSq2	2.6	0.26		-1.0 1.0 0.0 1.0 1.0 2.0 1.0 2.0 1.0
	CSSp3	2.6	0.45		2.0 2.0 2.0 2.0 1.0 2.0 2.0 1.0 0.0
program components:
	Skating Skills	1.00 5.25 6.00 5.00 6.00 5.75 5.75 6.25 6.00 6.00 5.82
	Transitions	1.00 5.25 5.75 5.25 5.75 5.75 5.50 5.75 5.75 5.75 5.64
	Performance	1.00 5.25 5.75 5.00 5.75 6.00 5.75 6.50 6.00 5.50 5.71
	Composition	1.00 5.75 6.00 5.25 6.25 6.25 6.00 5.75 6.25 5.50 5.93
	Interpretation of the Music	1.00 5.75 6.00 5.00 6.00 6.25 6.00 6.25 6.00 5.75 5.96
deductions:
	falls: 1

name: Michael NEUMAN
rank: 35
startingNbr: 16
elements:
	2A	3.3	0.42		0.0 1.0 1.0 2.0 1.0 2.0 1.0 2.0 1.0
	3Lz+3T	10.1	0.08		0.0 0.0 0.0 1.0 0.0 0.0 0.0 1.0 0.0
	FCSp2	2.3	-0.23		-1.0 0.0 -2.0 0.0 0.0 -2.0 -1.0 -1.0 -2.0
	3F	5.83	-2.65	x	-5.0 -5.0 -5.0 -5.0 -5.0 -5.0 -5.0 -5.0 -5.0
	CCoSp3	3.0	0.26		0.0 1.0 1.0 0.0 1.0 1.0 1.0 1.0 1.0
	StSq2	2.6	-0.3		-3.0 0.0 -2.0 1.0 -1.0 -1.0 -2.0 0.0 -2.0
	CSSp3	2.6	-0.11		0.0 0.0 -1.0 0.0 0.0 -1.0 -1.0 0.0 -3.0
program components:
	Skating Skills	1.00 4.75 5.75 4.75 5.25 5.25 5.75 5.50 6.25 5.00 5.32
	Transitions	1.00 4.75 5.75 5.00 5.25 5.00 6.25 5.75 6.00 4.75 5.36
	Performance	1.00 4.75 5.75 4.75 5.50 5.25 6.00 5.75 6.25 5.00 5.43
	Composition	1.00 5.00 6.00 5.25 5.75 5.25 6.25 5.50 6.25 5.25 5.61
	Interpretation of the Music	1.00 5.00 6.00 5.00 5.75 5.00 6.00 5.50 6.00 5.00 5.46
deductions:
	falls: 1

name: Thomas KENNES
rank: 36
startingNbr: 17
elements:
	3S+3T<	7.45	-2.15	<	-5.0 -5.0 -5.0 -5.0 -5.0 -5.0 -5.0 -5.0 -5.0
	2A	3.3	0.57		2.0 1.0 2.0 2.0 1.0 2.0 2.0 2.0 1.0
	FCSp2	2.3	0.0		0.0 1.0 1.0 -1.0 0.0 -1.0 0.0 0.0 0.0
	1Lz*	0.0	0.0	* x	0.0 0.0 0.0 0.0 0.0 0.0 0.0 0.0 0.0
	CSSp3	2.6	-0.07		1.0 1.0 0.0 1.0 -1.0 -1.0 -1.0 -1.0 -1.0
	StSq3	3.3	0.24		1.0 1.0 0.0 0.0 1.0 2.0 0.0 1.0 1.0
	CCoSp4	3.5	0.35		1.0 1.0 1.0 1.0 1.0 1.0 1.0 0.0 1.0
program components:
	Skating Skills	1.00 5.50 5.75 5.25 5.50 6.00 6.25 5.75 6.00 5.75 5.75
	Transitions	1.00 5.25 5.50 5.00 5.25 5.50 6.00 5.25 5.75 5.25 5.39
	Performance	1.00 5.25 5.50 4.75 5.75 5.50 5.75 5.50 5.75 5.50 5.54
	Composition	1.00 5.75 5.75 5.25 6.00 5.75 6.25 5.50 6.00 5.75 5.79
	Interpretation of the Music	1.00 5.75 5.75 5.00 5.75 5.75 5.75 5.75 5.75 5.50 5.71
deductions:
	falls: 1

name: Alexander BOROVOJ
rank: 37
startingNbr: 6
elements:
	3F<+COMBO	3.98	-1.99	<	-5.0 -5.0 -5.0 -5.0 -5.0 -5.0 -5.0 -5.0 -5.0
	3Lo	4.9	-1.96		-4.0 -4.0 -3.0 -4.0 -4.0 -4.0 -4.0 -4.0 -4.0
	CCSp4	3.2	-0.05		0.0 0.0 0.0 1.0 1.0 -1.0 -3.0 0.0 -1.0
	2A	3.63	0.0	x	-1.0 0.0 0.0 1.0 0.0 0.0 -1.0 1.0 0.0
	FSSp4	3.0	0.34		1.0 1.0 1.0 2.0 1.0 2.0 1.0 1.0 1.0
	StSq2	2.6	0.0		-2.0 0.0 0.0 1.0 0.0 0.0 0.0 1.0 -1.0
	CCoSp4	3.5	0.05		0.0 0.0 0.0 2.0 1.0 0.0 -2.0 0.0 0.0
program components:
	Skating Skills	1.00 5.00 5.50 4.75 5.75 5.00 6.00 5.50 5.75 5.25 5.39
	Transitions	1.00 5.00 5.25 5.00 5.00 5.00 5.50 5.00 5.50 5.00 5.11
	Performance	1.00 5.00 5.25 4.75 5.50 5.25 5.50 5.00 5.50 5.00 5.21
	Composition	1.00 5.25 5.25 5.25 5.50 5.25 5.75 5.00 5.75 5.25 5.36
	Interpretation of the Music	1.00 5.00 5.50 4.75 5.75 5.00 6.00 5.25 5.50 5.00 5.29
deductions:
	falls: 1

