event name: ISU European Figure Skating Championships 2019
event type: LADIES SHORT PROGRAM
name: Alina ZAGITOVA
rank: 1
startingNbr: 31
elements:
	3Lz+3Lo<	9.58	0.0	<	-2.0 1.0 -1.0 0.0 0.0 0.0 1.0 0.0 0.0
	FCSp4	3.2	0.96		4.0 3.0 3.0 3.0 3.0 3.0 3.0 3.0 2.0
	StSq4	3.9	1.73		5.0 5.0 5.0 3.0 4.0 4.0 5.0 4.0 4.0
	2A	3.3	0.99		4.0 3.0 4.0 2.0 2.0 3.0 4.0 3.0 2.0
	LSp4	2.7	0.96		4.0 3.0 4.0 4.0 2.0 5.0 5.0 2.0 3.0
	3F	5.83	0.45	x	2.0 0.0 2.0 1.0 0.0 0.0 3.0 1.0 0.0
	CCoSp4	3.5	1.5		5.0 4.0 4.0 3.0 4.0 5.0 5.0 4.0 4.0
program components:
	Skating Skills	0.80 9.00 9.25 9.00 7.25 9.50 9.50 9.25 9.25 8.75 9.14
	Transitions	0.80 8.75 9.00 9.00 7.50 9.25 9.50 9.00 9.00 8.50 8.93
	Performance	0.80 9.00 9.25 9.25 7.00 9.00 9.25 9.25 9.00 8.75 9.07
	Composition	0.80 9.00 9.00 9.25 8.00 9.25 9.75 9.25 9.00 8.75 9.07
	Interpretation of the Music	0.80 9.25 9.50 9.50 7.50 9.25 9.75 9.50 9.25 8.75 9.29
deductions:

name: Sofia SAMODUROVA
rank: 2
startingNbr: 35
elements:
	3F+3T	9.5	1.74		4.0 4.0 3.0 3.0 3.0 3.0 3.0 4.0 2.0
	FCSp4	3.2	0.87		3.0 3.0 2.0 2.0 3.0 4.0 3.0 3.0 2.0
	StSq4	3.9	1.17		3.0 3.0 3.0 2.0 4.0 3.0 3.0 4.0 2.0
	3Lo	4.9	1.33		3.0 3.0 2.0 1.0 3.0 3.0 3.0 3.0 2.0
	2A	3.63	0.9	x	4.0 2.0 2.0 1.0 5.0 3.0 3.0 3.0 2.0
	LSp4	2.7	0.66		2.0 3.0 1.0 2.0 3.0 2.0 3.0 3.0 2.0
	CCoSp4	3.5	1.25		4.0 4.0 2.0 3.0 3.0 4.0 4.0 4.0 3.0
program components:
	Skating Skills	0.80 8.75 8.25 8.50 6.50 9.50 8.50 8.00 8.50 8.00 8.36
	Transitions	0.80 8.50 8.00 8.50 6.25 9.25 8.50 8.00 8.50 7.75 8.25
	Performance	0.80 9.00 8.50 8.75 6.50 9.25 8.50 8.25 9.00 8.00 8.57
	Composition	0.80 8.75 8.00 8.50 7.00 9.50 8.75 8.00 8.75 8.00 8.39
	Interpretation of the Music	0.80 8.50 8.25 8.75 6.50 9.50 8.75 8.25 8.75 8.00 8.46
deductions:

name: Alexia PAGANINI
rank: 3
startingNbr: 36
elements:
	3Lz+3T	10.1	1.1		0.0 1.0 1.0 3.0 2.0 3.0 2.0 2.0 2.0
	3Lo	4.9	1.26		3.0 2.0 2.0 2.0 3.0 3.0 3.0 3.0 2.0
	FCSp4	3.2	0.64		2.0 3.0 2.0 1.0 2.0 3.0 2.0 2.0 1.0
	2A	3.3	0.71		3.0 1.0 2.0 2.0 3.0 3.0 2.0 2.0 1.0
	LSp4	2.7	0.31		2.0 1.0 2.0 1.0 1.0 2.0 1.0 0.0 -1.0
	StSq4	3.9	0.95		1.0 3.0 3.0 2.0 3.0 2.0 3.0 3.0 1.0
	CCoSp4V	2.63	0.38		1.0 2.0 1.0 1.0 1.0 2.0 2.0 2.0 1.0
program components:
	Skating Skills	0.80 7.50 7.50 7.25 6.50 8.25 7.50 7.50 7.00 7.50 7.39
	Transitions	0.80 7.25 7.25 6.75 6.25 7.75 7.50 7.25 6.75 7.25 7.14
	Performance	0.80 7.75 7.75 7.25 6.75 8.00 7.50 7.50 7.50 7.75 7.57
	Composition	0.80 7.50 7.25 7.25 6.50 8.25 7.75 7.50 7.00 7.50 7.39
	Interpretation of the Music	0.80 7.25 7.50 7.25 6.25 8.25 7.50 7.75 7.50 7.50 7.46
deductions:

name: Viveca LINDFORS
rank: 4
startingNbr: 26
elements:
	3Lz+3T	10.1	1.77		3.0 3.0 2.0 3.0 3.0 3.0 3.0 3.0 3.0
	3F	5.3	-0.38		-1.0 -2.0 -3.0 0.0 0.0 0.0 -1.0 -1.0 1.0
	FCSp3	2.8	0.4		2.0 2.0 0.0 1.0 1.0 1.0 1.0 2.0 2.0
	StSq4	3.9	0.61		1.0 2.0 1.0 2.0 2.0 0.0 1.0 3.0 2.0
	2A	3.63	0.57	x	2.0 1.0 1.0 2.0 2.0 2.0 2.0 3.0 1.0
	CCoSp4	3.5	1.2		4.0 3.0 2.0 3.0 4.0 4.0 3.0 4.0 3.0
	LSp4	2.7	0.77		3.0 3.0 2.0 2.0 3.0 3.0 3.0 3.0 3.0
program components:
	Skating Skills	0.80 7.75 7.50 6.75 6.50 7.75 7.00 7.25 7.25 7.75 7.32
	Transitions	0.80 7.25 7.00 6.50 6.00 7.50 6.75 7.00 6.50 7.50 6.93
	Performance	0.80 7.75 7.00 6.75 6.25 7.50 6.75 7.00 7.50 7.75 7.18
	Composition	0.80 7.50 7.25 6.75 6.75 7.50 7.25 7.25 7.25 7.50 7.25
	Interpretation of the Music	0.80 8.00 7.25 6.75 6.75 7.75 7.00 7.25 7.00 7.75 7.25
deductions:

name: Nicole RAJICOVA
rank: 5
startingNbr: 30
elements:
	3Lz+2Lo	7.6	1.01		1.0 2.0 0.0 1.0 2.0 3.0 3.0 1.0 2.0
	3Lo	4.9	0.77		0.0 1.0 1.0 1.0 2.0 3.0 2.0 2.0 2.0
	FCSp4	3.2	0.64		2.0 2.0 1.0 2.0 3.0 3.0 2.0 1.0 2.0
	LSp4	2.7	0.35		1.0 2.0 1.0 1.0 1.0 2.0 2.0 1.0 0.0
	2A	3.63	0.75	x	3.0 2.0 1.0 1.0 2.0 3.0 3.0 3.0 2.0
	StSq4	3.9	1.11		2.0 3.0 2.0 3.0 3.0 3.0 3.0 3.0 3.0
	CCoSp4	3.5	0.85		2.0 2.0 2.0 2.0 3.0 3.0 3.0 2.0 3.0
program components:
	Skating Skills	0.80 7.75 7.50 6.75 6.00 7.75 7.50 7.25 7.25 7.50 7.36
	Transitions	0.80 7.25 6.75 6.50 6.25 7.75 7.50 7.25 6.75 7.25 7.04
	Performance	0.80 7.50 7.25 7.00 5.75 7.75 7.50 7.50 7.50 7.75 7.43
	Composition	0.80 7.50 6.50 7.00 6.50 7.75 7.75 7.25 7.25 7.50 7.25
	Interpretation of the Music	0.80 7.50 7.00 7.00 6.25 8.25 7.75 7.50 7.25 7.75 7.39
deductions:

name: Laurine LECAVELIER
rank: 6
startingNbr: 33
elements:
	3T+3T	8.4	0.54		1.0 1.0 -1.0 1.0 1.0 2.0 2.0 2.0 1.0
	3Lz	5.9	-0.84		-2.0 -2.0 -2.0 -1.0 -1.0 -1.0 0.0 -1.0 -2.0
	CCoSp4	3.5	0.65		2.0 2.0 2.0 1.0 2.0 2.0 2.0 0.0 2.0
	StSq3	3.3	0.75		2.0 2.0 3.0 1.0 2.0 3.0 2.0 3.0 2.0
	2A	3.63	0.38	x	0.0 1.0 1.0 1.0 2.0 0.0 2.0 1.0 2.0
	FCSp3	2.8	0.68		2.0 3.0 2.0 2.0 3.0 3.0 2.0 2.0 3.0
	LSp4	2.7	0.73		3.0 3.0 1.0 2.0 2.0 3.0 3.0 3.0 3.0
program components:
	Skating Skills	0.80 8.50 7.50 7.25 6.25 8.75 8.00 7.50 7.25 7.75 7.68
	Transitions	0.80 8.25 7.00 6.75 5.75 8.50 7.50 7.25 6.75 7.50 7.29
	Performance	0.80 8.00 7.75 7.00 6.25 8.75 7.75 7.50 7.25 8.00 7.61
	Composition	0.80 8.00 7.25 7.00 6.00 8.75 8.00 7.50 7.00 7.75 7.50
	Interpretation of the Music	0.80 8.50 7.25 7.25 6.00 8.75 7.75 7.50 7.25 8.00 7.64
deductions:

name: Ekaterina RYABOVA
rank: 7
startingNbr: 10
elements:
	3Lz+3T	10.1	0.08	!	1.0 0.0 0.0 0.0 0.0 1.0 0.0 0.0 0.0
	2A	3.3	0.19		1.0 0.0 1.0 0.0 1.0 2.0 1.0 0.0 0.0
	CCoSp4	3.5	0.75		2.0 2.0 2.0 1.0 3.0 3.0 2.0 2.0 2.0
	StSq2	2.6	0.41		1.0 1.0 2.0 1.0 2.0 2.0 3.0 2.0 1.0
	3F	5.83	1.14	x	2.0 1.0 2.0 1.0 3.0 3.0 2.0 3.0 2.0
	FCSp3	2.8	0.4		1.0 0.0 1.0 0.0 2.0 3.0 2.0 2.0 2.0
	LSp4	2.7	0.69		3.0 2.0 2.0 2.0 4.0 3.0 3.0 3.0 1.0
program components:
	Skating Skills	0.80 6.75 6.75 6.75 5.75 7.00 7.00 6.50 5.75 6.25 6.54
	Transitions	0.80 5.25 5.75 6.50 5.50 6.75 6.75 6.25 5.25 6.00 6.00
	Performance	0.80 6.50 6.25 6.75 5.25 6.75 7.25 6.75 6.25 6.50 6.54
	Composition	0.80 5.75 6.00 6.50 5.50 6.75 7.00 6.50 6.00 6.25 6.25
	Interpretation of the Music	0.80 6.00 6.50 6.75 5.25 7.00 7.25 6.50 6.25 6.50 6.50
deductions:

name: Mae Berenice MEITE
rank: 8
startingNbr: 34
elements:
	3T+3T	8.4	0.66		0.0 2.0 1.0 2.0 1.0 2.0 2.0 1.0 3.0
	3Lz<	4.43	-1.9	<	-5.0 -5.0 -5.0 -4.0 -5.0 -3.0 -4.0 -4.0 -3.0
	FCSp4	3.2	0.5		2.0 2.0 1.0 1.0 1.0 3.0 1.0 2.0 2.0
	CCoSp3	3.0	0.51		1.0 2.0 2.0 1.0 2.0 2.0 1.0 2.0 2.0
	StSq3	3.3	0.47		1.0 2.0 1.0 2.0 2.0 2.0 1.0 1.0 1.0
	2A	3.63	0.8	x	4.0 2.0 2.0 3.0 2.0 3.0 1.0 2.0 3.0
	LSp4	2.7	0.62		3.0 3.0 2.0 2.0 2.0 3.0 1.0 2.0 2.0
program components:
	Skating Skills	0.80 7.75 7.25 7.00 6.75 8.00 7.50 6.75 7.00 7.75 7.29
	Transitions	0.80 7.75 6.75 6.75 6.25 8.00 7.25 6.25 6.50 7.50 6.96
	Performance	0.80 8.00 7.00 6.75 6.50 7.75 7.50 6.50 6.50 7.75 7.11
	Composition	0.80 8.00 7.25 6.75 6.25 8.00 7.50 6.50 6.75 7.75 7.21
	Interpretation of the Music	0.80 7.75 7.50 7.00 6.00 8.00 7.50 6.50 6.50 7.75 7.21
deductions:

name: Alexandra FEIGIN
rank: 9
startingNbr: 21
elements:
	3T+3T	8.4	0.84		4.0 2.0 1.0 2.0 2.0 2.0 2.0 2.0 2.0
	3Lo	4.9	1.05		3.0 2.0 1.0 2.0 2.0 3.0 2.0 2.0 2.0
	FCSp3	2.8	0.44		2.0 1.0 1.0 1.0 2.0 2.0 1.0 2.0 2.0
	2A	3.63	0.61	x	4.0 2.0 1.0 1.0 2.0 2.0 2.0 2.0 2.0
	CCoSp4	3.5	0.6		2.0 1.0 1.0 1.0 2.0 2.0 2.0 2.0 2.0
	StSq2	2.6	0.52		2.0 2.0 1.0 3.0 3.0 2.0 2.0 1.0 2.0
	LSp3	2.4	0.62		2.0 2.0 2.0 2.0 3.0 3.0 3.0 3.0 3.0
program components:
	Skating Skills	0.80 7.25 6.75 6.00 5.25 6.75 6.75 6.75 5.75 7.00 6.54
	Transitions	0.80 6.75 6.00 5.75 5.75 6.75 6.50 6.50 5.75 6.75 6.29
	Performance	0.80 7.50 5.75 6.00 6.00 7.00 6.75 6.75 6.25 7.00 6.54
	Composition	0.80 7.00 6.50 6.00 6.00 6.75 6.75 6.75 6.00 7.00 6.54
	Interpretation of the Music	0.80 7.00 6.25 6.00 5.75 7.00 6.50 6.75 5.75 7.00 6.46
deductions:

name: Emmi PELTONEN
rank: 10
startingNbr: 29
elements:
	3T+2T	5.5	-0.78		-2.0 -1.0 -3.0 -2.0 -2.0 -2.0 -1.0 -2.0 -2.0
	3Lo	4.9	-1.4		-3.0 -3.0 -3.0 -3.0 -2.0 -4.0 -2.0 -3.0 -3.0
	FSSp4	3.0	0.64		3.0 2.0 2.0 2.0 3.0 2.0 2.0 2.0 0.0
	LSp4	2.7	0.54		1.0 2.0 2.0 3.0 3.0 2.0 2.0 0.0 2.0
	2A	3.63	0.33	x	1.0 0.0 -1.0 1.0 1.0 2.0 1.0 1.0 2.0
	StSq4	3.9	1.39		4.0 3.0 4.0 4.0 4.0 3.0 4.0 3.0 3.0
	CCoSp4	3.5	0.95		2.0 3.0 2.0 2.0 3.0 3.0 3.0 3.0 3.0
program components:
	Skating Skills	0.80 8.00 7.25 7.00 7.25 7.75 7.50 7.25 7.00 7.50 7.36
	Transitions	0.80 7.50 7.00 6.75 7.50 7.75 7.00 7.00 6.75 7.25 7.14
	Performance	0.80 7.75 7.50 7.00 7.25 7.50 6.75 7.00 6.75 7.50 7.21
	Composition	0.80 7.75 7.00 7.00 7.50 7.75 7.25 7.25 7.00 7.25 7.29
	Interpretation of the Music	0.80 8.25 7.75 7.25 7.75 8.00 7.00 7.50 7.25 7.50 7.57
deductions:

name: Stanislava KONSTANTINOVA
rank: 11
startingNbr: 32
elements:
	2Lz*	0.0	0.0	*	0.0 0.0 0.0 0.0 0.0 0.0 0.0 0.0 0.0
	LSp4	2.7	0.66		3.0 3.0 3.0 3.0 2.0 3.0 1.0 1.0 2.0
	FCSp4	3.2	0.91		3.0 3.0 3.0 3.0 3.0 4.0 3.0 2.0 1.0
	2A	3.3	0.99		3.0 3.0 4.0 2.0 4.0 3.0 3.0 3.0 2.0
	3F+3T<<	7.26	-2.65	<< x	-5.0 -5.0 -5.0 -5.0 -5.0 -5.0 -5.0 -5.0 -5.0
	CCoSp4	3.5	1.05		3.0 3.0 3.0 4.0 3.0 3.0 3.0 3.0 2.0
	StSq4	3.9	1.28		4.0 3.0 4.0 3.0 4.0 3.0 3.0 3.0 3.0
program components:
	Skating Skills	0.80 8.50 7.75 8.50 7.25 9.25 8.00 8.25 7.25 8.00 8.04
	Transitions	0.80 7.75 7.50 8.50 6.75 9.00 8.00 8.00 6.75 7.50 7.71
	Performance	0.80 7.75 7.75 8.75 6.75 8.50 7.50 7.75 7.00 8.00 7.75
	Composition	0.80 8.00 8.00 8.75 7.25 9.00 8.25 8.00 7.00 8.00 8.04
	Interpretation of the Music	0.80 7.75 8.25 8.75 7.00 9.25 8.00 8.50 7.00 8.00 8.04
deductions:
	falls: 1

name: Eliska BREZINOVA
rank: 12
startingNbr: 20
elements:
	3T+2T	5.5	0.24		1.0 0.0 0.0 0.0 0.0 1.0 1.0 1.0 1.0
	3Lz	5.9	0.67		2.0 1.0 1.0 0.0 0.0 1.0 2.0 1.0 2.0
	FCSp4	3.2	0.73		3.0 2.0 1.0 2.0 3.0 3.0 2.0 2.0 2.0
	2A	3.63	0.71	x	3.0 2.0 1.0 2.0 1.0 2.0 3.0 3.0 2.0
	CCoSp4	3.5	0.6		2.0 2.0 1.0 1.0 1.0 2.0 2.0 2.0 2.0
	StSq2	2.6	0.45		1.0 2.0 2.0 -1.0 2.0 2.0 3.0 2.0 1.0
	LSp3	2.4	0.41		1.0 2.0 1.0 0.0 3.0 2.0 2.0 2.0 2.0
program components:
	Skating Skills	0.80 6.00 6.50 5.75 4.75 6.75 7.00 7.00 6.50 6.75 6.46
	Transitions	0.80 5.75 6.00 4.75 5.00 6.25 6.75 6.75 6.00 6.25 6.00
	Performance	0.80 7.00 6.25 5.75 4.75 6.50 6.75 7.00 6.50 6.75 6.50
	Composition	0.80 6.25 6.25 5.00 5.00 6.50 7.00 7.00 6.25 6.50 6.25
	Interpretation of the Music	0.80 6.75 6.00 5.75 5.00 6.50 7.00 7.25 6.25 6.75 6.43
deductions:

name: Ivett TOTH
rank: 13
startingNbr: 27
elements:
	3T+3T<	7.35	-1.02	<	-2.0 -3.0 -3.0 -3.0 -4.0 -2.0 -2.0 -1.0 -2.0
	3Lz	5.9	0.17		-1.0 0.0 0.0 0.0 0.0 1.0 1.0 2.0 0.0
	FCSp4	3.2	0.37		0.0 2.0 1.0 0.0 1.0 2.0 1.0 2.0 1.0
	CCoSp4	3.5	0.75		2.0 2.0 2.0 1.0 2.0 3.0 2.0 3.0 2.0
	1A<<*	0.0	0.0	* x	0.0 0.0 0.0 0.0 0.0 0.0 0.0 0.0 0.0
	StSq4	3.9	0.78		2.0 2.0 2.0 0.0 2.0 2.0 3.0 4.0 1.0
	LSp4	2.7	0.62		2.0 3.0 2.0 2.0 2.0 2.0 3.0 3.0 2.0
program components:
	Skating Skills	0.80 6.25 6.50 6.75 5.25 7.00 6.75 6.75 7.00 6.75 6.68
	Transitions	0.80 6.00 6.25 6.75 5.00 6.75 6.75 6.50 6.75 6.50 6.50
	Performance	0.80 6.25 6.50 7.00 5.50 6.50 6.50 7.00 7.00 6.75 6.64
	Composition	0.80 6.50 6.25 7.00 5.75 6.75 7.00 6.75 7.25 6.75 6.71
	Interpretation of the Music	0.80 6.25 7.00 7.00 5.25 6.75 7.00 7.00 7.25 6.75 6.82
deductions:

name: Julia SAUTER
rank: 14
startingNbr: 11
elements:
	3Lo	4.9	0.56		2.0 1.0 1.0 1.0 1.0 0.0 1.0 1.0 2.0
	2A	3.3	0.57		3.0 2.0 0.0 1.0 2.0 2.0 1.0 2.0 2.0
	FSSp4	3.0	0.64		4.0 2.0 0.0 2.0 3.0 2.0 1.0 3.0 2.0
	3T+2T	6.05	0.6	x	2.0 1.0 1.0 2.0 1.0 2.0 1.0 2.0 1.0
	CSp3	2.3	0.43		3.0 1.0 1.0 1.0 3.0 3.0 1.0 2.0 2.0
	StSq3	3.3	0.66		3.0 2.0 2.0 1.0 2.0 3.0 2.0 2.0 0.0
	CCoSp4	3.5	0.05		0.0 0.0 0.0 -1.0 1.0 1.0 0.0 0.0 0.0
program components:
	Skating Skills	0.80 6.75 5.50 5.25 5.75 6.75 6.50 6.00 5.75 6.25 6.07
	Transitions	0.80 6.00 5.75 5.25 5.75 6.50 6.25 5.75 5.00 6.00 5.82
	Performance	0.80 6.75 6.00 5.50 6.00 6.75 6.50 6.25 6.00 6.25 6.25
	Composition	0.80 6.75 5.50 5.25 6.00 7.00 6.25 6.00 5.50 6.00 6.00
	Interpretation of the Music	0.80 7.25 6.25 5.50 6.00 7.25 6.50 6.25 6.00 6.50 6.39
deductions:

name: Dasa GRM
rank: 15
startingNbr: 22
elements:
	3F	5.3	0.98		3.0 2.0 1.0 2.0 1.0 2.0 2.0 2.0 2.0
	3T+2T	5.5	0.54		2.0 2.0 1.0 1.0 0.0 1.0 1.0 2.0 1.0
	CSp3	2.3	0.2		3.0 1.0 2.0 1.0 2.0 0.0 0.0 0.0 0.0
	2A	3.63	-0.61	x	-3.0 -3.0 -3.0 -2.0 -1.0 0.0 -1.0 -3.0 0.0
	FSSp4	3.0	0.04		0.0 0.0 0.0 0.0 0.0 1.0 1.0 0.0 0.0
	StSq2	2.6	0.59		5.0 3.0 1.0 2.0 2.0 2.0 2.0 3.0 2.0
	CCoSp4	3.5	0.45		2.0 1.0 1.0 1.0 0.0 1.0 1.0 2.0 2.0
program components:
	Skating Skills	0.80 7.50 6.50 5.75 6.00 6.25 6.75 6.75 6.50 7.00 6.54
	Transitions	0.80 7.25 6.00 5.50 5.50 6.00 6.50 6.25 6.25 6.75 6.18
	Performance	0.80 7.75 6.75 5.75 5.75 6.00 6.25 6.50 6.50 7.00 6.39
	Composition	0.80 7.50 6.25 5.50 5.50 6.00 6.50 6.50 6.50 7.00 6.32
	Interpretation of the Music	0.80 8.00 6.50 6.00 5.75 6.25 6.50 6.50 6.25 7.00 6.43
deductions:

name: Lucrezia GENNARO
rank: 16
startingNbr: 19
elements:
	3Lo	4.9	0.77		2.0 2.0 0.0 1.0 1.0 2.0 1.0 2.0 2.0
	3S+2T	5.6	-0.98		-5.0 -3.0 -4.0 -3.0 -2.0 -1.0 0.0 -3.0 0.0
	FCSp4	3.2	0.37		2.0 1.0 1.0 1.0 1.0 2.0 0.0 2.0 0.0
	CCoSp4	3.5	0.1		0.0 0.0 1.0 0.0 1.0 1.0 -1.0 1.0 -1.0
	2A	3.63	0.19	x	0.0 1.0 1.0 0.0 1.0 0.0 1.0 2.0 0.0
	StSq4	3.9	0.72		3.0 2.0 2.0 0.0 2.0 2.0 1.0 3.0 1.0
	LSp4	2.7	0.46		3.0 2.0 2.0 1.0 2.0 2.0 1.0 2.0 1.0
program components:
	Skating Skills	0.80 6.75 5.50 5.50 5.75 6.50 6.25 5.75 6.50 6.25 6.07
	Transitions	0.80 6.50 5.25 5.25 5.25 6.00 6.00 5.50 6.00 6.00 5.71
	Performance	0.80 6.50 6.00 5.75 5.25 6.25 6.00 5.50 6.50 6.00 6.00
	Composition	0.80 6.00 5.50 5.50 5.50 6.50 6.25 5.50 6.25 6.25 5.89
	Interpretation of the Music	0.80 6.75 5.75 5.75 5.00 6.75 6.50 5.75 6.25 6.25 6.14
deductions:

name: Anita ÖSTLUND
rank: 17
startingNbr: 25
elements:
	2A	3.3	0.8		4.0 2.0 2.0 1.0 3.0 3.0 3.0 3.0 1.0
	2Lo*	0.0	0.0	*	0.0 0.0 0.0 0.0 0.0 0.0 0.0 0.0 0.0
	FSSp3	2.6	0.19		1.0 2.0 0.0 0.0 2.0 1.0 0.0 1.0 0.0
	3T+3T	9.24	0.48	x	2.0 2.0 1.0 1.0 0.0 1.0 1.0 1.0 1.0
	LSp3	2.4	0.0		0.0 1.0 -1.0 0.0 0.0 0.0 -1.0 1.0 0.0
	StSq3	3.3	0.61		1.0 2.0 2.0 2.0 3.0 2.0 2.0 2.0 0.0
	CCoSp4	3.5	0.55		2.0 2.0 2.0 1.0 2.0 2.0 1.0 -1.0 1.0
program components:
	Skating Skills	0.80 7.00 6.50 7.00 6.25 7.50 6.75 6.25 6.25 6.75 6.64
	Transitions	0.80 6.50 6.25 6.75 5.75 7.25 6.50 6.00 6.00 6.00 6.29
	Performance	0.80 7.00 6.25 7.00 5.75 7.00 6.50 6.25 6.00 6.25 6.46
	Composition	0.80 6.75 6.00 6.75 6.00 7.00 6.50 6.25 6.25 6.50 6.43
	Interpretation of the Music	0.80 6.75 6.50 7.00 5.75 7.25 6.50 6.00 6.00 6.25 6.43
deductions:

name: Yasmine Kimiko YAMADA
rank: 18
startingNbr: 16
elements:
	3T+3T<	7.35	-0.96	<	-3.0 -3.0 -2.0 -1.0 -1.0 -2.0 -3.0 -3.0 -2.0
	CCoSp4	3.5	0.6		2.0 2.0 2.0 1.0 2.0 2.0 1.0 1.0 2.0
	2A	3.3	0.57		2.0 2.0 2.0 2.0 3.0 1.0 2.0 1.0 1.0
	3Lz	6.49	-2.95	x	-5.0 -5.0 -5.0 -5.0 -5.0 -5.0 -5.0 -5.0 -5.0
	StSq3	3.3	0.61		3.0 2.0 1.0 2.0 3.0 1.0 2.0 1.0 2.0
	FCSp3	2.8	0.56		2.0 2.0 0.0 1.0 2.0 3.0 3.0 2.0 2.0
	LSp3	2.4	0.38		1.0 1.0 1.0 2.0 2.0 3.0 2.0 0.0 2.0
program components:
	Skating Skills	0.80 6.50 6.25 5.50 5.25 6.75 6.50 6.25 6.00 6.50 6.21
	Transitions	0.80 6.00 5.75 5.25 4.75 6.50 6.00 6.25 5.75 6.00 5.86
	Performance	0.80 6.00 6.50 5.50 5.25 6.25 6.00 6.25 6.00 6.50 6.07
	Composition	0.80 5.75 6.00 5.50 5.50 6.50 6.25 6.50 6.00 6.25 6.04
	Interpretation of the Music	0.80 6.50 6.25 5.50 5.00 6.75 6.00 6.50 5.75 6.50 6.14
deductions:
	falls: 1

name: Nicole SCHOTT
rank: 19
startingNbr: 28
elements:
	3Lo	4.9	0.84		4.0 2.0 1.0 1.0 1.0 2.0 2.0 1.0 3.0
	3T+COMBO	4.2	-2.1		-5.0 -5.0 -5.0 -5.0 -5.0 -5.0 -5.0 -5.0 -5.0
	FCSp4	3.2	0.55		3.0 2.0 1.0 1.0 2.0 3.0 1.0 1.0 2.0
	StSq3	3.3	0.75		3.0 3.0 2.0 2.0 3.0 2.0 2.0 1.0 2.0
	2A	3.63	-1.65	x	-5.0 -5.0 -5.0 -5.0 -5.0 -5.0 -5.0 -5.0 -5.0
	CCoSp4	3.5	0.75		3.0 2.0 1.0 1.0 3.0 3.0 2.0 2.0 2.0
	LSp4	2.7	0.54		2.0 2.0 2.0 2.0 2.0 2.0 3.0 2.0 2.0
program components:
	Skating Skills	0.80 7.50 6.50 6.75 6.50 7.25 7.00 6.50 6.50 7.00 6.79
	Transitions	0.80 7.00 6.00 6.75 6.00 6.75 6.75 6.25 6.00 6.75 6.46
	Performance	0.80 6.75 6.25 7.00 6.00 6.50 6.50 6.50 5.75 6.75 6.46
	Composition	0.80 7.25 6.75 6.75 6.25 6.75 7.00 6.50 6.00 7.00 6.71
	Interpretation of the Music	0.80 7.50 6.50 7.00 6.50 6.75 7.00 6.75 5.75 7.00 6.79
deductions:
	falls: 1

name: Pernille SORENSEN
rank: 20
startingNbr: 12
elements:
	3T+3T<	7.35	-0.84	<	-1.0 -2.0 -3.0 -2.0 -3.0 -1.0 -2.0 -2.0 -2.0
	3Lo	4.9	0.42		2.0 1.0 1.0 0.0 0.0 1.0 1.0 2.0 0.0
	LSp1	1.5	-0.02		0.0 1.0 0.0 0.0 0.0 0.0 -1.0 -1.0 0.0
	2A	3.63	0.28	x	2.0 1.0 1.0 0.0 1.0 1.0 0.0 2.0 0.0
	FSSp3	2.6	0.22		1.0 0.0 1.0 0.0 2.0 1.0 0.0 2.0 1.0
	StSq3	3.3	0.24		0.0 0.0 1.0 0.0 1.0 1.0 1.0 1.0 1.0
	CCoSp4	3.5	0.25		0.0 1.0 1.0 1.0 2.0 1.0 0.0 0.0 1.0
program components:
	Skating Skills	0.80 6.75 6.00 5.50 5.50 6.50 6.00 6.00 6.00 6.50 6.07
	Transitions	0.80 6.00 5.50 5.25 5.75 6.00 5.50 5.75 5.00 6.25 5.68
	Performance	0.80 6.00 5.75 5.25 5.25 6.25 5.50 6.00 5.50 6.00 5.71
	Composition	0.80 6.25 5.75 5.25 5.75 6.25 5.75 5.75 5.50 6.25 5.86
	Interpretation of the Music	0.80 5.75 6.00 5.50 5.25 6.50 5.50 6.00 5.25 6.25 5.75
deductions:

name: Anastasiya GALUSTYAN
rank: 21
startingNbr: 13
elements:
	3T<+3T	7.35	-0.54	<	-1.0 -1.0 -2.0 0.0 -2.0 -2.0 -1.0 -1.0 -1.0
	3F<	3.98	-1.99	<	-5.0 -5.0 -5.0 -5.0 -5.0 -5.0 -5.0 -5.0 -5.0
	CCoSp4	3.5	0.35		1.0 1.0 0.0 1.0 -1.0 1.0 1.0 2.0 2.0
	2A	3.63	0.0	x	0.0 1.0 0.0 0.0 0.0 0.0 0.0 0.0 0.0
	FCSp4	3.2	0.41		2.0 1.0 1.0 1.0 2.0 1.0 1.0 2.0 1.0
	LSp3	2.4	0.14		1.0 0.0 -1.0 0.0 2.0 1.0 0.0 0.0 2.0
	StSq3	3.3	0.42		2.0 1.0 1.0 0.0 2.0 1.0 2.0 2.0 -1.0
program components:
	Skating Skills	0.80 6.75 5.75 5.50 4.75 6.50 5.75 6.25 6.00 6.25 6.00
	Transitions	0.80 6.00 5.50 5.25 5.00 6.00 5.50 6.00 5.50 5.75 5.64
	Performance	0.80 6.25 5.50 5.50 5.25 6.00 5.50 6.00 6.00 5.75 5.75
	Composition	0.80 6.25 5.25 5.25 5.00 6.25 5.75 6.25 6.00 6.00 5.82
	Interpretation of the Music	0.80 6.25 5.75 5.25 5.25 6.00 5.75 6.25 5.75 6.00 5.82
deductions:
	falls: 1

name: Natasha MCKAY
rank: 22
startingNbr: 23
elements:
	3Lo<<	1.7	-0.85	<<	-5.0 -5.0 -5.0 -5.0 -5.0 -5.0 -5.0 -5.0 -5.0
	3S+2T	5.6	0.43		2.0 1.0 1.0 1.0 0.0 1.0 1.0 1.0 1.0
	2A	3.3	0.33		2.0 1.0 1.0 1.0 0.0 1.0 1.0 1.0 1.0
	CSp4	2.6	0.33		1.0 1.0 1.0 2.0 2.0 2.0 1.0 1.0 1.0
	StSq2	2.6	0.71		3.0 3.0 2.0 4.0 2.0 4.0 2.0 3.0 2.0
	CCoSp4	3.5	0.35		0.0 1.0 1.0 1.0 1.0 2.0 1.0 1.0 1.0
	FSSp4	3.0	0.34		-1.0 1.0 1.0 1.0 1.0 2.0 1.0 2.0 1.0
program components:
	Skating Skills	0.80 6.00 5.25 6.25 6.50 6.25 6.75 6.25 6.25 6.75 6.32
	Transitions	0.80 5.75 5.50 6.00 6.25 6.00 6.75 5.75 6.00 6.50 6.04
	Performance	0.80 6.00 6.25 6.25 6.75 5.75 6.50 6.25 6.00 7.00 6.29
	Composition	0.80 6.00 5.25 6.25 7.00 6.75 7.00 6.00 6.25 6.75 6.43
	Interpretation of the Music	0.80 6.25 6.00 6.25 7.00 6.75 7.00 6.25 6.25 6.75 6.50
deductions:
	falls: 1

name: Antonina DUBININA
rank: 23
startingNbr: 7
elements:
	3F<	3.98	-0.91	<	-2.0 -3.0 -2.0 -3.0 -2.0 -3.0 -2.0 -2.0 -2.0
	3S+2T	5.6	-0.18		-1.0 0.0 -1.0 -2.0 0.0 0.0 0.0 0.0 -1.0
	FCSp4	3.2	0.5		2.0 1.0 1.0 2.0 -1.0 3.0 1.0 2.0 2.0
	2A	3.63	0.33	x	2.0 0.0 1.0 1.0 1.0 1.0 1.0 1.0 1.0
	CCoSp4	3.5	0.7		2.0 2.0 1.0 2.0 0.0 3.0 2.0 3.0 2.0
	StSq2	2.6	0.33		1.0 0.0 1.0 1.0 2.0 2.0 1.0 1.0 2.0
	LSp2	1.9	0.43		3.0 2.0 2.0 2.0 3.0 3.0 2.0 2.0 2.0
program components:
	Skating Skills	0.80 6.25 5.75 5.25 5.50 5.00 6.00 5.50 5.25 6.25 5.64
	Transitions	0.80 5.75 5.25 4.75 4.75 5.00 5.75 5.00 5.00 6.00 5.21
	Performance	0.80 6.00 5.25 5.00 5.00 4.75 5.50 5.50 5.50 6.25 5.39
	Composition	0.80 5.75 5.50 5.00 5.25 5.00 5.75 5.50 5.25 6.25 5.43
	Interpretation of the Music	0.80 5.50 5.00 5.00 5.25 5.25 5.75 5.25 5.25 6.50 5.32
deductions:

name: Nathalie WEINZIERL
rank: 24
startingNbr: 24
elements:
	3T+3T<	7.35	-1.5	<	-3.0 -4.0 -5.0 -3.0 -4.0 -1.0 -3.0 -4.0 -4.0
	2A	3.3	-1.65		-5.0 -5.0 -5.0 -5.0 -5.0 -5.0 -5.0 -5.0 -5.0
	CCoSp4	3.5	0.55		0.0 2.0 1.0 1.0 3.0 2.0 1.0 2.0 2.0
	3Lz<	4.87	-2.22	< x	-5.0 -5.0 -5.0 -5.0 -5.0 -5.0 -5.0 -5.0 -5.0
	StSq3	3.3	0.8		2.0 3.0 2.0 2.0 2.0 3.0 3.0 3.0 1.0
	FSSp4	3.0	0.3		-1.0 2.0 1.0 1.0 1.0 1.0 2.0 1.0 0.0
	LSp2	1.9	0.19		1.0 1.0 1.0 0.0 1.0 1.0 1.0 1.0 1.0
program components:
	Skating Skills	0.80 6.75 6.75 5.75 5.50 5.75 6.50 6.75 6.00 6.75 6.32
	Transitions	0.80 6.75 6.25 5.50 5.25 5.50 6.00 6.25 5.50 6.50 5.93
	Performance	0.80 6.00 6.50 6.00 5.25 5.25 5.50 6.25 5.50 6.50 5.86
	Composition	0.80 6.50 6.25 5.50 5.75 5.75 6.25 6.50 6.25 6.75 6.18
	Interpretation of the Music	0.80 6.25 6.75 6.00 5.50 5.75 6.25 6.75 6.00 6.50 6.21
deductions:
	falls: 2

name: Elzbieta GABRYSZAK
rank: 25
startingNbr: 17
elements:
	3T+2T	5.5	0.96		4.0 2.0 1.0 2.0 2.0 2.0 2.0 3.0 3.0
	3Lo<	3.68	-0.63	<	-2.0 -2.0 -2.0 -1.0 -2.0 -2.0 -2.0 -1.0 -1.0
	CCoSp3	3.0	0.17		0.0 1.0 1.0 1.0 0.0 0.0 0.0 1.0 1.0
	StSq2	2.6	0.37		1.0 2.0 1.0 1.0 1.0 1.0 2.0 2.0 2.0
	2A	3.63	-0.9	x	-3.0 -3.0 -3.0 -2.0 -2.0 -3.0 -2.0 -3.0 -3.0
	FCSp2	2.3	-0.69		-4.0 -3.0 -2.0 -5.0 -4.0 -4.0 -2.0 -2.0 -2.0
	SSp3	2.1	0.15		0.0 1.0 1.0 0.0 1.0 1.0 1.0 1.0 0.0
program components:
	Skating Skills	0.80 6.25 5.50 5.50 5.25 6.00 6.00 6.00 6.00 6.25 5.89
	Transitions	0.80 5.75 5.25 5.00 5.00 5.75 5.75 5.75 5.75 6.00 5.57
	Performance	0.80 6.00 6.25 5.50 5.25 5.50 5.75 6.00 6.25 6.50 5.89
	Composition	0.80 6.00 5.75 5.00 5.00 6.00 6.25 6.00 6.25 6.25 5.89
	Interpretation of the Music	0.80 6.25 6.00 5.75 5.00 6.25 6.25 6.25 6.50 6.50 6.18
deductions:

name: Sophia SCHALLER
rank: 26
startingNbr: 4
elements:
	3T+2T	5.5	0.18		-1.0 1.0 0.0 1.0 1.0 0.0 0.0 1.0 0.0
	3S	4.3	-1.97		-5.0 -5.0 -5.0 -4.0 -5.0 -4.0 -4.0 -5.0 -4.0
	FCSp4	3.2	0.27		2.0 1.0 1.0 0.0 1.0 0.0 0.0 1.0 2.0
	2A	3.63	0.09	x	0.0 0.0 0.0 1.0 1.0 0.0 0.0 0.0 1.0
	StSq2	2.6	0.41		0.0 2.0 2.0 2.0 2.0 1.0 1.0 2.0 1.0
	SSp4	2.5	0.21		1.0 1.0 0.0 1.0 2.0 0.0 1.0 1.0 1.0
	CCoSp3V	2.25	0.26		1.0 1.0 1.0 2.0 3.0 1.0 0.0 1.0 1.0
program components:
	Skating Skills	0.80 5.25 5.25 5.00 4.75 5.75 5.25 5.00 5.50 6.25 5.29
	Transitions	0.80 4.75 5.50 4.75 4.25 5.25 5.00 4.75 5.00 5.75 5.00
	Performance	0.80 4.75 5.75 4.75 5.00 5.50 5.00 5.25 5.50 5.75 5.25
	Composition	0.80 4.75 5.25 4.75 5.00 5.50 5.25 5.25 5.25 6.00 5.18
	Interpretation of the Music	0.80 5.00 5.50 5.00 5.00 5.25 5.50 5.00 5.50 5.75 5.25
deductions:

name: Gerli LIINAMÄE
rank: 27
startingNbr: 14
elements:
	3T+2T	5.5	0.48		2.0 1.0 0.0 0.0 1.0 2.0 1.0 1.0 2.0
	3F<	3.98	-1.99	<	-5.0 -5.0 -5.0 -5.0 -5.0 -5.0 -5.0 -5.0 -5.0
	CCoSp4	3.5	0.75		2.0 2.0 2.0 2.0 3.0 2.0 1.0 3.0 2.0
	CSp2	1.8	-0.08		-1.0 -1.0 -1.0 -1.0 1.0 0.0 -1.0 0.0 2.0
	2A	3.63	-0.14	x	-2.0 -1.0 0.0 -1.0 0.0 0.0 0.0 0.0 -1.0
	FSSp2	2.3	0.07		1.0 1.0 1.0 -3.0 1.0 0.0 -1.0 0.0 0.0
	StSq3	3.3	0.24		0.0 0.0 1.0 1.0 1.0 1.0 -4.0 2.0 1.0
program components:
	Skating Skills	0.80 6.00 5.50 5.25 4.75 6.25 6.00 6.00 6.00 6.25 5.86
	Transitions	0.80 5.25 5.25 5.00 4.50 5.75 5.75 5.50 5.75 6.00 5.46
	Performance	0.80 5.75 5.75 5.25 5.00 5.50 5.75 5.75 6.00 6.25 5.68
	Composition	0.80 5.75 5.25 5.00 5.00 5.75 5.75 5.75 6.25 6.25 5.64
	Interpretation of the Music	0.80 5.75 5.75 5.50 4.75 5.75 6.00 5.75 6.00 6.25 5.79
deductions:
	falls: 2

name: Kyarha VAN TIEL
rank: 28
startingNbr: 15
elements:
	3Lze+2T	5.73	-1.39	e	-3.0 -4.0 -3.0 -3.0 -3.0 -3.0 -3.0 -3.0 -4.0
	3F	5.3	-1.36		-3.0 -3.0 -4.0 -2.0 -2.0 -2.0 -2.0 -3.0 -3.0
	FSSp3	2.6	0.07		-1.0 1.0 1.0 -2.0 1.0 0.0 0.0 0.0 1.0
	2A	3.63	-1.18	x	-4.0 -3.0 -5.0 -3.0 -4.0 -2.0 -3.0 -4.0 -4.0
	CCoSp3	3.0	0.17		-1.0 1.0 1.0 1.0 0.0 0.0 0.0 1.0 1.0
	StSq3	3.3	0.28		1.0 1.0 1.0 1.0 1.0 0.0 0.0 2.0 1.0
	LSp3	2.4	-0.1		1.0 0.0 1.0 0.0 -1.0 0.0 -2.0 -2.0 -1.0
program components:
	Skating Skills	0.80 5.50 5.50 5.25 5.00 5.75 5.50 5.75 5.75 6.00 5.57
	Transitions	0.80 5.25 5.00 5.00 4.50 5.50 5.25 5.50 5.25 5.75 5.25
	Performance	0.80 5.75 5.25 5.00 4.75 5.25 5.25 5.75 5.25 6.00 5.36
	Composition	0.80 5.25 5.25 5.00 4.50 5.50 5.50 5.50 5.50 6.00 5.36
	Interpretation of the Music	0.80 5.50 5.50 5.25 4.50 5.25 5.25 5.50 5.50 6.00 5.39
deductions:

name: Lara Naki GUTMANN
rank: 29
startingNbr: 6
elements:
	3T	4.2	-1.68		-4.0 -5.0 -5.0 -2.0 -4.0 -4.0 -4.0 -3.0 -4.0
	CCoSp3V	2.25	0.2		3.0 1.0 2.0 1.0 0.0 0.0 1.0 1.0 0.0
	FUSp4	2.9	0.08		2.0 2.0 1.0 0.0 -1.0 0.0 0.0 0.0 -1.0
	3F<+2T	5.28	-1.13	<	-3.0 -3.0 -3.0 -2.0 -3.0 -3.0 -3.0 -3.0 -2.0
	2A	3.63	0.05	x	0.0 0.0 1.0 1.0 0.0 0.0 0.0 0.0 0.0
	StSq2	2.6	0.48		3.0 2.0 2.0 2.0 2.0 1.0 2.0 2.0 1.0
	SSp4	2.5	0.43		2.0 2.0 2.0 2.0 2.0 2.0 1.0 1.0 1.0
program components:
	Skating Skills	0.80 5.75 5.75 5.00 5.50 5.50 5.50 5.25 5.50 5.75 5.54
	Transitions	0.80 6.00 5.50 5.00 5.75 5.00 5.25 5.25 5.25 5.75 5.39
	Performance	0.80 5.75 6.00 4.75 5.75 5.50 5.25 5.50 5.50 5.50 5.54
	Composition	0.80 6.25 5.50 4.75 6.00 5.50 5.50 5.25 5.50 5.50 5.54
	Interpretation of the Music	0.80 6.50 6.00 5.00 6.00 5.50 5.50 5.50 5.75 5.75 5.71
deductions:

name: Silvia HUGEC
rank: 30
startingNbr: 5
elements:
	3Lo+2Lo	6.6	0.7		3.0 2.0 1.0 2.0 1.0 2.0 1.0 1.0 1.0
	2S*	0.0	0.0	*	0.0 0.0 0.0 0.0 0.0 0.0 0.0 0.0 0.0
	FCSp4	3.2	-0.05		-1.0 0.0 1.0 -1.0 0.0 0.0 0.0 -1.0 1.0
	LSp3	2.4	0.03		1.0 0.0 0.0 0.0 0.0 0.0 0.0 0.0 1.0
	2A	3.63	-1.04	x	-3.0 -3.0 -3.0 -3.0 -4.0 -2.0 -4.0 -3.0 -3.0
	StSq3	3.3	0.14		-1.0 0.0 1.0 0.0 2.0 0.0 0.0 1.0 1.0
	CCoSp3	3.0	0.56		3.0 2.0 2.0 1.0 2.0 2.0 1.0 2.0 2.0
program components:
	Skating Skills	0.80 5.25 5.50 5.25 5.00 4.75 5.50 5.50 5.50 6.00 5.36
	Transitions	0.80 5.00 5.00 5.25 4.75 4.25 5.00 5.00 5.00 5.75 5.00
	Performance	0.80 5.00 5.50 5.00 5.25 4.75 5.25 5.25 5.25 6.00 5.21
	Composition	0.80 5.25 5.00 4.75 5.25 5.00 5.50 5.25 5.50 6.00 5.25
	Interpretation of the Music	0.80 5.00 5.50 5.25 4.75 4.75 5.50 5.25 5.50 6.00 5.25
deductions:

name: Valentina MATOS
rank: 31
startingNbr: 8
elements:
	3T+2T	5.5	0.84		3.0 3.0 1.0 3.0 2.0 2.0 1.0 1.0 2.0
	2Lo*	0.0	0.0	*	0.0 0.0 0.0 0.0 0.0 0.0 0.0 0.0 0.0
	FCSp3	2.8	0.04		0.0 1.0 0.0 -1.0 2.0 1.0 0.0 -1.0 0.0
	LSp3	2.4	0.31		2.0 2.0 1.0 2.0 1.0 1.0 1.0 1.0 1.0
	2A	3.63	-1.13	x	-3.0 -4.0 -4.0 -1.0 -4.0 -4.0 -3.0 -3.0 -3.0
	StSq3	3.3	0.0		-2.0 0.0 0.0 1.0 0.0 1.0 0.0 -1.0 0.0
	CCoSp4	3.5	-0.05		0.0 0.0 -1.0 0.0 0.0 0.0 -1.0 0.0 0.0
program components:
	Skating Skills	0.80 6.00 5.75 5.25 6.00 5.50 5.50 5.25 5.25 6.00 5.61
	Transitions	0.80 5.50 5.50 5.00 5.50 5.25 5.50 5.00 4.50 5.50 5.32
	Performance	0.80 5.75 5.25 4.75 5.50 5.00 5.25 5.25 5.00 5.75 5.29
	Composition	0.80 6.25 5.25 4.75 6.00 5.25 5.50 5.25 5.00 5.75 5.43
	Interpretation of the Music	0.80 5.75 5.50 4.75 5.75 5.50 5.25 5.50 5.25 5.75 5.50
deductions:

name: Paulina RAMANAUSKAITE
rank: 32
startingNbr: 9
elements:
	2Lo*	0.0	0.0	*	0.0 0.0 0.0 0.0 0.0 0.0 0.0 0.0 0.0
	3T+2T	5.5	0.0		0.0 0.0 0.0 0.0 0.0 0.0 1.0 0.0 0.0
	FCSp4	3.2	0.27		2.0 1.0 1.0 0.0 1.0 1.0 1.0 0.0 1.0
	CCoSp2V	1.88	0.11		1.0 0.0 0.0 0.0 1.0 2.0 1.0 -1.0 1.0
	2A	3.63	-1.04	x	-4.0 -4.0 -3.0 -2.0 -3.0 -3.0 -2.0 -3.0 -4.0
	StSq3	3.3	0.57		3.0 2.0 2.0 1.0 2.0 1.0 2.0 2.0 1.0
	LSp2	1.9	0.3		2.0 1.0 2.0 0.0 1.0 2.0 2.0 2.0 1.0
program components:
	Skating Skills	0.80 6.25 5.25 6.00 5.25 5.75 5.75 6.00 5.50 6.25 5.79
	Transitions	0.80 5.25 5.00 6.00 4.75 5.50 5.50 5.75 5.25 6.00 5.46
	Performance	0.80 5.75 5.25 6.25 5.00 5.25 5.50 6.25 5.25 6.00 5.61
	Composition	0.80 5.75 4.75 6.00 5.25 5.75 5.75 6.00 5.50 6.25 5.71
	Interpretation of the Music	0.80 6.00 5.00 6.25 5.25 6.00 5.50 6.25 5.50 6.00 5.79
deductions:

name: Camilla GJERSEM
rank: 33
startingNbr: 18
elements:
	3Lo<<	1.7	-0.85	<<	-5.0 -5.0 -5.0 -5.0 -5.0 -5.0 -5.0 -5.0 -5.0
	3T<+COMBO	3.15	-1.58	<	-5.0 -5.0 -5.0 -5.0 -5.0 -5.0 -5.0 -5.0 -5.0
	SSp3	2.1	0.33		3.0 1.0 1.0 1.0 3.0 1.0 1.0 2.0 2.0
	FCSp4	3.2	0.23		2.0 1.0 0.0 0.0 2.0 1.0 0.0 1.0 0.0
	2A<	2.73	-0.5	< x	-2.0 -2.0 -2.0 -2.0 -2.0 -2.0 -2.0 -2.0 -2.0
	StSq3	3.3	0.33		1.0 1.0 2.0 1.0 1.0 0.0 0.0 2.0 1.0
	CCoSp4	3.5	0.6		2.0 2.0 2.0 1.0 2.0 1.0 1.0 2.0 2.0
program components:
	Skating Skills	0.80 5.75 5.25 5.25 4.50 6.75 5.75 5.75 6.00 6.00 5.68
	Transitions	0.80 6.25 5.25 5.00 5.00 6.50 5.50 5.50 5.75 5.75 5.57
	Performance	0.80 5.50 5.75 5.50 5.00 5.75 5.50 5.75 5.50 5.75 5.61
	Composition	0.80 6.25 5.00 5.00 5.25 6.50 5.50 5.75 6.00 6.00 5.68
	Interpretation of the Music	0.80 5.75 5.50 5.25 4.75 6.50 5.75 6.00 5.75 5.75 5.68
deductions:
	falls: 1

name: Hana CVIJANOVIC
rank: 34
startingNbr: 3
elements:
	3S<+2T	4.53	-1.34	<	-5.0 -4.0 -4.0 -4.0 -5.0 -4.0 -4.0 -4.0 -4.0
	3F<<	1.8	-0.62	<<	-4.0 -3.0 -5.0 -4.0 -4.0 -3.0 -3.0 -3.0 -3.0
	FCSp3	2.8	0.2		1.0 1.0 0.0 1.0 1.0 0.0 0.0 2.0 1.0
	StSq2	2.6	0.07		-2.0 1.0 2.0 1.0 0.0 0.0 0.0 0.0 0.0
	2A	3.63	-0.14	x	-1.0 0.0 0.0 0.0 -1.0 0.0 0.0 -1.0 -1.0
	SSp3	2.1	0.06		0.0 1.0 1.0 0.0 1.0 0.0 0.0 -1.0 0.0
	CCoSp4	3.5	-0.05		1.0 1.0 1.0 -1.0 -1.0 0.0 0.0 -1.0 -1.0
program components:
	Skating Skills	0.80 4.50 5.00 4.50 4.25 4.50 4.75 5.00 5.00 5.75 4.75
	Transitions	0.80 4.25 4.75 4.50 4.50 4.25 4.50 4.75 4.75 5.50 4.57
	Performance	0.80 4.25 5.25 4.75 4.50 4.25 4.50 5.00 5.25 5.50 4.79
	Composition	0.80 4.25 5.00 4.50 4.25 4.50 4.75 5.00 5.00 5.50 4.71
	Interpretation of the Music	0.80 4.25 5.00 4.75 4.50 4.50 4.50 4.75 5.25 5.50 4.75
deductions:

name: Elizabete JUBKANE
rank: 35
startingNbr: 1
elements:
	3S+2T	5.6	0.37		2.0 1.0 1.0 0.0 0.0 1.0 1.0 1.0 1.0
	3T	4.2	-2.1		-5.0 -5.0 -5.0 -5.0 -5.0 -5.0 -5.0 -5.0 -5.0
	StSq2	2.6	-0.11		-2.0 -1.0 1.0 -1.0 1.0 1.0 0.0 -1.0 -2.0
	CCoSp	0.0	0.0		0.0 0.0 0.0 0.0 0.0 0.0 0.0 0.0 0.0
	2A<	2.73	-0.5	< x	-2.0 -2.0 -2.0 -1.0 -3.0 -2.0 -2.0 -2.0 -2.0
	FSSp4	3.0	0.26		2.0 2.0 1.0 1.0 0.0 0.0 1.0 1.0 0.0
	LSp4	2.7	0.35		2.0 2.0 1.0 0.0 3.0 1.0 1.0 1.0 1.0
program components:
	Skating Skills	0.80 4.75 5.25 5.00 3.75 5.00 5.25 5.25 5.00 5.75 5.07
	Transitions	0.80 4.50 5.00 4.75 4.25 4.50 5.00 4.75 4.50 5.50 4.71
	Performance	0.80 4.50 5.50 5.00 4.25 4.50 5.00 5.00 4.75 5.50 4.89
	Composition	0.80 4.00 5.00 5.00 4.50 4.75 5.25 5.00 5.00 5.75 4.93
	Interpretation of the Music	0.80 4.00 5.50 5.00 4.25 4.75 5.25 5.25 4.75 5.50 4.96
deductions:
	falls: 1

name: Anastasia GOZHVA
rank: 36
startingNbr: 2
elements:
	3F<+1T*	3.98	-1.99	*	-5.0 -5.0 -5.0 -5.0 -5.0 -5.0 -5.0 -5.0 -5.0
	2T*	0.0	0.0	*	0.0 0.0 0.0 0.0 0.0 0.0 0.0 0.0 0.0
	FCSp4	3.2	0.37		1.0 2.0 1.0 1.0 1.0 1.0 1.0 0.0 2.0
	2A<<	1.21	-0.55	<< x	-5.0 -5.0 -5.0 -4.0 -5.0 -5.0 -5.0 -5.0 -5.0
	CCoSp3	3.0	0.51		3.0 2.0 1.0 1.0 0.0 2.0 2.0 2.0 2.0
	StSq2	2.6	0.33		-1.0 2.0 1.0 1.0 2.0 1.0 2.0 0.0 2.0
	LSp4	2.7	0.73		3.0 3.0 1.0 2.0 3.0 2.0 3.0 3.0 3.0
program components:
	Skating Skills	0.80 5.00 5.25 4.50 4.75 4.75 5.50 5.50 5.25 6.00 5.14
	Transitions	0.80 4.25 5.00 4.50 4.50 4.50 5.00 5.25 4.50 5.75 4.75
	Performance	0.80 4.00 4.75 4.50 4.25 4.25 4.50 5.00 4.75 5.50 4.57
	Composition	0.80 4.75 4.75 4.75 4.50 4.75 5.25 5.25 4.75 5.75 4.89
	Interpretation of the Music	0.80 4.25 5.25 4.75 4.50 4.75 5.00 5.25 5.00 5.75 4.93
deductions:

