event name: ISU Four Continents Championships 2019
event type: PAIRS FREE SKATING
name: Wenjing SUI / Cong HAN
rank: 1
startingNbr: 7
elements:
	3Tw4	6.0	2.4		4.0 4.0 4.0 4.0 4.0 4.0 4.0 4.0
	3T+2T	5.5	0.56		3.0 3.0 1.0 1.0 1.0 -1.0 0.0 2.0
	3STh	4.4	1.61		4.0 4.0 3.0 4.0 4.0 3.0 3.0 4.0
	FiDs3	3.5	1.05		4.0 3.0 3.0 3.0 4.0 2.0 2.0 3.0
	PCoSp2V	2.63	0.88		4.0 2.0 4.0 3.0 4.0 2.0 3.0 4.0
	3S<	3.23	-1.62	<	-5.0 -5.0 -5.0 -5.0 -5.0 -5.0 -5.0 -5.0
	5ALi3	6.6	2.42		4.0 4.0 4.0 4.0 5.0 3.0 3.0 3.0
	3FTh	5.3	0.35		-1.0 -1.0 1.0 1.0 2.0 1.0 2.0 0.0
	ChSq1	3.0	1.58		3.0 3.0 2.0 3.0 3.0 3.0 4.0 4.0
program components:
10	5RLi4	7.00 2.92 3 4 4 4 5 4 4 5 9.92
11	3Li4	5.10 2.04 4 4 3 4 4 4 4 5 7.14
deductions:
	falls: -1.0

name: Kirsten MOORE-TOWERS / Michael MARINARO
rank: 2
startingNbr: 8
elements:
	3Tw3	5.7	0.48		0.0 1.0 -2.0 0.0 2.0 2.0 0.0 2.0
	3S+2T+2T	6.9	1.22		3.0 3.0 3.0 3.0 2.0 3.0 2.0 4.0
	3LoTh	5.0	1.67		3.0 5.0 3.0 3.0 4.0 3.0 4.0 3.0
	3Li4	5.1	1.36		3.0 4.0 4.0 0.0 1.0 3.0 3.0 2.0
	PCoSp4	4.5	1.13		3.0 3.0 2.0 3.0 2.0 2.0 2.0 3.0
	3T	4.2	1.26		3.0 3.0 2.0 3.0 3.0 3.0 3.0 3.0
	5RLi3	6.6	-0.77		0.0 3.0 -2.0 -2.0 -5.0 -2.0 -1.0 0.0
	ChSq1	3.0	1.17		3.0 2.0 1.0 2.0 0.0 3.0 3.0 3.0
	3STh	4.4	1.17		3.0 4.0 3.0 3.0 2.0 2.0 2.0 3.0
program components:
10	5ALi3	6.60 1.87 3 4 4 2 2 3 3 2 8.47
11	FiDs4	3.80 0.95 3 3 4 2 2 2 3 2 4.75
deductions:

name: Cheng PENG / Yang JIN
rank: 3
startingNbr: 6
elements:
	2S	1.3	-0.52		-3.0 -4.0 -4.0 -4.0 -3.0 -4.0 -5.0 -5.0
	3T+2T	5.5	1.05		2.0 3.0 2.0 3.0 2.0 3.0 2.0 3.0
	3Tw3	5.7	2.28		4.0 4.0 4.0 4.0 3.0 4.0 5.0 4.0
	3LoTh	5.0	1.75		4.0 4.0 3.0 3.0 4.0 3.0 3.0 4.0
	BiDs3	3.5	0.88		3.0 3.0 2.0 3.0 2.0 3.0 2.0 2.0
	ChSq1	3.0	1.5		3.0 3.0 3.0 3.0 4.0 3.0 3.0 3.0
	3STh	4.4	1.69		4.0 4.0 4.0 4.0 4.0 3.0 4.0 3.0
	5RLi4	7.0	2.33		4.0 4.0 3.0 4.0 3.0 3.0 3.0 3.0
	PCoSp4	4.5	1.2		4.0 3.0 2.0 3.0 2.0 1.0 2.0 4.0
program components:
10	5ALi4	7.00 2.45 4 4 3 4 3 3 2 4 9.45
11	4Li3	4.70 1.10 4 3 1 3 3 1 2 2 5.80
deductions:

name: Ashley CAIN / Timothy LEDUC
rank: 4
startingNbr: 5
elements:
	3Tw3	5.7	1.52		3.0 2.0 3.0 4.0 2.0 1.0 2.0 4.0
	3Lo<	3.68	-0.62	<	-2.0 -2.0 0.0 -2.0 -1.0 -2.0 -1.0 -2.0
	3FTh	5.3	1.15		2.0 3.0 1.0 3.0 2.0 1.0 2.0 3.0
	5ALi3	6.6	1.76		3.0 4.0 3.0 3.0 2.0 1.0 2.0 3.0
	2S+2T+2Lo	4.3	-0.26		1.0 -1.0 -2.0 0.0 -2.0 -2.0 -2.0 -2.0
	5SLi4	6.2	1.45		3.0 2.0 2.0 3.0 3.0 1.0 2.0 2.0
	3STh	4.4	1.17		3.0 3.0 3.0 2.0 2.0 1.0 3.0 3.0
	3Li3	4.7	1.18		3.0 4.0 3.0 3.0 3.0 1.0 1.0 2.0
	PCoSp4	4.5	1.13		3.0 3.0 2.0 3.0 2.0 1.0 2.0 3.0
program components:
10	ChSq1	3.00 1.50 4 3 3 4 1 2 3 3 4.50
11	FiDs4	3.80 0.82 3 2 2 3 2 1 0 3 4.62
deductions:

name: Haven DENNEY / Brandon FRAZIER
rank: 5
startingNbr: 2
elements:
	3Tw3	5.7	2.0		3.0 2.0 4.0 3.0 4.0 5.0 3.0 4.0
	2S	1.3	-0.02		2.0 -2.0 -2.0 1.0 3.0 2.0 -2.0 -2.0
	3LoTh	5.0	1.17		2.0 2.0 4.0 2.0 3.0 2.0 2.0 3.0
	5ALi4	7.0	2.22		2.0 3.0 4.0 4.0 4.0 3.0 3.0 2.0
	2A<<+SEQ	0.88	-0.5	<<	-5.0 -4.0 -5.0 -4.0 -3.0 -5.0 -5.0 -4.0
	3STh	4.4	1.54		3.0 4.0 3.0 3.0 4.0 3.0 4.0 4.0
	FiDs4	3.8	0.76		2.0 2.0 3.0 2.0 2.0 2.0 1.0 2.0
	PCoSp4	4.5	1.28		3.0 3.0 3.0 3.0 3.0 3.0 2.0 2.0
	ChSq1	3.0	1.42		2.0 3.0 3.0 3.0 2.0 3.0 3.0 3.0
program components:
10	3Li4	5.10 1.53 3 3 3 4 3 3 3 3 6.63
11	5RLi4	7.00 1.98 3 3 4 3 2 4 2 2 8.98
deductions:

name: Tarah KAYNE / Danny O'SHEA
rank: 6
startingNbr: 3
elements:
	3Tw1	5.1	-1.62		-3.0 -4.0 -3.0 -3.0 -3.0 -1.0 -3.0 -4.0
	3S<+COMBO	3.23	-1.62	<	-5.0 -5.0 -5.0 -5.0 -5.0 -5.0 -5.0 -5.0
	3LoTh	5.0	-2.25		-5.0 -5.0 -5.0 -4.0 -4.0 -4.0 -4.0 -5.0
	5RLi4	7.0	1.87		1.0 4.0 2.0 3.0 3.0 3.0 3.0 2.0
	2A	3.3	0.94		3.0 2.0 2.0 3.0 3.0 3.0 3.0 3.0
	ChSq1	3.0	1.5		3.0 4.0 3.0 3.0 3.0 3.0 2.0 3.0
	3STh	4.4	1.1		2.0 3.0 3.0 3.0 2.0 2.0 2.0 4.0
	FiDs3	3.5	0.82		3.0 3.0 2.0 3.0 2.0 2.0 2.0 2.0
	PCoSp4	4.5	1.05		2.0 3.0 3.0 3.0 2.0 2.0 2.0 2.0
program components:
10	5ALi4	7.00 1.40 3 3 2 2 1 2 0 2 8.40
11	3Li4	5.10 0.94 2 4 2 2 3 1 1 1 6.04
deductions:
	falls: -2.0

name: Camille RUEST / Andrew WOLFE
rank: 7
startingNbr: 1
elements:
	3Tw1	5.1	-0.94		-1.0 -3.0 -2.0 -2.0 -1.0 -2.0 -3.0 0.0
	2T+1T	1.7	-0.37		-3.0 -2.0 -3.0 -3.0 -1.0 -3.0 -5.0 -3.0
	5RLi4	7.0	1.17		2.0 2.0 0.0 2.0 2.0 1.0 2.0 1.0
	3S	4.3	-2.15		-5.0 -5.0 -5.0 -5.0 -5.0 -5.0 -5.0 -5.0
	PCoSp3V	3.0	0.7		2.0 2.0 1.0 3.0 2.0 3.0 3.0 2.0
	3LoTh	5.0	0.67		2.0 1.0 1.0 3.0 1.0 2.0 0.0 1.0
	5ALi3	6.6	0.88		1.0 1.0 1.0 3.0 2.0 0.0 2.0 1.0
	3STh	4.4	-2.2		-5.0 -5.0 -5.0 -5.0 -5.0 -5.0 -5.0 -5.0
	ChSq1	3.0	0.75		2.0 1.0 1.0 1.0 1.0 2.0 2.0 2.0
program components:
10	3Li4	5.10 0.51 1 2 0 1 1 0 2 1 5.61
11	BiDs3	3.50 0.93 2 3 3 3 2 3 3 1 4.43
deductions:
	falls: -3.0

name: Evelyn WALSH / Trennt MICHAUD
rank: 8
startingNbr: 4
elements:
	3T+2T+2T	6.8	0.98		2.0 2.0 2.0 2.0 2.0 3.0 3.0 3.0
	3Tw2	5.4	-1.17		-2.0 -3.0 -1.0 -3.0 -1.0 -2.0 -2.0 -3.0
	3S<	3.23	-0.97	<	-3.0 -3.0 -2.0 -4.0 -2.0 -3.0 -3.0 -4.0
	5ALi	0.0	0.0		0.0 0.0 0.0 0.0 0.0 0.0 0.0 0.0
	3LoTh	5.0	-2.5		-5.0 -5.0 -5.0 -5.0 -5.0 -5.0 -5.0 -5.0
	ChSq1	3.0	0.58		1.0 2.0 -1.0 1.0 1.0 1.0 1.0 2.0
	5SLi4	6.2	0.83		1.0 2.0 1.0 2.0 1.0 1.0 1.0 3.0
	FiDs3	3.5	0.23		-1.0 1.0 2.0 0.0 2.0 1.0 1.0 -2.0
	3TTh	4.4	-0.66		-1.0 -3.0 -2.0 -1.0 -2.0 -2.0 -1.0 -1.0
program components:
10	3Li2	4.30 0.00 -2 2 0 -1 0 0 1 0 4.30
11	PCoSp4	4.50 0.75 1 2 3 1 2 2 2 1 5.25
deductions:
	falls: -1.0

