event name: ISU Four Continents Championships 2019
event type: MEN SHORT PROGRAM
name: Vincent ZHOU
rank: 1
startingNbr: 23
elements:
	4Lz+3T	15.7	3.78		4.0 3.0 3.0 2.0 4.0 3.0 3.0 3.0 4.0
	4S	9.7	1.94		3.0 2.0 1.0 1.0 0.0 2.0 3.0 2.0 4.0
	CSSp4	3.0	0.3		2.0 2.0 0.0 0.0 0.0 2.0 0.0 1.0 2.0
	3A	8.8	1.71	x	3.0 2.0 1.0 1.0 2.0 3.0 3.0 2.0 2.0
	StSq4	3.9	1.39		4.0 4.0 3.0 3.0 4.0 4.0 3.0 3.0 4.0
	FCSp4	3.2	0.46		1.0 2.0 1.0 1.0 1.0 2.0 0.0 2.0 2.0
	CCoSp4	3.5	0.55		3.0 0.0 3.0 0.0 0.0 3.0 2.0 0.0 3.0
program components:
	Skating Skills	1.00 9.00 9.00 7.75 7.75 8.75 8.25 8.75 8.25 8.75 8.50
	Transitions	1.00 8.50 8.50 7.25 7.50 8.75 8.25 8.50 8.00 8.50 8.25
	Performance	1.00 9.00 8.75 8.00 8.00 8.75 8.50 9.25 8.50 8.50 8.57
	Composition	1.00 8.50 8.50 7.75 8.00 8.50 8.25 9.00 8.50 8.50 8.39
	Interpretation of the Music	1.00 8.75 8.50 7.75 8.00 8.75 8.50 8.75 8.50 8.75 8.54
deductions:

name: Junhwan CHA
rank: 2
startingNbr: 17
elements:
	4S	9.7	3.74		4.0 4.0 4.0 4.0 3.0 4.0 3.0 4.0 4.0
	3Lz+3Lo	10.8	1.6		3.0 2.0 3.0 3.0 3.0 3.0 3.0 2.0 2.0
	FCSp4	3.2	0.73		2.0 3.0 4.0 2.0 2.0 3.0 2.0 2.0 2.0
	3A	8.8	2.06	x	3.0 2.0 3.0 3.0 3.0 2.0 3.0 2.0 2.0
	CSSp4	3.0	0.94		4.0 3.0 3.0 3.0 3.0 4.0 3.0 3.0 3.0
	StSq4	3.9	1.45		4.0 4.0 3.0 4.0 4.0 3.0 4.0 4.0 3.0
	CCoSp4	3.5	1.1		3.0 2.0 3.0 3.0 4.0 4.0 3.0 3.0 3.0
program components:
	Skating Skills	1.00 8.25 8.50 8.50 8.75 9.25 8.25 8.75 8.25 8.25 8.46
	Transitions	1.00 8.00 8.50 8.25 8.75 9.00 8.00 8.75 8.00 8.00 8.32
	Performance	1.00 8.50 8.75 8.75 9.00 9.25 8.50 9.00 8.50 8.25 8.71
	Composition	1.00 8.25 8.75 8.75 9.00 9.25 8.00 9.25 8.50 8.50 8.71
	Interpretation of the Music	1.00 8.25 8.50 8.50 9.00 9.00 8.25 9.25 8.50 8.50 8.61
deductions:

name: Boyang JIN
rank: 3
startingNbr: 25
elements:
	4Lz	11.5	-2.46		-3.0 -2.0 -2.0 -1.0 -3.0 -3.0 -1.0 -3.0 -1.0
	4T+2T	10.8	1.49		2.0 2.0 2.0 1.0 1.0 2.0 1.0 2.0 1.0
	FCSp4	3.2	0.87		3.0 4.0 3.0 3.0 2.0 3.0 2.0 3.0 1.0
	3A	8.8	2.29	x	4.0 4.0 2.0 3.0 2.0 3.0 3.0 3.0 2.0
	CSSp4	3.0	0.77		3.0 3.0 3.0 3.0 2.0 3.0 2.0 2.0 2.0
	CCoSp4	3.5	0.85		3.0 2.0 2.0 2.0 3.0 3.0 1.0 2.0 3.0
	StSq4	3.9	1.34		4.0 4.0 3.0 3.0 3.0 4.0 3.0 3.0 4.0
program components:
	Skating Skills	1.00 8.75 8.50 8.50 8.50 8.25 8.75 8.75 8.25 8.25 8.50
	Transitions	1.00 8.25 8.25 8.25 8.25 8.00 8.25 8.50 8.00 8.00 8.18
	Performance	1.00 9.00 8.50 9.00 8.50 8.50 8.75 9.25 8.50 8.00 8.68
	Composition	1.00 8.50 8.50 8.50 8.25 8.50 8.50 9.00 8.50 8.00 8.46
	Interpretation of the Music	1.00 8.75 8.50 8.50 8.50 8.25 8.50 9.25 8.50 8.25 8.50
deductions:

name: Shoma UNO
rank: 4
startingNbr: 22
elements:
	4T	9.5	-0.54		1.0 0.0 -2.0 0.0 -2.0 -2.0 1.0 -1.0 0.0
	3S+3T	8.5	-0.86		-2.0 -1.0 -2.0 -3.0 -3.0 -3.0 -1.0 -2.0 0.0
	FCSp4	3.2	1.01		3.0 4.0 3.0 3.0 3.0 4.0 3.0 3.0 3.0
	3A	8.8	2.97	x	4.0 4.0 4.0 3.0 3.0 4.0 4.0 3.0 4.0
	CSSp4	3.0	0.94		4.0 3.0 3.0 3.0 3.0 4.0 3.0 3.0 2.0
	StSq4	3.9	1.62		5.0 5.0 4.0 4.0 4.0 4.0 4.0 4.0 3.0
	CCoSp4	3.5	1.4		4.0 5.0 4.0 4.0 4.0 4.0 4.0 4.0 3.0
program components:
	Skating Skills	1.00 8.75 9.25 9.25 9.00 9.25 9.00 9.75 9.00 8.25 9.07
	Transitions	1.00 8.75 9.25 9.00 9.00 9.00 8.75 9.25 8.50 8.25 8.89
	Performance	1.00 9.00 9.25 9.00 9.00 8.50 8.50 9.50 8.75 8.25 8.86
	Composition	1.00 8.50 9.25 9.25 9.25 9.00 9.00 9.50 8.75 8.25 9.00
	Interpretation of the Music	1.00 8.75 9.00 9.25 9.25 9.25 8.50 9.50 9.00 8.50 9.00
deductions:

name: Keegan MESSING
rank: 5
startingNbr: 24
elements:
	4T+3T	13.7	2.04		3.0 2.0 2.0 2.0 2.0 3.0 2.0 2.0 2.0
	FCSp3	2.8	1.0		3.0 4.0 5.0 3.0 4.0 4.0 4.0 3.0 2.0
	3A	8.0	-0.23		0.0 0.0 -1.0 -1.0 0.0 -1.0 1.0 -1.0 1.0
	StSq4	3.9	1.06		3.0 2.0 3.0 3.0 3.0 3.0 2.0 3.0 2.0
	CSSp3	2.6	0.45		3.0 2.0 -1.0 2.0 1.0 1.0 1.0 3.0 2.0
	3Lz	6.49	0.17	x	1.0 0.0 1.0 0.0 0.0 -1.0 2.0 -1.0 1.0
	CCoSp3	3.0	0.77		3.0 2.0 4.0 4.0 2.0 2.0 2.0 3.0 1.0
program components:
	Skating Skills	1.00 8.25 8.50 8.75 8.75 9.00 8.50 8.50 8.25 8.00 8.50
	Transitions	1.00 8.00 8.50 9.00 8.50 9.25 8.00 8.50 8.50 7.50 8.43
	Performance	1.00 8.25 8.25 8.75 8.75 8.50 8.25 8.50 8.25 7.75 8.39
	Composition	1.00 8.25 8.50 8.75 8.75 8.75 8.25 8.75 8.75 7.75 8.57
	Interpretation of the Music	1.00 8.50 8.25 8.75 8.75 9.00 8.25 8.75 8.50 7.75 8.54
deductions:

name: Jason BROWN
rank: 6
startingNbr: 21
elements:
	3F	5.3	2.12		4.0 4.0 5.0 3.0 3.0 4.0 5.0 4.0 4.0
	3A<	6.0	-2.91	<	-5.0 -3.0 -5.0 -5.0 -5.0 -5.0 -4.0 -5.0 -5.0
	FSSp4	3.0	0.34		4.0 2.0 2.0 0.0 0.0 0.0 0.0 2.0 2.0
	CCoSp4	3.5	1.0		3.0 3.0 3.0 2.0 3.0 3.0 2.0 3.0 3.0
	3Lz+3T	11.11	2.19	x	4.0 4.0 4.0 3.0 3.0 4.0 4.0 3.0 4.0
	CCSp4	3.2	1.42		5.0 4.0 4.0 4.0 5.0 5.0 5.0 4.0 4.0
	StSq4	3.9	1.62		5.0 5.0 4.0 4.0 3.0 4.0 5.0 4.0 3.0
program components:
	Skating Skills	1.00 8.25 9.00 9.25 8.50 8.50 9.25 9.50 9.25 8.75 8.93
	Transitions	1.00 8.75 9.00 9.00 8.25 8.75 9.00 9.50 9.00 8.50 8.86
	Performance	1.00 8.75 9.25 9.00 8.50 8.50 9.25 9.00 9.00 8.75 8.89
	Composition	1.00 8.50 9.25 9.25 8.75 8.75 9.00 9.50 9.25 8.50 8.96
	Interpretation of the Music	1.00 9.00 9.25 9.25 8.75 8.75 9.50 9.75 9.50 8.75 9.14
deductions:

name: Keiji TANAKA
rank: 7
startingNbr: 20
elements:
	4S<	7.28	-3.22	<	-3.0 -3.0 -5.0 -5.0 -5.0 -5.0 -4.0 -4.0 -5.0
	3Lz+3T	10.1	1.77		4.0 3.0 3.0 3.0 3.0 3.0 3.0 3.0 3.0
	FCSp4	3.2	0.82		2.0 3.0 3.0 2.0 3.0 3.0 2.0 3.0 2.0
	CSSp4	3.0	0.64		2.0 2.0 3.0 2.0 2.0 3.0 0.0 2.0 2.0
	3A	8.8	1.37	x	2.0 2.0 -1.0 3.0 2.0 0.0 2.0 1.0 3.0
	StSq4	3.9	1.28		4.0 4.0 3.0 3.0 3.0 3.0 3.0 3.0 4.0
	CCoSp4	3.5	1.0		3.0 3.0 2.0 3.0 3.0 3.0 3.0 3.0 2.0
program components:
	Skating Skills	1.00 8.00 8.00 8.25 8.25 8.50 7.25 8.75 8.00 8.25 8.18
	Transitions	1.00 7.75 8.00 7.50 8.00 8.25 7.00 8.50 7.75 8.00 7.89
	Performance	1.00 8.00 8.25 8.00 8.25 8.50 7.25 8.75 8.25 8.25 8.21
	Composition	1.00 7.50 8.25 8.25 8.25 8.75 7.00 8.75 8.00 8.00 8.14
	Interpretation of the Music	1.00 7.75 8.25 8.00 8.25 8.00 7.25 8.75 8.00 8.25 8.07
deductions:

name: Nam NGUYEN
rank: 8
startingNbr: 16
elements:
	4S+2T	11.0	0.0		-1.0 0.0 0.0 0.0 0.0 -2.0 1.0 0.0 2.0
	FCSp3	2.8	0.44		1.0 2.0 2.0 1.0 2.0 3.0 1.0 1.0 2.0
	3A	8.0	-0.11		1.0 0.0 -2.0 0.0 0.0 -2.0 0.0 0.0 1.0
	CSSp4	3.0	0.51		1.0 3.0 2.0 2.0 1.0 3.0 1.0 0.0 2.0
	3Lo	5.39	0.91	x	2.0 2.0 3.0 1.0 2.0 2.0 2.0 1.0 2.0
	StSq4	3.9	0.95		2.0 3.0 2.0 2.0 3.0 3.0 2.0 2.0 3.0
	CCoSp4	3.5	0.65		2.0 2.0 2.0 1.0 2.0 3.0 1.0 2.0 2.0
program components:
	Skating Skills	1.00 7.50 7.75 7.25 7.75 8.25 7.00 8.00 7.75 7.75 7.68
	Transitions	1.00 7.00 7.75 7.25 7.50 8.50 6.75 7.75 7.75 7.50 7.50
	Performance	1.00 7.50 8.00 7.00 7.75 8.25 7.00 8.25 8.25 8.00 7.82
	Composition	1.00 7.50 7.75 7.50 7.75 8.50 6.75 8.00 8.00 7.75 7.75
	Interpretation of the Music	1.00 7.50 8.00 7.50 8.00 8.25 7.00 8.50 8.00 7.75 7.86
deductions:

name: Tomoki HIWATASHI
rank: 9
startingNbr: 14
elements:
	3A	8.0	-1.03		-1.0 -2.0 -2.0 -1.0 -1.0 -2.0 -1.0 -1.0 0.0
	FCSp4	3.2	0.5		2.0 2.0 -1.0 2.0 1.0 3.0 1.0 2.0 1.0
	CSSp4	3.0	0.6		3.0 1.0 2.0 2.0 2.0 4.0 1.0 2.0 2.0
	3F	5.3	0.98		3.0 2.0 3.0 2.0 1.0 3.0 1.0 1.0 1.0
	3Lz+3T<	9.96	-0.67	< x	-2.0 -1.0 -1.0 -1.0 -2.0 0.0 -1.0 -1.0 -1.0
	StSq4	3.9	1.34		4.0 3.0 3.0 4.0 4.0 4.0 2.0 3.0 3.0
	CCoSp4	3.5	1.15		4.0 3.0 3.0 4.0 4.0 4.0 1.0 2.0 3.0
program components:
	Skating Skills	1.00 7.25 7.00 7.00 8.00 7.75 7.50 7.25 7.25 7.25 7.32
	Transitions	1.00 7.25 7.00 7.00 8.00 7.75 7.25 7.00 7.25 7.00 7.21
	Performance	1.00 7.75 7.25 7.25 8.25 8.00 7.25 7.50 7.50 7.50 7.54
	Composition	1.00 7.50 7.25 7.50 8.25 8.25 7.25 7.75 7.50 7.50 7.61
	Interpretation of the Music	1.00 7.50 7.25 7.00 8.25 8.00 7.50 7.50 7.50 7.50 7.54
deductions:

name: Brendan KERRY
rank: 10
startingNbr: 19
elements:
	4T+3T	13.7	2.17		2.0 2.0 2.0 3.0 0.0 3.0 3.0 2.0 2.0
	2S*	0.0	0.0	*	0.0 0.0 0.0 0.0 0.0 0.0 0.0 0.0 0.0
	CCSp3	2.8	0.24		0.0 2.0 -1.0 1.0 0.0 2.0 0.0 2.0 1.0
	3A	8.8	0.0	x	0.0 0.0 -2.0 -1.0 -2.0 1.0 2.0 0.0 2.0
	StSq4	3.9	0.89		2.0 3.0 2.0 3.0 2.0 3.0 2.0 2.0 2.0
	CCoSp4	3.5	0.65		2.0 2.0 1.0 3.0 1.0 3.0 1.0 2.0 2.0
	FSSp4	3.0	0.34		-1.0 1.0 1.0 2.0 0.0 2.0 1.0 2.0 1.0
program components:
	Skating Skills	1.00 7.50 7.25 7.00 8.00 7.50 7.00 8.50 7.50 7.50 7.46
	Transitions	1.00 6.75 7.00 6.50 7.75 7.00 6.75 8.00 7.00 7.50 7.11
	Performance	1.00 7.25 7.25 7.00 8.00 7.00 7.00 8.50 7.75 7.50 7.39
	Composition	1.00 7.00 7.25 7.00 8.00 7.25 7.00 8.25 7.50 7.50 7.36
	Interpretation of the Music	1.00 7.25 7.25 6.75 8.25 7.00 7.25 8.25 7.75 7.75 7.50
deductions:

name: Nicolas NADEAU
rank: 11
startingNbr: 15
elements:
	3A	8.0	2.51		3.0 3.0 3.0 3.0 3.0 4.0 3.0 2.0 4.0
	3T	4.2	-1.62		-4.0 -3.0 -3.0 -4.0 -5.0 -3.0 -4.0 -5.0 -4.0
	StSq4	3.9	1.11		3.0 3.0 3.0 3.0 4.0 3.0 2.0 2.0 3.0
	CSSp4	3.0	0.73		3.0 2.0 2.0 3.0 3.0 3.0 2.0 0.0 2.0
	3Lo+2T	6.82	0.84	x	2.0 2.0 1.0 2.0 1.0 4.0 2.0 1.0 2.0
	FCSp3	2.8	0.32		2.0 2.0 1.0 1.0 1.0 2.0 0.0 0.0 1.0
	CCoSp4	3.5	0.75		3.0 3.0 3.0 2.0 1.0 3.0 0.0 1.0 2.0
program components:
	Skating Skills	1.00 7.00 8.00 7.50 8.00 7.75 7.50 7.75 7.50 7.25 7.61
	Transitions	1.00 6.50 7.75 7.25 8.00 7.50 7.25 7.25 7.00 7.00 7.29
	Performance	1.00 7.25 8.00 7.50 8.25 7.00 7.25 7.50 7.75 7.50 7.54
	Composition	1.00 7.00 8.00 7.50 8.25 7.50 7.25 7.50 7.50 7.25 7.50
	Interpretation of the Music	1.00 7.50 8.00 7.25 8.25 7.75 7.50 7.75 7.50 7.50 7.64
deductions:

name: Kazuki TOMONO
rank: 12
startingNbr: 18
elements:
	4S<	7.28	-2.39	<	-2.0 -4.0 -4.0 -3.0 -5.0 -4.0 -3.0 -3.0 0.0
	3F+COMBO	5.3	-2.65		-5.0 -5.0 -5.0 -5.0 -5.0 -5.0 -5.0 -5.0 -5.0
	CSSp4	3.0	0.69		3.0 0.0 3.0 3.0 2.0 2.0 1.0 2.0 3.0
	3A	8.8	2.29	x	3.0 3.0 4.0 3.0 2.0 3.0 2.0 3.0 3.0
	FCSp4	3.2	0.55		2.0 2.0 2.0 1.0 1.0 2.0 0.0 2.0 2.0
	StSq4	3.9	1.23		4.0 2.0 3.0 3.0 3.0 3.0 3.0 3.0 4.0
	CCoSp4	3.5	1.0		3.0 3.0 2.0 3.0 3.0 3.0 2.0 3.0 3.0
program components:
	Skating Skills	1.00 7.75 7.75 7.75 8.25 8.00 7.25 8.25 8.00 8.50 7.96
	Transitions	1.00 7.50 7.75 7.25 8.00 7.50 7.00 8.25 7.75 8.50 7.71
	Performance	1.00 8.00 8.00 7.00 8.25 7.25 7.25 7.75 8.00 8.25 7.79
	Composition	1.00 7.75 8.00 7.75 8.25 7.75 7.00 8.50 8.25 8.50 8.04
	Interpretation of the Music	1.00 8.00 8.00 7.50 8.25 8.00 7.00 8.00 8.00 8.25 7.96
deductions:
	falls: 1

name: Andrew DODDS
rank: 13
startingNbr: 11
elements:
	3F+3T	9.5	0.83		1.0 2.0 2.0 1.0 1.0 2.0 2.0 1.0 2.0
	CSSp2	2.3	0.53		2.0 3.0 2.0 3.0 2.0 3.0 1.0 2.0 2.0
	FCSp4	3.2	0.55		-1.0 2.0 2.0 1.0 2.0 2.0 2.0 2.0 1.0
	3Lz	5.9	1.18		2.0 2.0 2.0 2.0 3.0 2.0 2.0 2.0 1.0
	2A	3.63	0.05	x	0.0 1.0 0.0 0.0 0.0 0.0 0.0 0.0 2.0
	StSq4	3.9	0.95		2.0 3.0 2.0 2.0 3.0 3.0 3.0 1.0 2.0
	CCoSp4	3.5	0.85		2.0 2.0 3.0 3.0 2.0 3.0 2.0 2.0 3.0
program components:
	Skating Skills	1.00 6.50 7.00 6.75 6.75 8.50 7.00 7.50 6.50 7.50 7.00
	Transitions	1.00 6.50 6.75 6.25 6.75 7.75 6.75 7.00 6.25 7.25 6.75
	Performance	1.00 7.00 7.00 6.75 7.00 7.50 7.00 7.75 6.75 7.25 7.07
	Composition	1.00 6.25 7.25 6.50 7.25 7.50 6.75 7.50 6.75 7.25 7.04
	Interpretation of the Music	1.00 7.00 7.25 6.50 7.25 7.75 7.00 7.50 6.75 7.50 7.18
deductions:

name: Donovan CARRILLO
rank: 14
startingNbr: 6
elements:
	3A	8.0	-0.69		0.0 -1.0 -1.0 0.0 -1.0 -2.0 -1.0 -2.0 2.0
	3Lz+3T	10.1	0.25		1.0 1.0 0.0 0.0 0.0 2.0 0.0 0.0 1.0
	CCoSp4	3.5	0.9		2.0 2.0 3.0 3.0 3.0 3.0 1.0 2.0 3.0
	StSq4	3.9	0.45		1.0 2.0 1.0 1.0 1.0 2.0 0.0 0.0 3.0
	3F	5.83	0.15	x	1.0 0.0 0.0 0.0 0.0 1.0 1.0 0.0 0.0
	FCSp3	2.8	0.12		1.0 0.0 -1.0 2.0 1.0 0.0 0.0 0.0 1.0
	CSSp4	3.0	0.43		2.0 0.0 2.0 1.0 2.0 1.0 1.0 1.0 3.0
program components:
	Skating Skills	1.00 6.50 7.00 6.50 6.00 6.25 6.25 6.25 5.50 6.50 6.32
	Transitions	1.00 6.25 6.75 6.00 5.75 6.00 6.00 6.75 5.00 6.25 6.14
	Performance	1.00 7.00 7.00 6.75 6.00 7.25 6.50 7.25 5.75 7.00 6.79
	Composition	1.00 6.00 7.00 6.25 6.00 7.50 6.25 6.75 6.00 7.00 6.46
	Interpretation of the Music	1.00 6.50 7.00 6.75 6.00 7.50 6.50 7.25 6.00 7.00 6.71
deductions:

name: He ZHANG
rank: 15
startingNbr: 5
elements:
	3A	8.0	-0.8		-2.0 0.0 -1.0 -1.0 -2.0 -3.0 0.0 -1.0 1.0
	3F+3T	9.5	0.61		0.0 2.0 2.0 1.0 0.0 1.0 1.0 1.0 2.0
	FCSp4	3.2	0.41		2.0 3.0 2.0 1.0 0.0 2.0 1.0 0.0 1.0
	3Lz<	4.87	-2.22	< x	-5.0 -5.0 -5.0 -5.0 -5.0 -5.0 -5.0 -5.0 -5.0
	CSSp4	3.0	0.39		1.0 2.0 1.0 1.0 0.0 2.0 -1.0 2.0 2.0
	StSq4	3.9	0.84		3.0 3.0 2.0 2.0 2.0 2.0 2.0 1.0 2.0
	CCoSp4	3.5	0.0		-1.0 2.0 -1.0 0.0 -1.0 1.0 -1.0 1.0 1.0
program components:
	Skating Skills	1.00 6.00 7.00 7.00 7.00 7.50 6.50 6.25 6.50 6.25 6.64
	Transitions	1.00 5.75 7.00 6.50 7.00 7.75 6.25 5.75 6.00 6.00 6.36
	Performance	1.00 6.25 7.25 6.75 7.25 7.50 6.50 6.00 6.25 6.50 6.68
	Composition	1.00 5.75 7.50 7.00 7.25 7.50 6.25 6.50 6.50 6.25 6.75
	Interpretation of the Music	1.00 6.00 7.25 6.75 7.25 7.75 6.50 6.25 6.75 6.50 6.75
deductions:
	falls: 1

name: June Hyoung LEE
rank: 16
startingNbr: 3
elements:
	3A<	6.0	-2.74	<	-5.0 -4.0 -4.0 -5.0 -4.0 -5.0 -5.0 -3.0 -5.0
	3Lz	5.9	0.0	!	1.0 0.0 0.0 0.0 1.0 -1.0 0.0 -1.0 0.0
	FCSp4	3.2	0.32		1.0 1.0 1.0 1.0 1.0 2.0 0.0 1.0 1.0
	3F+3T<	9.3	-2.65	< x	-5.0 -5.0 -5.0 -5.0 -5.0 -5.0 -5.0 -5.0 -4.0
	CSSp4	3.0	0.43		2.0 2.0 2.0 1.0 0.0 3.0 1.0 0.0 2.0
	StSq4	3.9	1.06		3.0 3.0 2.0 3.0 2.0 3.0 3.0 2.0 3.0
	CCoSp4	3.5	0.55		2.0 2.0 1.0 1.0 1.0 3.0 1.0 2.0 2.0
program components:
	Skating Skills	1.00 5.75 6.75 6.50 7.00 7.25 6.75 6.00 6.75 6.00 6.54
	Transitions	1.00 5.50 6.50 6.50 7.00 7.50 6.75 6.25 6.75 5.50 6.46
	Performance	1.00 6.00 6.50 6.75 7.00 7.00 7.00 6.25 6.50 6.00 6.57
	Composition	1.00 6.25 6.75 7.00 7.25 7.50 7.00 6.75 7.25 5.75 6.89
	Interpretation of the Music	1.00 6.25 7.00 7.00 7.50 7.75 7.00 6.75 7.25 6.00 6.96
deductions:
	falls: 1

name: Micah TANG
rank: 17
startingNbr: 7
elements:
	2A	3.3	0.9		3.0 3.0 3.0 2.0 3.0 3.0 2.0 2.0 3.0
	3F+3T	9.5	0.3	!	1.0 1.0 0.0 1.0 0.0 0.0 1.0 0.0 3.0
	FSSp4	3.0	0.34		2.0 2.0 0.0 2.0 1.0 2.0 0.0 0.0 1.0
	3Lz	6.49	0.08	x	-1.0 1.0 -1.0 1.0 -1.0 1.0 1.0 -1.0 2.0
	StSq3	3.3	0.14		0.0 2.0 0.0 1.0 0.0 0.0 -1.0 0.0 2.0
	CCSp3	2.8	0.24		-1.0 2.0 1.0 1.0 0.0 2.0 0.0 0.0 2.0
	CCoSp3	3.0	0.13		1.0 1.0 0.0 1.0 0.0 0.0 0.0 -1.0 2.0
program components:
	Skating Skills	1.00 5.75 6.25 6.00 5.75 5.50 6.50 6.50 5.50 7.50 6.04
	Transitions	1.00 5.50 6.00 5.50 5.50 5.00 6.25 5.75 5.00 7.25 5.64
	Performance	1.00 5.75 6.25 6.25 5.75 5.50 6.25 6.25 5.50 7.25 6.00
	Composition	1.00 5.75 6.25 6.00 5.75 5.25 6.25 6.25 5.25 7.25 5.93
	Interpretation of the Music	1.00 5.50 6.00 6.00 5.75 5.00 6.25 6.00 5.25 7.50 5.82
deductions:

name: Julian Zhi Jie YEE
rank: 18
startingNbr: 13
elements:
	4S	9.7	-3.6		-4.0 -2.0 -2.0 -4.0 -5.0 -5.0 -5.0 -4.0 -2.0
	3A<	6.0	-3.0	<	-5.0 -5.0 -5.0 -5.0 -5.0 -5.0 -5.0 -5.0 -5.0
	FCSp3	2.8	0.28		-1.0 3.0 1.0 1.0 2.0 3.0 0.0 0.0 0.0
	3F+2T	7.26	-0.3	! x	-1.0 0.0 -1.0 0.0 0.0 -2.0 -1.0 -1.0 1.0
	CSSp4	3.0	-0.09		-2.0 0.0 -1.0 0.0 -1.0 0.0 0.0 0.0 0.0
	StSq3	3.3	0.52		1.0 2.0 1.0 2.0 2.0 2.0 2.0 1.0 1.0
	CCoSp3	3.0	0.21		0.0 1.0 2.0 1.0 0.0 3.0 1.0 0.0 -1.0
program components:
	Skating Skills	1.00 6.00 6.75 6.75 7.00 7.25 7.00 6.50 6.75 6.75 6.79
	Transitions	1.00 5.00 6.25 6.25 6.75 6.75 6.50 6.00 6.50 6.25 6.36
	Performance	1.00 5.25 6.50 6.75 7.00 6.00 7.00 6.00 6.50 6.50 6.46
	Composition	1.00 5.00 6.75 7.00 7.00 7.00 6.75 6.50 6.75 6.50 6.75
	Interpretation of the Music	1.00 5.25 6.50 6.75 7.00 7.25 7.00 6.75 6.75 6.75 6.79
deductions:
	falls: 1

name: Micah Kai LYNETTE
rank: 19
startingNbr: 9
elements:
	3Lz+2T	7.2	0.76		1.0 1.0 1.0 2.0 2.0 2.0 1.0 1.0 1.0
	StSq3	3.3	0.0		-1.0 1.0 -1.0 0.0 0.0 0.0 0.0 0.0 2.0
	2A	3.3	0.33		2.0 2.0 1.0 1.0 1.0 2.0 0.0 0.0 0.0
	FCSp3	2.8	-0.4		-3.0 -1.0 -2.0 0.0 -2.0 -1.0 -2.0 -1.0 -1.0
	3F	5.83	-0.23	! x	0.0 0.0 -1.0 0.0 0.0 -1.0 -1.0 -1.0 0.0
	CCoSp4	3.5	0.1		-2.0 -2.0 1.0 3.0 1.0 1.0 -1.0 1.0 1.0
	CSSp3	2.6	0.07		1.0 -1.0 1.0 2.0 -1.0 0.0 1.0 0.0 0.0
program components:
	Skating Skills	1.00 5.50 5.75 5.50 5.75 5.25 6.75 6.00 5.50 6.00 5.71
	Transitions	1.00 5.25 5.50 5.00 5.50 5.00 6.25 6.00 5.50 5.75 5.50
	Performance	1.00 5.75 5.50 5.75 5.75 5.00 6.00 5.75 5.75 6.25 5.75
	Composition	1.00 5.50 5.75 5.75 5.50 4.75 6.50 6.25 5.75 6.00 5.79
	Interpretation of the Music	1.00 5.50 5.50 5.00 5.50 4.50 6.00 5.75 5.50 6.25 5.54
deductions:

name: Harrison Jon-Yen WONG
rank: 20
startingNbr: 4
elements:
	3Lz	5.9	-1.26		-3.0 -2.0 -2.0 -2.0 -2.0 -3.0 -1.0 -2.0 -2.0
	2A	3.3	0.19		0.0 1.0 0.0 0.0 1.0 2.0 1.0 0.0 1.0
	CCSp3	2.8	0.2		1.0 0.0 1.0 1.0 0.0 1.0 0.0 1.0 1.0
	CCoSp4	3.5	0.6		2.0 2.0 2.0 2.0 1.0 3.0 0.0 1.0 2.0
	3Lo+2T	6.82	-0.14	x	0.0 -1.0 0.0 0.0 0.0 -1.0 0.0 0.0 -1.0
	StSq3	3.3	0.24		2.0 1.0 1.0 0.0 0.0 1.0 0.0 0.0 3.0
	FSSp4	3.0	0.47		2.0 1.0 1.0 2.0 1.0 3.0 1.0 2.0 2.0
program components:
	Skating Skills	1.00 5.50 5.75 5.25 5.25 5.25 5.50 5.75 5.50 5.75 5.50
	Transitions	1.00 5.25 5.50 5.00 5.00 4.75 5.25 5.00 5.00 5.75 5.14
	Performance	1.00 5.75 5.75 5.25 5.25 5.00 5.75 5.75 5.50 5.75 5.57
	Composition	1.00 5.50 5.75 5.50 5.25 5.00 5.50 5.75 5.75 6.00 5.57
	Interpretation of the Music	1.00 6.00 5.50 5.25 5.25 5.00 5.75 5.50 5.75 6.00 5.57
deductions:

name: Sihyeong LEE
rank: 21
startingNbr: 8
elements:
	3Lz<	4.43	-1.84	<	-4.0 -5.0 -3.0 -5.0 -3.0 -5.0 -4.0 -4.0 -4.0
	1A*	0.0	0.0	*	0.0 0.0 0.0 0.0 0.0 0.0 0.0 0.0 0.0
	FCSp4	3.2	0.55		1.0 2.0 3.0 2.0 1.0 3.0 0.0 2.0 1.0
	CSSp3	2.6	0.11		0.0 0.0 1.0 1.0 0.0 2.0 -1.0 1.0 0.0
	3F+3T<	9.3	-1.06	< x	-3.0 -3.0 -2.0 -2.0 -2.0 -2.0 -2.0 -1.0 -1.0
	StSq4	3.9	0.67		2.0 2.0 2.0 2.0 2.0 3.0 1.0 1.0 1.0
	CCoSp3	3.0	-0.04		-1.0 1.0 -1.0 1.0 1.0 -1.0 -1.0 0.0 0.0
program components:
	Skating Skills	1.00 5.50 6.25 6.25 6.50 7.00 6.75 6.50 6.25 6.00 6.36
	Transitions	1.00 5.50 6.00 6.00 6.25 6.75 6.50 6.00 6.00 5.75 6.07
	Performance	1.00 5.75 6.25 6.00 6.50 6.00 6.25 6.00 6.25 5.75 6.07
	Composition	1.00 5.25 6.50 6.50 6.50 7.00 6.50 6.25 6.50 6.00 6.39
	Interpretation of the Music	1.00 5.75 6.50 6.25 6.50 7.25 6.50 6.25 6.25 6.00 6.32
deductions:

name: Nikita MANKO
rank: 22
startingNbr: 1
elements:
	3F<+3T	8.18	-1.62	<	-3.0 -3.0 -4.0 -5.0 -5.0 -5.0 -4.0 -3.0 -3.0
	2A	3.3	0.0		0.0 0.0 1.0 0.0 0.0 0.0 0.0 0.0 0.0
	StSq2	2.6	0.0		0.0 1.0 0.0 0.0 0.0 0.0 0.0 0.0 0.0
	CSSp4	3.0	0.39		2.0 0.0 2.0 2.0 0.0 1.0 1.0 1.0 3.0
	3Lo<	4.05	-1.58	< x	-4.0 -4.0 -4.0 -5.0 -5.0 -4.0 -4.0 -4.0 -5.0
	CCoSp4	3.5	0.45		1.0 2.0 1.0 2.0 0.0 2.0 0.0 1.0 2.0
	FCSp2	2.3	0.07		0.0 1.0 0.0 0.0 0.0 0.0 0.0 1.0 1.0
program components:
	Skating Skills	1.00 5.25 5.75 5.75 4.75 4.75 5.75 5.25 5.75 5.25 5.39
	Transitions	1.00 5.00 5.50 5.00 4.50 4.50 5.50 5.00 5.25 5.00 5.04
	Performance	1.00 5.25 5.75 5.50 4.75 4.50 5.75 5.50 5.50 5.25 5.36
	Composition	1.00 5.25 5.75 5.75 4.75 4.00 5.75 5.50 5.50 5.50 5.43
	Interpretation of the Music	1.00 5.00 5.75 6.00 4.75 4.00 5.50 5.00 5.50 5.50 5.29
deductions:

name: Leslie Man Cheuk IP
rank: 23
startingNbr: 2
elements:
	2A	3.3	0.28		1.0 1.0 0.0 0.0 1.0 1.0 1.0 1.0 1.0
	3Lz	5.9	-2.95		-5.0 -5.0 -5.0 -5.0 -5.0 -5.0 -5.0 -5.0 -5.0
	CSSp3	2.6	-0.11		-2.0 -1.0 -2.0 0.0 0.0 1.0 -1.0 0.0 1.0
	3Lo+2T	6.82	0.07	x	0.0 0.0 0.0 0.0 0.0 1.0 0.0 0.0 1.0
	FCSp2	2.3	-0.26		-2.0 -1.0 -2.0 -1.0 0.0 -1.0 -2.0 0.0 -1.0
	StSq2	2.6	0.22		-1.0 2.0 0.0 1.0 0.0 1.0 1.0 1.0 2.0
	CCoSp4	3.5	0.1		0.0 0.0 1.0 1.0 0.0 0.0 0.0 0.0 2.0
program components:
	Skating Skills	1.00 5.00 5.25 5.50 5.50 5.25 5.75 5.00 5.25 5.50 5.32
	Transitions	1.00 4.75 5.00 5.50 5.25 5.50 5.50 5.25 5.00 5.25 5.25
	Performance	1.00 4.75 5.25 5.25 5.50 5.50 5.75 5.00 5.25 5.50 5.32
	Composition	1.00 5.00 5.50 6.00 5.50 5.25 5.50 5.50 5.50 5.50 5.46
	Interpretation of the Music	1.00 4.75 5.50 5.75 5.75 5.75 5.75 5.75 5.50 5.75 5.68
deductions:
	falls: 1

name: Mark WEBSTER
rank: 24
startingNbr: 10
elements:
	3A<<	3.3	-1.27	<<	-3.0 -2.0 -5.0 -3.0 -5.0 -4.0 -4.0 -4.0 -4.0
	3F	5.3	-0.83		-2.0 -2.0 -2.0 -1.0 -1.0 -3.0 -1.0 -2.0 -1.0
	CCSp3	2.8	-0.36		-2.0 0.0 -1.0 0.0 -2.0 -1.0 -2.0 -1.0 -2.0
	3T+2T	6.05	-0.24	x	-1.0 -1.0 -1.0 0.0 -1.0 0.0 -1.0 0.0 0.0
	FSSp2	2.3	-0.43		-3.0 -1.0 -2.0 -1.0 -3.0 -2.0 -2.0 -2.0 -1.0
	StSq2	2.6	0.19		1.0 1.0 0.0 1.0 0.0 2.0 0.0 1.0 1.0
	CCoSp2V	1.88	0.05		0.0 0.0 0.0 1.0 0.0 1.0 0.0 0.0 1.0
program components:
	Skating Skills	1.00 5.00 5.75 5.50 6.25 5.75 5.75 5.75 5.75 6.25 5.79
	Transitions	1.00 4.75 5.50 5.25 6.00 5.50 6.00 5.50 5.00 6.00 5.54
	Performance	1.00 5.50 5.75 5.50 6.25 5.50 6.25 5.75 5.50 6.00 5.75
	Composition	1.00 5.50 6.00 5.75 6.25 5.75 6.00 6.00 5.50 6.00 5.86
	Interpretation of the Music	1.00 5.75 6.00 5.75 6.25 5.75 6.25 6.00 5.50 6.25 5.96
deductions:

name: Kai Xiang CHEW
rank: 25
startingNbr: 12
elements:
	3Lz+1Lo*	5.9	-2.95	*	-5.0 -5.0 -5.0 -5.0 -5.0 -5.0 -5.0 -5.0 -5.0
	FCSp4	3.2	0.23		0.0 2.0 2.0 1.0 1.0 2.0 -1.0 0.0 -1.0
	CSSp4	3.0	-0.21		-2.0 -1.0 -1.0 0.0 -1.0 -1.0 0.0 -1.0 0.0
	2S*	0.0	0.0	*	0.0 0.0 0.0 0.0 0.0 0.0 0.0 0.0 0.0
	2A	3.63	0.38	x	1.0 2.0 1.0 1.0 1.0 2.0 1.0 1.0 0.0
	StSq2	2.6	-0.07		-2.0 1.0 0.0 0.0 0.0 -1.0 -1.0 0.0 0.0
	CCoSp4	3.5	0.05		0.0 1.0 0.0 0.0 0.0 2.0 0.0 0.0 0.0
program components:
	Skating Skills	1.00 4.75 5.75 5.25 5.50 5.25 6.25 5.50 5.50 5.75 5.50
	Transitions	1.00 4.75 5.50 4.75 5.25 4.75 6.00 5.50 5.25 5.25 5.18
	Performance	1.00 5.00 5.50 5.00 5.50 4.50 5.75 5.50 5.50 5.50 5.36
	Composition	1.00 4.50 5.75 5.25 5.75 5.00 6.00 5.75 5.75 5.50 5.54
	Interpretation of the Music	1.00 5.00 5.75 5.25 5.75 5.25 5.75 5.50 5.50 5.75 5.54
deductions:

