event name: ISU Four Continents Championships 2019
event type: LADIES SHORT PROGRAM
name: Bradie TENNELL
rank: 1
startingNbr: 21
elements:
	3Lz+3T	10.1	1.43		2.0 3.0 2.0 2.0 2.0 4.0 2.0 2.0 4.0
	FCSp4	3.2	0.91		3.0 3.0 3.0 3.0 2.0 4.0 2.0 2.0 4.0
	StSq4	3.9	1.11		2.0 2.0 3.0 4.0 2.0 4.0 3.0 3.0 3.0
	2A	3.3	0.94		3.0 3.0 3.0 3.0 2.0 4.0 3.0 2.0 3.0
	3F	5.83	1.44	x	3.0 3.0 3.0 3.0 2.0 3.0 2.0 2.0 3.0
	LSp4	2.7	0.93		3.0 3.0 3.0 3.0 3.0 5.0 3.0 4.0 5.0
	CCoSp4	3.5	1.3		4.0 3.0 3.0 5.0 2.0 4.0 3.0 4.0 5.0
program components:
	Skating Skills	0.80 7.50 8.25 8.00 8.00 8.25 8.75 8.00 8.50 8.75 8.25
	Transitions	0.80 7.50 8.00 7.75 7.75 8.00 8.50 8.00 8.50 8.75 8.07
	Performance	0.80 8.00 8.50 8.50 8.25 8.25 9.00 8.25 9.00 9.00 8.54
	Composition	0.80 7.75 8.00 8.25 8.25 8.00 9.00 8.25 8.75 9.00 8.36
	Interpretation of the Music	0.80 8.00 8.25 8.25 8.50 8.25 8.75 8.50 8.75 8.50 8.43
deductions:

name: Kaori SAKAMOTO
rank: 2
startingNbr: 20
elements:
	3F+3T	9.5	1.82		3.0 4.0 3.0 3.0 3.0 4.0 3.0 4.0 5.0
	2A	3.3	1.27		4.0 4.0 3.0 4.0 3.0 4.0 4.0 4.0 4.0
	CCoSp4	3.5	0.95		3.0 2.0 3.0 3.0 2.0 4.0 2.0 2.0 4.0
	StSq4	3.9	1.11		2.0 3.0 3.0 3.0 2.0 3.0 3.0 3.0 4.0
	3Lo	5.39	2.1	x	3.0 4.0 4.0 5.0 4.0 5.0 4.0 4.0 5.0
	FCSp4	3.2	0.82		2.0 2.0 3.0 3.0 2.0 4.0 2.0 2.0 4.0
	LSp4	2.7	0.42		1.0 0.0 2.0 1.0 1.0 2.0 2.0 3.0 2.0
program components:
	Skating Skills	0.80 8.00 8.50 8.50 8.50 8.50 8.75 8.50 8.50 9.50 8.54
	Transitions	0.80 7.50 8.00 8.00 8.25 8.00 8.50 8.25 7.75 9.00 8.11
	Performance	0.80 7.75 8.25 8.25 8.25 8.25 8.75 8.75 8.25 9.50 8.39
	Composition	0.80 8.00 8.00 8.00 8.75 8.25 8.75 8.50 8.00 9.50 8.32
	Interpretation of the Music	0.80 8.00 8.25 8.25 8.25 8.25 8.75 8.50 8.25 9.25 8.36
deductions:

name: Mariah BELL
rank: 3
startingNbr: 18
elements:
	2A	3.3	0.57		3.0 2.0 2.0 2.0 1.0 2.0 1.0 1.0 2.0
	3Lz+3T	10.1	1.1		3.0 0.0 2.0 2.0 2.0 2.0 2.0 1.0 2.0
	CCoSp4	3.5	1.05		3.0 3.0 3.0 3.0 2.0 4.0 3.0 2.0 4.0
	FSSp4	3.0	0.64		2.0 2.0 2.0 2.0 1.0 3.0 2.0 2.0 3.0
	3F	5.83	1.36	x	3.0 3.0 2.0 3.0 2.0 3.0 2.0 2.0 3.0
	LSp3	2.4	0.55		2.0 2.0 2.0 3.0 2.0 4.0 2.0 2.0 3.0
	StSq4	3.9	1.17		3.0 3.0 3.0 3.0 2.0 3.0 3.0 3.0 3.0
program components:
	Skating Skills	0.80 7.75 7.75 7.75 7.75 8.00 8.50 7.50 8.00 8.00 7.86
	Transitions	0.80 7.50 7.50 7.50 7.50 8.00 8.25 7.25 7.50 7.75 7.61
	Performance	0.80 8.00 8.00 8.25 8.00 8.25 8.75 7.75 8.50 8.25 8.18
	Composition	0.80 8.00 7.75 7.75 7.75 8.00 8.50 7.50 7.75 8.00 7.86
	Interpretation of the Music	0.80 7.75 7.75 8.00 8.00 8.25 8.75 7.75 8.00 7.75 7.93
deductions:

name: Eunsoo LIM
rank: 4
startingNbr: 13
elements:
	3Lz+3T	10.1	0.93		2.0 1.0 1.0 2.0 2.0 1.0 2.0 0.0 3.0
	FCSp4	3.2	0.59		2.0 1.0 2.0 2.0 2.0 2.0 2.0 1.0 3.0
	StSq4	3.9	1.0		3.0 3.0 2.0 2.0 2.0 2.0 3.0 3.0 4.0
	3F	5.3	1.44		3.0 3.0 2.0 2.0 2.0 3.0 3.0 3.0 4.0
	2A	3.63	0.9	x	3.0 4.0 2.0 2.0 3.0 3.0 2.0 1.0 4.0
	LSp3	2.4	0.79		4.0 3.0 3.0 3.0 3.0 4.0 3.0 3.0 5.0
	CCoSp4	3.5	0.9		2.0 3.0 2.0 3.0 1.0 3.0 3.0 2.0 3.0
program components:
	Skating Skills	0.80 7.75 8.00 7.75 7.50 8.00 8.25 7.50 7.75 8.25 7.86
	Transitions	0.80 7.75 7.25 7.50 7.50 7.50 7.75 7.50 7.75 8.00 7.61
	Performance	0.80 8.00 8.00 8.00 8.00 8.00 8.00 7.75 8.25 8.50 8.04
	Composition	0.80 8.00 7.75 7.50 7.75 7.75 8.25 7.75 7.75 8.50 7.86
	Interpretation of the Music	0.80 8.25 8.00 7.75 8.00 8.25 8.25 7.75 8.25 8.00 8.07
deductions:
	time violation: -1.00

name: Rika KIHIRA
rank: 5
startingNbr: 19
elements:
	1A*	0.0	0.0	*	0.0 0.0 0.0 0.0 0.0 0.0 0.0 0.0 0.0
	3F+3T	9.5	1.67		3.0 3.0 3.0 4.0 3.0 3.0 3.0 2.0 4.0
	FSSp3	2.6	0.56		2.0 2.0 2.0 3.0 2.0 3.0 1.0 1.0 3.0
	3Lz	6.49	1.69	x	3.0 3.0 3.0 3.0 2.0 3.0 3.0 2.0 4.0
	CCoSp4	3.5	1.0		3.0 2.0 2.0 4.0 2.0 4.0 2.0 3.0 5.0
	StSq4	3.9	1.28		4.0 3.0 3.0 4.0 2.0 4.0 2.0 3.0 5.0
	LSp4	2.7	0.93		4.0 2.0 3.0 4.0 3.0 4.0 3.0 3.0 4.0
program components:
	Skating Skills	0.80 8.00 8.25 8.00 8.25 8.25 8.75 8.50 8.25 9.25 8.32
	Transitions	0.80 8.25 8.00 7.75 8.25 8.00 8.25 8.00 8.00 9.25 8.11
	Performance	0.80 8.00 8.25 8.00 8.00 8.00 8.50 8.25 8.00 8.75 8.14
	Composition	0.80 8.00 8.00 8.25 8.50 8.00 8.75 8.50 8.00 9.50 8.29
	Interpretation of the Music	0.80 8.50 8.25 8.25 8.50 8.25 8.75 8.50 8.25 9.50 8.43
deductions:

name: Elizabet TURSYNBAEVA
rank: 6
startingNbr: 17
elements:
	3Lz	5.9	1.18		3.0 1.0 2.0 3.0 1.0 3.0 1.0 2.0 2.0
	2A	3.3	-0.8		-2.0 0.0 -2.0 -3.0 -3.0 -2.0 -3.0 -2.0 -3.0
	CCoSp4	3.5	1.0		2.0 2.0 3.0 4.0 2.0 4.0 2.0 4.0 3.0
	3S+3T	9.35	1.23	x	4.0 4.0 3.0 3.0 2.0 3.0 2.0 2.0 3.0
	FCSp4	3.2	0.32		1.0 0.0 2.0 2.0 0.0 3.0 1.0 0.0 1.0
	StSq4	3.9	1.11		3.0 2.0 3.0 4.0 0.0 3.0 2.0 4.0 3.0
	LSp4	2.7	1.0		4.0 2.0 4.0 4.0 3.0 4.0 3.0 5.0 4.0
program components:
	Skating Skills	0.80 8.00 7.75 7.75 7.75 7.50 8.50 7.25 7.75 7.50 7.71
	Transitions	0.80 8.25 7.50 7.75 7.75 7.25 8.25 7.00 8.25 7.00 7.68
	Performance	0.80 8.00 7.75 7.50 8.25 7.50 8.50 7.25 8.25 7.25 7.79
	Composition	0.80 8.25 7.50 7.75 8.00 7.25 8.50 7.25 8.50 7.50 7.82
	Interpretation of the Music	0.80 8.50 7.75 7.50 8.25 7.50 8.75 7.50 8.75 7.75 8.00
deductions:

name: Ting CUI
rank: 7
startingNbr: 7
elements:
	2A	3.3	1.04		4.0 4.0 3.0 3.0 3.0 3.0 2.0 2.0 4.0
	3Lz+3T	10.1	1.35		2.0 4.0 2.0 3.0 2.0 2.0 2.0 2.0 3.0
	FCSp4	3.2	0.64		2.0 1.0 2.0 2.0 2.0 2.0 2.0 2.0 3.0
	StSq3	3.3	0.8		2.0 3.0 3.0 2.0 2.0 1.0 3.0 2.0 4.0
	3F	5.83	0.45	! x	2.0 2.0 -1.0 1.0 -1.0 1.0 0.0 1.0 2.0
	CCoSp3V	2.25	0.23		0.0 2.0 1.0 0.0 1.0 -1.0 2.0 1.0 2.0
	LSp4	2.7	0.69		2.0 2.0 2.0 3.0 2.0 2.0 3.0 4.0 4.0
program components:
	Skating Skills	0.80 7.25 8.25 7.50 7.75 7.75 7.75 7.25 7.25 7.75 7.57
	Transitions	0.80 7.25 7.75 7.25 7.75 7.50 7.50 7.25 7.50 8.25 7.50
	Performance	0.80 7.50 8.25 7.75 8.00 8.00 7.75 7.50 8.25 8.00 7.89
	Composition	0.80 7.50 7.75 7.50 8.00 7.75 7.75 7.25 7.75 8.25 7.71
	Interpretation of the Music	0.80 7.75 8.25 7.50 8.25 8.00 7.75 7.50 8.00 8.00 7.89
deductions:

name: Mai MIHARA
rank: 8
startingNbr: 22
elements:
	3Lz+3T<<	7.2	-2.53	<<	-5.0 -2.0 -5.0 -4.0 -3.0 -3.0 -5.0 -5.0 -5.0
	2A	3.3	0.94		3.0 3.0 2.0 3.0 3.0 3.0 3.0 1.0 3.0
	FSSp4	3.0	0.77		2.0 2.0 3.0 3.0 2.0 4.0 2.0 1.0 4.0
	3F	5.83	1.21	x	3.0 2.0 2.0 1.0 2.0 3.0 2.0 2.0 3.0
	CCoSp4	3.5	0.9		2.0 3.0 2.0 3.0 2.0 4.0 2.0 2.0 4.0
	StSq3	3.3	1.18		3.0 4.0 3.0 4.0 4.0 4.0 3.0 4.0 3.0
	LSp4	2.7	0.85		3.0 3.0 3.0 4.0 3.0 3.0 2.0 3.0 4.0
program components:
	Skating Skills	0.80 8.00 8.25 8.25 8.50 8.50 8.75 8.25 7.75 8.75 8.36
	Transitions	0.80 7.75 8.00 8.00 8.00 8.25 8.50 8.00 8.00 8.25 8.07
	Performance	0.80 7.75 8.25 8.00 8.25 8.25 8.75 8.00 8.50 8.50 8.25
	Composition	0.80 7.50 8.00 8.25 8.25 8.25 8.75 8.25 8.00 8.25 8.18
	Interpretation of the Music	0.80 8.00 8.25 8.50 8.50 8.50 9.00 8.00 8.50 8.50 8.39
deductions:

name: Yelim KIM
rank: 9
startingNbr: 9
elements:
	3Lz+3T	10.1	1.85		4.0 3.0 3.0 3.0 3.0 2.0 3.0 3.0 4.0
	2A	3.3	0.75		3.0 2.0 2.0 3.0 2.0 2.0 2.0 2.0 3.0
	FCSp3	2.8	0.4		1.0 0.0 1.0 2.0 1.0 2.0 2.0 1.0 2.0
	3F	5.83	-0.45	! x	-1.0 -1.0 -1.0 0.0 -1.0 -2.0 -1.0 0.0 -1.0
	CCoSp4	3.5	0.9		2.0 2.0 3.0 3.0 2.0 3.0 3.0 2.0 3.0
	StSq3	3.3	0.57		2.0 1.0 2.0 3.0 1.0 1.0 2.0 2.0 2.0
	SSp4	2.5	0.61		2.0 2.0 2.0 3.0 0.0 3.0 2.0 3.0 4.0
program components:
	Skating Skills	0.80 7.25 6.75 7.00 7.75 7.25 6.75 7.25 7.00 7.25 7.11
	Transitions	0.80 7.00 6.25 7.00 7.50 6.75 6.25 7.00 7.25 7.00 6.89
	Performance	0.80 7.00 6.50 7.50 7.50 7.25 6.50 7.50 7.75 7.75 7.29
	Composition	0.80 7.25 6.25 7.00 7.75 7.00 6.50 7.25 7.50 7.25 7.11
	Interpretation of the Music	0.80 7.25 6.50 7.25 7.75 7.25 6.50 7.25 7.75 7.00 7.18
deductions:

name: Kailani CRAINE
rank: 10
startingNbr: 12
elements:
	3Lo+3Lo<	8.58	-0.56	<	0.0 0.0 -1.0 -1.0 -2.0 0.0 -2.0 -2.0 -2.0
	2A	3.3	0.42		1.0 2.0 1.0 1.0 2.0 2.0 0.0 1.0 1.0
	CCoSp4	3.5	0.55		1.0 2.0 1.0 2.0 1.0 2.0 2.0 0.0 3.0
	3Lz	6.49	-0.34	! x	0.0 0.0 -1.0 0.0 -1.0 0.0 -2.0 -1.0 -1.0
	FSSp4	3.0	0.39		2.0 1.0 1.0 1.0 1.0 2.0 1.0 1.0 3.0
	StSq3	3.3	0.71		2.0 3.0 1.0 3.0 1.0 2.0 2.0 3.0 2.0
	LSp4	2.7	0.81		3.0 2.0 3.0 3.0 3.0 3.0 3.0 3.0 4.0
program components:
	Skating Skills	0.80 5.25 7.25 6.25 6.75 7.00 7.50 6.50 7.25 7.50 6.93
	Transitions	0.80 5.50 6.75 6.50 6.50 6.75 7.00 6.00 7.25 7.00 6.64
	Performance	0.80 6.00 7.25 6.75 7.00 7.25 7.25 6.75 8.25 7.75 7.14
	Composition	0.80 6.00 6.75 6.50 7.25 7.00 7.00 6.75 7.75 7.25 6.93
	Interpretation of the Music	0.80 6.00 7.50 6.75 7.00 7.25 7.25 6.75 8.00 7.25 7.11
deductions:

name: Larkyn AUSTMAN
rank: 11
startingNbr: 3
elements:
	3Lo+2T	6.2	1.26		4.0 4.0 2.0 2.0 1.0 3.0 2.0 2.0 3.0
	3S	4.3	1.23		3.0 3.0 2.0 2.0 3.0 3.0 3.0 3.0 4.0
	SSp4	2.5	0.61		3.0 2.0 2.0 2.0 1.0 3.0 2.0 3.0 5.0
	2A<	2.73	-1.24	< x	-5.0 -5.0 -5.0 -5.0 -5.0 -5.0 -5.0 -5.0 -5.0
	StSq3	3.3	0.71		2.0 2.0 1.0 2.0 0.0 2.0 3.0 3.0 3.0
	FCSp4	3.2	0.14		0.0 0.0 -2.0 1.0 -1.0 1.0 1.0 1.0 1.0
	CCoSp4	3.5	0.55		1.0 1.0 1.0 2.0 0.0 2.0 2.0 2.0 3.0
program components:
	Skating Skills	0.80 7.00 6.50 5.75 6.50 6.00 7.00 6.75 8.00 8.00 6.82
	Transitions	0.80 6.50 6.25 5.50 6.25 6.25 6.50 6.25 7.50 7.50 6.50
	Performance	0.80 7.00 6.25 5.50 6.50 6.00 7.00 6.50 7.75 8.00 6.71
	Composition	0.80 6.75 6.00 5.50 6.50 6.25 7.00 7.00 8.00 7.75 6.75
	Interpretation of the Music	0.80 7.25 6.00 5.75 6.75 6.50 7.00 7.00 8.25 8.25 6.96
deductions:
	falls: 1

name: Veronik MALLET
rank: 12
startingNbr: 2
elements:
	3T+2T	5.5	1.02		3.0 3.0 2.0 2.0 2.0 3.0 1.0 3.0 2.0
	3Lo	4.9	0.49		2.0 1.0 1.0 1.0 1.0 1.0 0.0 1.0 1.0
	LSp3	2.4	0.27		0.0 1.0 2.0 2.0 0.0 3.0 0.0 1.0 2.0
	2A	3.3	0.66		2.0 2.0 2.0 2.0 1.0 3.0 2.0 2.0 2.0
	CCoSp3	3.0	0.64		1.0 1.0 2.0 3.0 1.0 3.0 2.0 3.0 3.0
	StSq2	2.6	0.48		2.0 2.0 2.0 2.0 1.0 1.0 2.0 2.0 2.0
	FSSp4	3.0	0.51		1.0 2.0 2.0 1.0 0.0 3.0 2.0 2.0 2.0
program components:
	Skating Skills	0.80 6.25 6.25 6.75 6.50 6.25 6.75 6.50 8.00 7.00 6.57
	Transitions	0.80 5.75 5.50 6.25 6.25 6.00 6.50 6.25 7.25 6.50 6.21
	Performance	0.80 6.25 5.75 6.50 6.75 6.25 7.00 6.50 8.00 7.50 6.68
	Composition	0.80 6.75 5.75 6.50 6.75 6.00 6.75 6.50 7.50 6.75 6.57
	Interpretation of the Music	0.80 6.75 5.75 6.75 7.00 6.25 6.75 6.25 7.50 7.25 6.71
deductions:

name: Hongyi CHEN
rank: 13
startingNbr: 1
elements:
	3T+3T	8.4	0.9		2.0 3.0 2.0 2.0 2.0 2.0 1.0 2.0 3.0
	3Lz<	4.43	-2.03	<	-4.0 -4.0 -5.0 -5.0 -3.0 -5.0 -5.0 -5.0 -4.0
	FCSp4	3.2	0.27		0.0 0.0 2.0 1.0 0.0 2.0 1.0 0.0 3.0
	CCoSp4	3.5	0.45		1.0 1.0 2.0 1.0 0.0 2.0 2.0 0.0 3.0
	2A	3.63	0.33	x	1.0 0.0 1.0 1.0 1.0 1.0 1.0 1.0 2.0
	StSq3	3.3	0.38		2.0 1.0 1.0 1.0 0.0 1.0 1.0 1.0 3.0
	LSp4	2.7	0.5		2.0 1.0 3.0 2.0 1.0 3.0 2.0 1.0 2.0
program components:
	Skating Skills	0.80 6.00 5.75 5.75 6.25 6.25 6.50 6.25 6.25 7.50 6.18
	Transitions	0.80 5.75 5.50 5.75 5.75 5.75 6.00 6.00 5.50 7.50 5.79
	Performance	0.80 5.75 5.75 6.00 6.25 6.00 6.25 6.50 6.50 7.00 6.18
	Composition	0.80 6.00 5.75 6.25 6.75 6.00 6.50 6.25 6.25 7.75 6.29
	Interpretation of the Music	0.80 6.25 5.50 5.75 6.50 6.00 6.25 6.25 6.25 7.50 6.18
deductions:

name: Brooklee HAN
rank: 14
startingNbr: 11
elements:
	3Lo+2T	6.2	0.21		0.0 0.0 1.0 1.0 0.0 1.0 0.0 0.0 2.0
	3Lz	5.9	-2.95		-5.0 -5.0 -5.0 -5.0 -5.0 -5.0 -5.0 -5.0 -5.0
	FCSp4	3.2	0.55		2.0 2.0 2.0 2.0 1.0 1.0 2.0 1.0 4.0
	2A	3.63	0.19	x	1.0 0.0 2.0 2.0 0.0 0.0 1.0 0.0 0.0
	StSq4	3.9	0.84		2.0 2.0 3.0 3.0 1.0 2.0 1.0 3.0 2.0
	CCoSp4	3.5	0.6		1.0 1.0 2.0 2.0 2.0 2.0 1.0 2.0 4.0
	LSp4	2.7	0.46		2.0 1.0 2.0 3.0 1.0 1.0 2.0 1.0 4.0
program components:
	Skating Skills	0.80 5.75 6.50 6.25 6.50 6.25 6.75 6.50 7.25 6.75 6.50
	Transitions	0.80 5.75 6.25 6.50 6.25 5.75 6.50 6.25 7.00 7.50 6.36
	Performance	0.80 6.50 6.25 6.25 7.00 6.00 6.75 6.50 7.75 8.00 6.71
	Composition	0.80 6.00 6.00 6.75 6.75 6.00 6.75 6.25 7.00 7.75 6.50
	Interpretation of the Music	0.80 6.25 6.50 6.75 7.00 6.25 7.00 6.50 7.75 7.50 6.79
deductions:
	falls: 1

name: Yi Christy LEUNG
rank: 15
startingNbr: 16
elements:
	3Lz<	4.43	-2.22	<	-5.0 -5.0 -5.0 -5.0 -5.0 -5.0 -5.0 -5.0 -5.0
	FCSp4	3.2	0.55		2.0 2.0 2.0 1.0 2.0 2.0 1.0 1.0 2.0
	StSq3	3.3	0.52		3.0 2.0 2.0 2.0 1.0 1.0 1.0 1.0 2.0
	2A	3.3	0.57		2.0 2.0 1.0 2.0 2.0 1.0 2.0 1.0 2.0
	3F+2T	7.26	0.76	x	1.0 3.0 2.0 2.0 1.0 1.0 2.0 1.0 1.0
	LSp4	2.7	0.27		1.0 0.0 2.0 2.0 1.0 2.0 1.0 0.0 0.0
	CCoSp4	3.5	0.45		1.0 2.0 1.0 2.0 0.0 2.0 1.0 0.0 2.0
program components:
	Skating Skills	0.80 6.25 6.50 6.50 7.00 6.50 6.50 6.75 7.00 7.25 6.68
	Transitions	0.80 6.75 6.00 6.75 6.75 6.00 6.00 6.50 7.00 7.00 6.54
	Performance	0.80 6.50 6.25 6.25 6.75 6.25 6.50 6.50 7.25 6.75 6.50
	Composition	0.80 6.50 6.00 6.50 7.00 6.00 6.25 6.75 7.00 7.25 6.57
	Interpretation of the Music	0.80 7.00 6.25 6.75 7.25 6.25 6.25 6.50 7.25 6.50 6.64
deductions:
	falls: 1

name: Alisson Krystle PERTICHETO
rank: 16
startingNbr: 10
elements:
	3F	5.3	0.45		2.0 1.0 1.0 0.0 1.0 3.0 1.0 0.0 0.0
	3T+2T	5.5	0.12		1.0 1.0 0.0 0.0 0.0 1.0 0.0 0.0 -1.0
	FCSp4	3.2	0.41		2.0 1.0 1.0 0.0 1.0 2.0 1.0 1.0 3.0
	2A	3.63	0.0	x	2.0 0.0 0.0 0.0 0.0 0.0 0.0 0.0 -1.0
	CCoSp4	3.5	0.4		2.0 1.0 1.0 1.0 1.0 2.0 1.0 0.0 1.0
	StSq3	3.3	0.33		2.0 1.0 0.0 1.0 0.0 1.0 1.0 1.0 2.0
	LSp2	1.9	0.3		3.0 1.0 0.0 2.0 1.0 2.0 2.0 1.0 2.0
program components:
	Skating Skills	0.80 5.75 5.50 5.00 5.75 5.75 6.50 6.25 6.00 6.75 5.93
	Transitions	0.80 5.00 5.25 4.75 5.00 5.25 6.00 5.75 5.00 6.25 5.32
	Performance	0.80 6.00 5.50 5.00 5.75 6.00 6.50 6.25 6.00 7.25 6.00
	Composition	0.80 5.75 5.25 5.25 6.00 5.75 6.25 6.25 5.75 7.00 5.86
	Interpretation of the Music	0.80 6.00 5.50 5.00 6.25 6.00 6.50 6.25 5.75 6.75 6.04
deductions:

name: Hanul KIM
rank: 17
startingNbr: 14
elements:
	2Lz*	0.0	0.0	*	0.0 0.0 0.0 0.0 0.0 0.0 0.0 0.0 0.0
	CCoSp4	3.5	0.5		2.0 2.0 1.0 2.0 1.0 1.0 1.0 1.0 4.0
	FSSp4	3.0	0.39		3.0 1.0 0.0 1.0 1.0 1.0 2.0 0.0 3.0
	3Lo+2T	6.2	0.42		1.0 1.0 1.0 1.0 0.0 0.0 1.0 1.0 1.0
	2A	3.63	0.57	x	3.0 3.0 1.0 2.0 1.0 1.0 1.0 1.0 3.0
	StSq3	3.3	0.47		3.0 1.0 1.0 2.0 0.0 1.0 1.0 1.0 3.0
	LSp4	2.7	0.77		4.0 2.0 3.0 2.0 3.0 3.0 2.0 3.0 5.0
program components:
	Skating Skills	0.80 7.50 6.25 6.50 6.50 5.75 6.25 6.75 6.75 7.00 6.57
	Transitions	0.80 7.25 5.75 6.50 6.00 5.50 6.00 6.50 7.00 7.50 6.43
	Performance	0.80 7.50 6.00 6.00 6.75 5.75 6.25 6.75 6.75 6.75 6.46
	Composition	0.80 7.25 6.00 6.50 6.75 5.75 6.25 6.75 7.00 7.50 6.64
	Interpretation of the Music	0.80 7.25 5.75 6.25 7.00 5.50 6.00 6.75 6.00 7.00 6.39
deductions:

name: Joanna SO
rank: 18
startingNbr: 6
elements:
	3T+2T	5.5	0.42		1.0 1.0 1.0 1.0 1.0 1.0 1.0 0.0 1.0
	3S	4.3	0.49		2.0 1.0 1.0 1.0 1.0 0.0 1.0 1.0 3.0
	LSp4	2.7	0.35		2.0 0.0 1.0 2.0 0.0 1.0 1.0 2.0 2.0
	2A	3.63	0.0	x	1.0 0.0 0.0 1.0 -1.0 -2.0 0.0 0.0 0.0
	FCSp4	3.2	0.0		0.0 -1.0 1.0 0.0 0.0 -1.0 1.0 0.0 0.0
	StSq3	3.3	0.28		1.0 1.0 1.0 1.0 0.0 1.0 1.0 1.0 0.0
	CCoSp2V	1.88	0.14		1.0 0.0 1.0 1.0 1.0 -1.0 2.0 0.0 1.0
program components:
	Skating Skills	0.80 5.50 5.00 5.25 6.25 5.50 5.75 6.25 6.75 6.50 5.86
	Transitions	0.80 6.00 4.50 5.50 6.00 5.25 5.50 6.00 6.75 6.75 5.86
	Performance	0.80 6.25 4.75 5.25 5.75 5.50 6.00 6.50 7.00 6.75 6.00
	Composition	0.80 6.00 4.50 5.50 6.00 5.50 6.00 6.50 7.25 6.25 5.96
	Interpretation of the Music	0.80 6.25 4.75 5.50 6.25 5.75 6.25 6.50 7.00 6.00 6.07
deductions:

name: Isadora WILLIAMS
rank: 19
startingNbr: 4
elements:
	3Lz<	4.43	-2.22	<	-5.0 -5.0 -5.0 -5.0 -5.0 -5.0 -5.0 -5.0 -5.0
	3Lo+2T	6.2	0.35		1.0 1.0 1.0 1.0 0.0 0.0 1.0 1.0 0.0
	CCoSp3	3.0	0.34		2.0 1.0 1.0 1.0 1.0 0.0 1.0 1.0 2.0
	2A	3.63	0.38	x	2.0 2.0 1.0 0.0 1.0 1.0 1.0 1.0 1.0
	FSSp3	2.6	0.15		0.0 0.0 1.0 1.0 0.0 1.0 1.0 0.0 2.0
	StSq2	2.6	0.26		1.0 1.0 1.0 1.0 1.0 1.0 1.0 2.0 0.0
	LSp3	2.4	0.14		0.0 0.0 1.0 1.0 0.0 1.0 1.0 1.0 0.0
program components:
	Skating Skills	0.80 6.00 6.00 5.25 6.00 5.75 6.50 6.25 7.00 6.75 6.18
	Transitions	0.80 6.25 5.50 5.50 5.50 5.50 6.00 6.00 7.50 7.25 6.00
	Performance	0.80 6.00 5.75 5.00 5.75 6.00 6.25 6.25 7.50 6.50 6.07
	Composition	0.80 6.25 5.50 5.50 6.00 5.75 6.50 6.50 7.25 7.25 6.25
	Interpretation of the Music	0.80 6.50 5.75 5.50 6.25 6.25 6.25 6.25 7.50 7.00 6.32
deductions:
	falls: 1

name: Amy LIN
rank: 20
startingNbr: 8
elements:
	3Lz<+2T	5.73	-0.89	<	0.0 -1.0 -1.0 -3.0 -2.0 -2.0 -3.0 -2.0 -3.0
	3S	4.3	0.0		1.0 0.0 0.0 0.0 0.0 0.0 0.0 0.0 -1.0
	LSp4	2.7	0.19		2.0 0.0 1.0 1.0 0.0 1.0 1.0 0.0 1.0
	StSq4	3.9	0.5		3.0 1.0 1.0 2.0 1.0 1.0 0.0 1.0 2.0
	1A*	0.0	0.0	* x	0.0 0.0 0.0 0.0 0.0 0.0 0.0 0.0 0.0
	FCSp4	3.2	0.46		2.0 0.0 2.0 1.0 1.0 1.0 2.0 1.0 3.0
	CCoSp4	3.5	0.4		1.0 1.0 2.0 1.0 1.0 0.0 1.0 1.0 3.0
program components:
	Skating Skills	0.80 6.50 5.50 5.50 6.50 5.50 6.50 6.50 7.25 7.50 6.32
	Transitions	0.80 6.25 5.00 5.50 5.75 5.00 6.00 6.00 6.50 7.25 5.86
	Performance	0.80 6.00 5.25 5.00 6.00 5.50 6.25 6.25 6.00 6.75 5.89
	Composition	0.80 6.25 5.00 5.25 6.00 5.25 6.25 6.00 6.50 7.50 5.93
	Interpretation of the Music	0.80 6.50 4.75 5.25 6.25 5.50 6.25 6.00 6.25 7.00 6.00
deductions:
	falls: 1

name: Alaine CHARTRAND
rank: 21
startingNbr: 15
elements:
	2A	3.3	0.75		4.0 3.0 2.0 2.0 2.0 3.0 1.0 2.0 2.0
	2Lz+2T*	2.1	-1.05	*	-5.0 -5.0 -5.0 -5.0 -5.0 -5.0 -5.0 -5.0 -5.0
	FSSp3	2.6	0.45		2.0 1.0 1.0 2.0 0.0 2.0 2.0 2.0 2.0
	2Lo*	0.0	0.0	* x	0.0 0.0 0.0 0.0 0.0 0.0 0.0 0.0 0.0
	StSq4	3.9	0.72		1.0 2.0 2.0 2.0 0.0 2.0 2.0 2.0 2.0
	LSp4	2.7	0.27		2.0 1.0 1.0 1.0 0.0 1.0 1.0 1.0 1.0
	CCoSp4	3.5	0.65		3.0 1.0 1.0 2.0 1.0 2.0 2.0 2.0 3.0
program components:
	Skating Skills	0.80 6.75 6.50 6.25 6.75 6.50 7.25 6.25 7.75 8.00 6.82
	Transitions	0.80 5.75 5.75 6.00 6.50 6.00 6.75 6.00 7.75 7.50 6.36
	Performance	0.80 5.00 6.00 5.50 6.75 6.25 6.50 5.75 7.50 6.50 6.18
	Composition	0.80 6.25 6.00 6.00 7.00 6.25 6.75 6.50 8.00 7.75 6.64
	Interpretation of the Music	0.80 6.00 6.25 6.50 6.75 6.25 6.75 6.00 7.75 7.00 6.50
deductions:

name: Andrea MONTESINOS CANTU
rank: 22
startingNbr: 5
elements:
	3Lz	5.9	0.67		2.0 1.0 2.0 0.0 1.0 1.0 0.0 3.0 1.0
	FCSp4	3.2	0.46		2.0 1.0 2.0 1.0 1.0 2.0 1.0 1.0 2.0
	3S<<+COMBO	1.3	-0.65	<<	-5.0 -5.0 -5.0 -5.0 -5.0 -5.0 -5.0 -5.0 -5.0
	2A	3.63	-1.65	x	-5.0 -5.0 -5.0 -5.0 -5.0 -5.0 -5.0 -5.0 -5.0
	CCoSp3	3.0	0.3		1.0 1.0 1.0 1.0 -1.0 1.0 1.0 1.0 2.0
	StSq2	2.6	0.11		0.0 0.0 1.0 1.0 0.0 1.0 1.0 0.0 0.0
	LSp4	2.7	0.19		-2.0 0.0 1.0 2.0 -1.0 1.0 1.0 1.0 2.0
program components:
	Skating Skills	0.80 5.50 5.50 5.25 6.00 5.50 6.00 6.00 7.50 7.00 5.93
	Transitions	0.80 5.50 5.25 5.25 5.75 5.25 5.50 5.50 6.75 7.00 5.64
	Performance	0.80 5.25 5.25 5.00 5.75 5.75 6.00 5.75 6.00 6.25 5.68
	Composition	0.80 5.25 5.25 5.50 6.00 5.50 6.25 6.25 6.75 6.75 5.93
	Interpretation of the Music	0.80 5.50 5.00 5.00 5.75 5.75 6.00 6.00 6.50 6.75 5.79
deductions:
	falls: 2

