event name: ISU Four Continents Championships 2019
event type: LADIES FREE SKATING
name: Rika KIHIRA
rank: 1
startingNbr: 19
elements:
	3A	8.0	2.51		2.0 2.0 3.0 2.0 3.0 4.0 4.0 4.0 4.0
	2A+3T	7.5	1.38		4.0 2.0 3.0 4.0 3.0 3.0 3.0 5.0 3.0
	3Lo	4.9	0.14		-1.0 -1.0 1.0 0.0 0.0 -1.0 1.0 2.0 2.0
	CCoSp4	3.5	0.95		3.0 0.0 2.0 3.0 2.0 3.0 4.0 3.0 3.0
	StSq4	3.9	1.45		4.0 4.0 3.0 4.0 3.0 3.0 4.0 4.0 4.0
	3Lz+3T	10.1	1.85		4.0 2.0 3.0 3.0 3.0 3.0 3.0 4.0 3.0
	3F	5.83	1.44	x	2.0 3.0 3.0 3.0 2.0 2.0 4.0 3.0 3.0
	LSp4	2.7	0.93		3.0 3.0 3.0 4.0 3.0 3.0 4.0 4.0 4.0
	3Lz+2T+2Lo	9.79	1.6	x	2.0 3.0 3.0 2.0 2.0 3.0 3.0 3.0 3.0
	FSSp4	3.0	0.6		2.0 2.0 1.0 2.0 2.0 2.0 3.0 2.0 2.0
	ChSq1	3.0	1.71		5.0 3.0 4.0 2.0 3.0 2.0 4.0 4.0 4.0
	3S	4.73	1.23	x	3.0 2.0 3.0 3.0 2.0 3.0 3.0 4.0 3.0
program components:
	Skating Skills	1.60 8.50 8.75 9.00 8.50 8.50 9.25 8.50 9.00 8.50 8.68
	Transitions	1.60 9.00 8.25 8.75 8.50 8.50 9.00 8.25 8.75 8.50 8.61
	Performance	1.60 8.75 8.50 9.00 8.75 8.75 9.50 9.25 9.00 8.75 8.89
	Composition	1.60 9.50 8.50 9.00 8.50 9.00 9.00 9.00 8.75 8.50 8.82
	Interpretation of the Music	1.60 9.25 8.50 8.75 9.00 9.00 9.50 9.25 9.00 8.75 9.00
deductions:

name: Mai MIHARA
rank: 2
startingNbr: 16
elements:
	3Lz+3T<	9.05	0.08	<	0.0 -1.0 0.0 0.0 1.0 0.0 1.0 -2.0 1.0
	ChSq1	3.0	1.43		4.0 2.0 3.0 1.0 3.0 2.0 4.0 3.0 3.0
	2A	3.3	0.94		3.0 2.0 3.0 3.0 2.0 3.0 3.0 4.0 3.0
	3Lo	4.9	1.26		3.0 2.0 3.0 2.0 2.0 2.0 3.0 4.0 3.0
	CCoSp3	3.0	0.81		3.0 3.0 3.0 2.0 2.0 2.0 4.0 3.0 3.0
	3F	5.3	1.21		2.0 2.0 2.0 2.0 2.0 2.0 3.0 4.0 3.0
	2A+3T	8.25	1.08	x	3.0 2.0 2.0 3.0 2.0 2.0 3.0 3.0 3.0
	FSSp4	3.0	0.73		2.0 3.0 2.0 2.0 2.0 2.0 3.0 3.0 3.0
	3Lz+2T+2Lo	9.79	1.52	x	2.0 3.0 2.0 1.0 1.0 3.0 4.0 4.0 3.0
	3S	4.73	1.11	x	2.0 2.0 3.0 2.0 3.0 1.0 3.0 3.0 3.0
	StSq4	3.9	1.45		4.0 3.0 4.0 3.0 3.0 3.0 4.0 5.0 5.0
	FCCoSp4	3.5	1.3		4.0 3.0 4.0 3.0 4.0 2.0 4.0 5.0 4.0
program components:
	Skating Skills	1.60 8.25 8.25 8.25 8.25 8.00 8.50 8.50 8.50 8.50 8.36
	Transitions	1.60 8.00 7.75 8.00 8.25 7.75 8.25 8.50 8.50 8.50 8.18
	Performance	1.60 7.75 8.00 8.50 8.50 8.50 8.50 9.00 8.75 9.00 8.54
	Composition	1.60 8.25 8.25 8.50 8.25 8.50 8.25 8.75 8.50 8.75 8.43
	Interpretation of the Music	1.60 8.50 8.00 8.50 8.50 8.50 8.50 9.00 8.75 8.75 8.57
deductions:

name: Elizabet TURSYNBAEVA
rank: 3
startingNbr: 17
elements:
	4S	9.7	-4.85		-5.0 -5.0 -5.0 -5.0 -5.0 -5.0 -5.0 -5.0 -5.0
	3Lz	5.9	1.85		3.0 3.0 3.0 2.0 3.0 3.0 3.0 4.0 4.0
	3F	5.3	1.21		1.0 2.0 2.0 2.0 2.0 3.0 2.0 3.0 3.0
	3Lo	4.9	0.35		0.0 1.0 0.0 1.0 1.0 -1.0 2.0 0.0 2.0
	FCSp4	3.2	0.73		2.0 3.0 2.0 0.0 2.0 1.0 3.0 3.0 3.0
	ChSq1	3.0	1.57		4.0 5.0 3.0 1.0 4.0 1.0 2.0 4.0 4.0
	3S+3T	9.35	1.41	x	3.0 4.0 4.0 2.0 4.0 3.0 3.0 3.0 3.0
	2A+3T	8.25	1.26	x	3.0 3.0 3.0 3.0 2.0 3.0 3.0 3.0 3.0
	2A+1Eu+3S	8.91	0.98	x	3.0 3.0 2.0 2.0 2.0 2.0 2.0 2.0 3.0
	CCoSp4	3.5	0.9		2.0 3.0 3.0 1.0 3.0 1.0 3.0 3.0 3.0
	StSq3	3.3	0.75		2.0 2.0 3.0 1.0 2.0 2.0 2.0 3.0 3.0
	FCCoSp4	3.5	1.0		2.0 4.0 3.0 2.0 3.0 2.0 4.0 3.0 3.0
program components:
	Skating Skills	1.60 7.50 8.50 7.75 7.75 7.75 8.25 8.00 8.25 7.75 7.93
	Transitions	1.60 7.00 8.25 7.50 7.75 8.00 7.75 7.75 8.00 7.50 7.75
	Performance	1.60 8.00 8.75 8.25 8.00 8.50 8.25 7.75 8.25 8.50 8.25
	Composition	1.60 8.00 8.50 8.00 8.00 8.50 7.75 8.25 8.25 8.00 8.14
	Interpretation of the Music	1.60 7.50 8.75 8.25 8.25 8.50 8.00 8.00 8.25 8.00 8.18
deductions:
	falls: 1

name: Kaori SAKAMOTO
rank: 4
startingNbr: 22
elements:
	3F+3T	9.5	1.44		2.0 1.0 3.0 4.0 3.0 3.0 2.0 3.0 3.0
	2A	3.3	1.04		4.0 3.0 3.0 4.0 2.0 2.0 3.0 4.0 3.0
	3Lz	5.9	0.25	!	1.0 0.0 1.0 2.0 1.0 0.0 1.0 -1.0 -1.0
	FSSp4	3.0	0.81		3.0 3.0 2.0 3.0 2.0 2.0 3.0 3.0 3.0
	StSq3	3.3	1.08		4.0 2.0 3.0 3.0 4.0 1.0 4.0 4.0 3.0
	3S	4.3	1.47		4.0 3.0 4.0 4.0 3.0 3.0 4.0 3.0 3.0
	1A	1.21	0.0	x	-1.0 0.0 0.0 0.0 0.0 0.0 0.0 0.0 1.0
	3F+2T	7.26	1.14	x	2.0 1.0 2.0 2.0 2.0 2.0 3.0 3.0 2.0
	CCoSp4	3.5	0.85		3.0 0.0 2.0 2.0 2.0 2.0 3.0 3.0 3.0
	ChSq1	3.0	1.43		4.0 3.0 2.0 3.0 2.0 2.0 4.0 3.0 3.0
	3Lo+2T	6.82	1.19	x	2.0 2.0 3.0 3.0 2.0 1.0 3.0 2.0 3.0
	FCCoSp4	3.5	0.95		3.0 0.0 4.0 2.0 3.0 1.0 4.0 3.0 3.0
program components:
	Skating Skills	1.60 9.25 8.00 8.50 8.50 8.75 8.50 8.50 8.25 8.75 8.54
	Transitions	1.60 8.75 7.75 8.25 8.50 8.50 8.25 8.25 8.00 8.50 8.32
	Performance	1.60 8.25 8.25 8.25 8.75 8.50 8.25 8.75 8.50 8.25 8.39
	Composition	1.60 9.00 8.25 8.50 8.50 8.25 8.00 9.25 8.25 8.00 8.39
	Interpretation of the Music	1.60 8.75 8.25 8.00 8.25 8.50 8.25 9.00 8.25 8.25 8.36
deductions:

name: Bradie TENNELL
rank: 5
startingNbr: 21
elements:
	2A	3.3	0.9		2.0 3.0 2.0 3.0 1.0 3.0 3.0 4.0 3.0
	3Lz+1Lo	6.4	0.51		0.0 1.0 0.0 0.0 1.0 1.0 2.0 2.0 1.0
	3F<	3.98	-0.51	<	-2.0 -2.0 -1.0 -1.0 -2.0 -1.0 0.0 -2.0 0.0
	2A	3.3	0.66		2.0 2.0 2.0 2.0 1.0 1.0 2.0 3.0 3.0
	LSp4	2.7	0.81		4.0 3.0 3.0 2.0 3.0 2.0 4.0 3.0 3.0
	StSq4	3.9	1.23		3.0 4.0 3.0 2.0 3.0 3.0 3.0 5.0 3.0
	3Lz<+3T<	8.34	-1.2	< x	-4.0 -3.0 -2.0 -2.0 -2.0 -4.0 -3.0 -2.0 -3.0
	3Lo<+2T+2Lo	7.35	-0.42	< x	-2.0 -2.0 0.0 -1.0 -1.0 -1.0 0.0 -2.0 -1.0
	3S	4.73	1.04	x	3.0 2.0 3.0 2.0 2.0 3.0 2.0 3.0 2.0
	ChSq1	3.0	1.71		3.0 5.0 4.0 3.0 3.0 2.0 3.0 4.0 4.0
	FCCoSp4	3.5	1.3		4.0 3.0 4.0 4.0 4.0 3.0 4.0 5.0 3.0
	CCoSp4	3.5	1.4		5.0 4.0 4.0 4.0 4.0 3.0 4.0 4.0 4.0
program components:
	Skating Skills	1.60 8.50 8.50 8.00 7.75 8.50 8.50 8.25 8.25 8.25 8.32
	Transitions	1.60 8.25 8.00 7.75 8.00 8.25 8.00 8.00 8.25 8.00 8.07
	Performance	1.60 8.75 8.25 8.25 8.50 8.50 8.25 8.00 8.50 8.50 8.39
	Composition	1.60 8.50 8.50 8.25 8.75 8.75 8.00 8.50 8.50 8.00 8.43
	Interpretation of the Music	1.60 8.25 8.25 8.50 8.75 8.75 8.50 8.75 8.50 8.25 8.50
deductions:

name: Mariah BELL
rank: 6
startingNbr: 20
elements:
	2A+3T	7.5	1.14		3.0 3.0 3.0 3.0 2.0 -5.0 2.0 4.0 3.0
	3Lo	4.9	-2.45		-5.0 -5.0 -5.0 -5.0 -5.0 -5.0 -5.0 -5.0 -5.0
	CCoSp3	3.0	0.9		3.0 3.0 3.0 3.0 3.0 3.0 3.0 3.0 3.0
	3F+2T	6.6	1.06		1.0 1.0 2.0 2.0 2.0 3.0 2.0 2.0 3.0
	FCCoSp3	3.0	0.86		3.0 3.0 2.0 3.0 3.0 2.0 3.0 3.0 3.0
	StSq4	3.9	1.11		2.0 3.0 3.0 3.0 3.0 3.0 3.0 2.0 4.0
	2A	3.3	0.75		2.0 2.0 3.0 2.0 2.0 2.0 2.0 3.0 3.0
	2Lz	2.31	-0.18	x	-1.0 -1.0 -1.0 -1.0 -1.0 0.0 -1.0 -1.0 0.0
	3F	5.83	0.98	x	2.0 0.0 2.0 2.0 1.0 2.0 2.0 2.0 2.0
	3Lz+2T	7.92	0.59	x	1.0 0.0 1.0 2.0 0.0 0.0 2.0 1.0 2.0
	ChSq1	3.0	1.5		4.0 5.0 3.0 2.0 2.0 3.0 4.0 2.0 3.0
	LSp4	2.7	0.93		4.0 4.0 3.0 3.0 4.0 3.0 4.0 3.0 3.0
program components:
	Skating Skills	1.60 7.75 8.00 7.75 7.75 8.25 8.00 8.00 8.00 7.75 7.89
	Transitions	1.60 8.00 7.75 7.75 7.75 7.75 8.00 7.75 7.75 7.50 7.79
	Performance	1.60 7.50 7.75 7.50 8.00 8.00 8.25 8.00 8.25 7.75 7.89
	Composition	1.60 8.50 7.75 8.00 8.50 8.00 8.00 8.25 8.00 8.00 8.11
	Interpretation of the Music	1.60 8.25 8.00 8.25 8.25 8.25 8.25 8.50 8.00 8.00 8.18
deductions:
	falls: 1

name: Yelim KIM
rank: 7
startingNbr: 14
elements:
	3Lz+3T	10.1	1.52		1.0 1.0 3.0 4.0 2.0 3.0 3.0 3.0 3.0
	3S	4.3	0.98		3.0 2.0 2.0 2.0 1.0 2.0 2.0 3.0 3.0
	3Lo	4.9	1.12		2.0 2.0 3.0 2.0 1.0 2.0 3.0 2.0 3.0
	CCoSp4	3.5	0.85		2.0 2.0 3.0 2.0 2.0 2.0 3.0 4.0 3.0
	2A	3.3	0.66		1.0 2.0 2.0 2.0 1.0 2.0 2.0 3.0 3.0
	StSq2	2.6	0.19		-1.0 0.0 1.0 0.0 2.0 0.0 1.0 3.0 1.0
	2A	3.63	-0.05	x	0.0 -1.0 0.0 0.0 -1.0 0.0 1.0 -1.0 1.0
	3Lz+2T+2Lo	9.79	0.25	x	0.0 1.0 1.0 0.0 0.0 0.0 1.0 0.0 2.0
	ChSq1	3.0	0.64		0.0 2.0 2.0 0.0 1.0 1.0 1.0 2.0 3.0
	3F	5.83	0.08	x	-1.0 0.0 1.0 0.0 0.0 0.0 1.0 0.0 0.0
	FCSp4	3.2	0.41		0.0 1.0 3.0 1.0 2.0 0.0 2.0 2.0 1.0
	SSp4	2.5	0.68		3.0 3.0 3.0 2.0 2.0 2.0 3.0 3.0 3.0
program components:
	Skating Skills	1.60 7.00 7.00 7.75 7.25 7.50 7.50 7.50 7.75 7.75 7.46
	Transitions	1.60 7.50 6.50 7.50 7.25 7.25 7.00 7.25 7.50 7.50 7.32
	Performance	1.60 7.50 7.25 7.75 7.25 7.50 7.50 7.50 8.00 7.50 7.50
	Composition	1.60 7.25 7.25 7.75 7.25 7.50 7.25 7.25 7.75 7.50 7.39
	Interpretation of the Music	1.60 6.75 7.00 7.75 7.50 7.75 7.50 7.50 8.00 7.75 7.54
deductions:

name: Eunsoo LIM
rank: 8
startingNbr: 18
elements:
	3Lz	5.9	0.08		-1.0 -1.0 0.0 -1.0 1.0 0.0 2.0 0.0 2.0
	3Lo	4.9	1.19		1.0 2.0 3.0 2.0 3.0 2.0 3.0 3.0 2.0
	2A+3T	7.5	0.36		-2.0 1.0 2.0 1.0 1.0 0.0 2.0 1.0 0.0
	CCoSp4	3.5	0.55		1.0 1.0 2.0 1.0 2.0 1.0 2.0 2.0 2.0
	ChSq1	3.0	1.07		2.0 3.0 2.0 1.0 3.0 1.0 2.0 5.0 2.0
	3Lz+REP	4.13	-0.17		-2.0 1.0 2.0 -2.0 -2.0 -1.0 0.0 2.0 0.0
	3F+2T	7.26	-0.15	x	-1.0 -1.0 1.0 -1.0 -1.0 0.0 1.0 0.0 0.0
	3F+2T	7.26	-0.91	! x	-3.0 -1.0 -2.0 -2.0 -2.0 -1.0 -1.0 -1.0 -3.0
	2A	3.63	0.38	x	0.0 1.0 2.0 0.0 0.0 1.0 2.0 2.0 2.0
	LSp3	2.4	0.48		2.0 2.0 2.0 1.0 2.0 1.0 2.0 3.0 3.0
	StSq3	3.3	0.94		1.0 3.0 3.0 2.0 4.0 2.0 3.0 5.0 3.0
	FCSp4	3.2	0.82		2.0 2.0 3.0 1.0 3.0 3.0 3.0 2.0 3.0
program components:
	Skating Skills	1.60 7.50 7.75 7.75 8.00 8.00 8.25 7.75 8.00 7.25 7.82
	Transitions	1.60 6.75 7.25 7.50 7.75 7.50 7.50 7.25 8.00 7.00 7.39
	Performance	1.60 7.50 7.25 7.50 8.25 8.00 7.75 7.50 8.50 7.50 7.71
	Composition	1.60 7.50 7.75 7.75 8.50 8.25 8.00 8.00 8.50 7.75 8.00
	Interpretation of the Music	1.60 7.00 7.50 7.50 7.75 8.50 8.25 7.75 8.75 8.00 7.89
deductions:

name: Veronik MALLET
rank: 9
startingNbr: 12
elements:
	2A	3.3	0.99		3.0 2.0 2.0 3.0 4.0 3.0 3.0 4.0 3.0
	3S	4.3	1.04		2.0 2.0 3.0 2.0 3.0 2.0 2.0 3.0 3.0
	3Lo+2T	6.2	0.98		2.0 2.0 2.0 1.0 3.0 1.0 2.0 2.0 3.0
	FSSp4	3.0	0.6		2.0 2.0 3.0 1.0 2.0 1.0 2.0 3.0 2.0
	StSq4	3.9	0.78		1.0 1.0 2.0 3.0 2.0 1.0 3.0 2.0 3.0
	3T+2T+2Lo	7.2	0.84		2.0 1.0 2.0 2.0 2.0 1.0 2.0 3.0 3.0
	2Lo	1.87	0.07	x	0.0 1.0 0.0 0.0 0.0 0.0 1.0 2.0 1.0
	3T	4.62	1.02	x	3.0 1.0 2.0 2.0 2.0 3.0 2.0 3.0 3.0
	FCCoSp4	3.5	0.55		0.0 2.0 2.0 1.0 1.0 1.0 3.0 2.0 2.0
	ChSq1	3.0	0.93		2.0 2.0 2.0 1.0 2.0 1.0 2.0 2.0 2.0
	2A	3.63	0.66	x	1.0 2.0 3.0 1.0 2.0 2.0 2.0 2.0 3.0
	CCoSp4	3.5	0.9		2.0 2.0 3.0 2.0 3.0 2.0 3.0 3.0 3.0
program components:
	Skating Skills	1.60 7.25 7.25 7.25 7.25 8.00 7.25 7.00 7.75 6.50 7.29
	Transitions	1.60 7.25 6.50 7.00 7.00 7.25 6.75 7.00 7.25 6.75 7.00
	Performance	1.60 7.75 7.25 7.75 7.50 7.75 7.25 7.25 8.00 7.25 7.50
	Composition	1.60 7.00 7.00 7.50 7.50 7.50 7.00 7.00 7.50 7.00 7.21
	Interpretation of the Music	1.60 7.50 6.75 7.25 7.25 7.75 7.25 7.25 7.75 7.00 7.32
deductions:

name: Hanul KIM
rank: 10
startingNbr: 7
elements:
	3Lz<+3T<	7.58	-1.14	<	-3.0 -3.0 -4.0 -3.0 -2.0 -2.0 -3.0 -2.0 -2.0
	2A+3T	7.5	0.54		2.0 1.0 1.0 1.0 1.0 0.0 1.0 3.0 2.0
	3F	5.3	-0.08	!	1.0 0.0 0.0 0.0 -1.0 1.0 -1.0 -1.0 0.0
	StSq2	2.6	0.33		2.0 1.0 1.0 1.0 2.0 0.0 1.0 1.0 3.0
	3Lo	4.9	0.84		3.0 1.0 1.0 2.0 0.0 2.0 2.0 2.0 2.0
	3Lz<	4.87	-0.63	< x	-2.0 -2.0 -1.0 -1.0 -2.0 -1.0 -1.0 -2.0 0.0
	3S<	3.55	-0.41	< x	-1.0 -1.0 -1.0 -2.0 -1.0 -2.0 -1.0 -2.0 0.0
	2A+2T+2Lo	6.93	0.33	x	0.0 0.0 1.0 1.0 1.0 2.0 1.0 2.0 1.0
	LSp4	2.7	0.96		5.0 3.0 3.0 4.0 4.0 2.0 3.0 5.0 3.0
	ChSq1	3.0	0.93		1.0 1.0 1.0 2.0 3.0 3.0 1.0 2.0 3.0
	CCoSp4	3.5	0.6		2.0 0.0 1.0 2.0 2.0 2.0 1.0 2.0 2.0
	FSSp4	3.0	0.26		0.0 1.0 1.0 1.0 1.0 0.0 1.0 2.0 1.0
program components:
	Skating Skills	1.60 6.75 6.75 7.00 7.00 7.00 6.25 6.25 6.75 6.75 6.75
	Transitions	1.60 7.25 5.75 6.25 6.50 6.75 6.25 6.00 5.50 6.50 6.29
	Performance	1.60 7.75 6.75 7.00 7.00 7.00 6.50 6.00 7.00 7.00 6.89
	Composition	1.60 7.25 6.50 6.75 7.25 6.25 6.50 6.25 6.50 6.75 6.64
	Interpretation of the Music	1.60 7.00 6.50 6.50 6.75 6.75 6.25 6.00 6.75 6.75 6.61
deductions:

name: Yi Christy LEUNG
rank: 11
startingNbr: 9
elements:
	3Lz+3T	10.1	1.6		3.0 2.0 2.0 3.0 3.0 3.0 2.0 4.0 3.0
	3F	5.3	1.36		3.0 2.0 2.0 2.0 1.0 3.0 3.0 3.0 3.0
	3Lo<	3.68	-0.53	<	-2.0 -1.0 -1.0 -1.0 -2.0 -1.0 0.0 -2.0 -3.0
	2A<	2.48	-0.6	<	-4.0 -2.0 -2.0 -2.0 -3.0 -2.0 -1.0 -2.0 -5.0
	FCCoSp4	3.5	0.15		0.0 0.0 1.0 0.0 1.0 0.0 1.0 2.0 -1.0
	LSp4	2.7	0.39		1.0 1.0 2.0 1.0 1.0 1.0 2.0 2.0 2.0
	2A+1Eu+3S	8.91	0.68	x	0.0 2.0 1.0 1.0 1.0 2.0 2.0 2.0 2.0
	3Lz<	4.87	-2.22	< x	-5.0 -5.0 -5.0 -5.0 -5.0 -5.0 -5.0 -5.0 -5.0
	3F<+2T	5.81	-0.85	< x	-3.0 -3.0 -1.0 -2.0 -3.0 -2.0 0.0 -2.0 -2.0
	StSq3	3.3	0.52		0.0 0.0 1.0 2.0 3.0 1.0 2.0 3.0 2.0
	ChSq1	3.0	0.64		2.0 1.0 1.0 0.0 1.0 0.0 2.0 2.0 2.0
	CCoSp3	3.0	0.47		2.0 1.0 1.0 1.0 2.0 1.0 2.0 2.0 3.0
program components:
	Skating Skills	1.60 6.75 6.50 7.00 6.25 6.75 7.25 6.50 6.75 6.50 6.68
	Transitions	1.60 7.00 6.00 6.75 6.00 7.25 6.25 6.00 6.50 6.50 6.43
	Performance	1.60 7.25 6.50 7.25 6.25 7.50 6.75 6.50 7.00 6.50 6.82
	Composition	1.60 6.75 6.50 7.00 6.50 7.75 7.00 6.50 6.75 6.75 6.75
	Interpretation of the Music	1.60 7.00 6.25 7.00 6.25 7.50 7.00 6.75 7.00 6.75 6.82
deductions:
	falls: 1

name: Larkyn AUSTMAN
rank: 12
startingNbr: 11
elements:
	3Lo+2T	6.2	1.19		2.0 2.0 2.0 2.0 3.0 4.0 2.0 3.0 3.0
	3F<	3.98	-0.74	<	-3.0 -2.0 -2.0 -2.0 -2.0 -2.0 -1.0 -2.0 -1.0
	2A+2A+SEQ	5.28	0.9		3.0 3.0 3.0 2.0 2.0 3.0 2.0 3.0 3.0
	FSSp4	3.0	0.6		3.0 3.0 0.0 2.0 2.0 2.0 1.0 2.0 2.0
	3Lo<	3.68	-1.36	<	-5.0 -3.0 -3.0 -3.0 -5.0 -3.0 -4.0 -3.0 -5.0
	3S+2T+2Lo	7.3	0.55		1.0 1.0 1.0 1.0 1.0 2.0 1.0 2.0 2.0
	FCCoSp4	3.5	0.3		1.0 1.0 2.0 0.0 1.0 0.0 1.0 2.0 -1.0
	StSq4	3.9	1.06		3.0 2.0 3.0 1.0 3.0 3.0 3.0 3.0 2.0
	3T	4.62	0.84	x	1.0 1.0 3.0 2.0 2.0 2.0 2.0 3.0 2.0
	2S	1.43	0.07	x	0.0 1.0 0.0 0.0 0.0 0.0 1.0 2.0 2.0
	ChSq1	3.0	0.29		-1.0 0.0 1.0 -1.0 1.0 0.0 2.0 2.0 1.0
	CCoSp4	3.5	0.95		3.0 2.0 3.0 1.0 3.0 3.0 3.0 3.0 2.0
program components:
	Skating Skills	1.60 6.75 7.00 7.25 6.75 7.50 7.50 6.75 7.50 6.50 7.07
	Transitions	1.60 7.25 6.75 6.00 6.75 7.50 6.50 6.25 7.25 5.75 6.68
	Performance	1.60 7.50 7.00 7.00 7.25 7.25 7.25 6.75 7.50 6.00 7.14
	Composition	1.60 8.00 7.25 7.00 7.00 7.50 6.75 7.00 7.25 6.50 7.11
	Interpretation of the Music	1.60 7.75 7.00 6.75 6.75 7.50 7.25 7.00 7.50 6.50 7.11
deductions:

name: Alaine CHARTRAND
rank: 13
startingNbr: 2
elements:
	3Lz<	4.43	-1.02	<	-3.0 -2.0 -3.0 -2.0 -2.0 -2.0 -3.0 -2.0 0.0
	3F<	3.98	-1.82	<	-4.0 -2.0 -5.0 -5.0 -5.0 -4.0 -5.0 -4.0 -5.0
	2A<	2.48	-0.32	<	-1.0 -1.0 -1.0 -1.0 -2.0 0.0 -1.0 -2.0 -2.0
	FCCoSp4	3.5	0.95		3.0 3.0 2.0 3.0 1.0 3.0 2.0 3.0 3.0
	StSq3	3.3	0.75		2.0 1.0 2.0 3.0 3.0 2.0 2.0 2.0 3.0
	3Lo	4.9	-2.45		-5.0 -5.0 -5.0 -5.0 -5.0 -5.0 -5.0 -5.0 -5.0
	2A+1Eu+3S	8.91	0.25	x	0.0 1.0 0.0 0.0 0.0 1.0 2.0 2.0 0.0
	3Lz<+2T	6.3	-0.7	< x	-2.0 -2.0 -2.0 -1.0 -1.0 -1.0 -2.0 -2.0 -1.0
	3S<	3.55	-1.11	< x	-4.0 -2.0 -3.0 -4.0 -3.0 -4.0 -3.0 -3.0 -4.0
	ChSq1	3.0	1.14		3.0 3.0 2.0 1.0 3.0 1.0 2.0 3.0 2.0
	FCSSp4	3.0	0.73		4.0 3.0 3.0 2.0 2.0 2.0 1.0 2.0 3.0
	CCoSp4	3.5	0.65		3.0 1.0 2.0 1.0 2.0 2.0 2.0 2.0 2.0
program components:
	Skating Skills	1.60 7.75 7.25 6.75 6.75 7.50 7.25 7.00 6.75 7.25 7.11
	Transitions	1.60 7.25 6.00 6.50 6.00 7.00 6.75 6.50 6.25 7.00 6.57
	Performance	1.60 5.75 6.50 6.25 6.50 7.25 7.25 6.50 6.50 6.50 6.57
	Composition	1.60 7.00 6.75 7.00 6.75 7.50 7.25 7.00 6.75 7.50 7.04
	Interpretation of the Music	1.60 6.50 6.75 6.75 6.50 7.50 7.50 7.00 6.75 7.25 6.93
deductions:
	falls: 1

name: Ting CUI
rank: 14
startingNbr: 15
elements:
	2A	3.3	0.9		4.0 2.0 2.0 3.0 1.0 3.0 2.0 5.0 3.0
	3Lz+3T	10.1	-1.52		-4.0 -3.0 -3.0 -2.0 -3.0 -2.0 0.0 -3.0 -2.0
	3F	5.3	-2.65		-5.0 -5.0 -5.0 -5.0 -5.0 -5.0 -5.0 -5.0 -5.0
	2A+2T	4.6	0.09		-1.0 0.0 0.0 2.0 0.0 0.0 1.0 1.0 0.0
	CCoSp3	3.0	0.73		3.0 3.0 1.0 2.0 3.0 2.0 2.0 3.0 2.0
	FCSp4	3.2	0.55		2.0 2.0 2.0 1.0 1.0 0.0 2.0 2.0 2.0
	3Lz<	4.87	-2.22	< x	-5.0 -5.0 -5.0 -5.0 -5.0 -5.0 -5.0 -5.0 -5.0
	ChSq1	3.0	1.21		3.0 3.0 2.0 1.0 2.0 1.0 3.0 3.0 3.0
	3Lo<	4.05	-0.37	< x	-2.0 1.0 0.0 0.0 -2.0 -1.0 0.0 -2.0 -2.0
	3F+REP	4.08	-2.65	x	-5.0 -5.0 -5.0 -5.0 -5.0 -5.0 -5.0 -5.0 -5.0
	StSq3	3.3	0.57		0.0 3.0 1.0 1.0 2.0 0.0 2.0 4.0 3.0
	FCCoSp3V	2.25	0.0		-2.0 -1.0 0.0 -1.0 0.0 0.0 1.0 1.0 1.0
program components:
	Skating Skills	1.60 7.50 7.50 7.00 7.00 6.75 7.25 7.75 8.00 7.00 7.29
	Transitions	1.60 6.75 7.00 6.75 7.25 7.00 7.00 7.25 7.50 7.00 7.04
	Performance	1.60 5.75 6.75 6.50 6.75 7.00 6.50 7.00 7.75 6.50 6.71
	Composition	1.60 7.00 7.25 6.75 7.00 7.25 7.00 7.25 8.00 7.00 7.11
	Interpretation of the Music	1.60 6.25 7.00 6.50 7.50 7.25 6.75 7.50 8.00 7.25 7.11
deductions:
	falls: 3

name: Hongyi CHEN
rank: 15
startingNbr: 10
elements:
	2A+3T<+2T	7.75	-0.24	<	0.0 -1.0 -2.0 0.0 -2.0 0.0 0.0 -2.0 0.0
	2A<+3T<	5.63	-0.81	<	-4.0 -1.0 -4.0 -3.0 -3.0 -3.0 -1.0 -2.0 -2.0
	3F<	3.98	-1.02	!	-4.0 -2.0 -3.0 -3.0 -2.0 -1.0 -3.0 -1.0 -5.0
	3Lo	4.9	0.49		1.0 0.0 1.0 1.0 0.0 2.0 1.0 3.0 1.0
	LSp4	2.7	0.62		2.0 1.0 2.0 4.0 2.0 2.0 2.0 3.0 3.0
	StSq3	3.3	0.19		0.0 1.0 0.0 0.0 0.0 0.0 1.0 2.0 2.0
	3Lz<<	2.31	-0.87	<< x	-5.0 -5.0 -3.0 -4.0 -5.0 -4.0 -3.0 -3.0 -5.0
	3Lz<+REP	3.41	-2.22	< x	-5.0 -5.0 -5.0 -5.0 -5.0 -5.0 -5.0 -5.0 -5.0
	CCoSp3	3.0	-0.04		-1.0 0.0 0.0 -1.0 -2.0 0.0 1.0 1.0 0.0
	3S+2T	6.16	0.61	x	2.0 0.0 1.0 1.0 -1.0 2.0 2.0 2.0 2.0
	ChSq1	3.0	0.36		1.0 1.0 1.0 -1.0 1.0 0.0 0.0 1.0 2.0
	FCCoSp4	3.5	0.45		1.0 0.0 1.0 0.0 2.0 1.0 2.0 3.0 2.0
program components:
	Skating Skills	1.60 6.00 6.25 6.50 6.00 6.75 6.25 6.25 6.75 6.50 6.36
	Transitions	1.60 5.00 6.00 6.00 5.75 7.00 5.75 6.00 6.50 6.00 6.00
	Performance	1.60 5.25 6.25 6.25 6.00 7.00 6.25 6.00 6.75 6.25 6.25
	Composition	1.60 5.25 6.25 6.25 6.25 7.00 6.25 6.25 6.75 6.50 6.36
	Interpretation of the Music	1.60 5.00 6.25 6.00 6.25 7.25 5.75 6.50 6.50 6.25 6.21
deductions:
	falls: 1

name: Isadora WILLIAMS
rank: 16
startingNbr: 3
elements:
	3Lz+2T	7.2	0.25		-1.0 0.0 1.0 0.0 0.0 0.0 1.0 1.0 1.0
	2A+1Eu<+2S	4.98	-0.42	<	-2.0 -1.0 -1.0 -1.0 -1.0 -2.0 -1.0 -2.0 -1.0
	3F	5.3	-2.65		-5.0 -5.0 -5.0 -5.0 -5.0 -5.0 -5.0 -5.0 -5.0
	LSp4	2.7	0.0		-1.0 0.0 0.0 -2.0 -1.0 0.0 1.0 1.0 1.0
	StSq2	2.6	0.3		2.0 1.0 1.0 1.0 3.0 1.0 1.0 1.0 1.0
	1Lo	0.5	-0.02		-1.0 0.0 0.0 -1.0 -1.0 0.0 0.0 0.0 -2.0
	3Lz	6.49	0.17	x	-1.0 1.0 1.0 0.0 0.0 0.0 0.0 1.0 0.0
	ChSq1	3.0	0.29		-1.0 1.0 1.0 -1.0 1.0 1.0 0.0 1.0 1.0
	3S+2T	6.16	0.12	x	0.0 1.0 0.0 0.0 0.0 0.0 1.0 0.0 1.0
	1A	1.21	0.0	x	0.0 1.0 0.0 0.0 -1.0 0.0 0.0 0.0 0.0
	CCoSp3V	2.25	0.16		0.0 0.0 2.0 0.0 1.0 1.0 0.0 2.0 1.0
	FSSp4	3.0	0.04		-2.0 0.0 1.0 0.0 0.0 0.0 1.0 1.0 -1.0
program components:
	Skating Skills	1.60 5.75 6.50 6.50 5.25 6.75 5.75 5.75 6.00 6.25 6.07
	Transitions	1.60 5.50 6.25 6.00 5.50 7.00 5.25 5.25 5.50 5.75 5.68
	Performance	1.60 5.50 6.25 6.25 5.25 6.75 5.50 5.75 6.00 5.50 5.82
	Composition	1.60 6.50 6.50 6.50 5.50 7.00 5.75 6.00 5.75 6.50 6.21
	Interpretation of the Music	1.60 6.00 6.25 6.25 5.25 7.00 5.50 6.25 6.00 6.00 6.04
deductions:
	falls: 1

name: Kailani CRAINE
rank: 17
startingNbr: 13
elements:
	3F<	3.98	-1.76	<	-5.0 -4.0 -3.0 -4.0 -5.0 -5.0 -5.0 -3.0 -5.0
	3F+2T	6.6	-0.76		-1.0 -1.0 0.0 -3.0 -2.0 -1.0 -2.0 -2.0 -1.0
	3Lo+1Eu<+2S	6.58	-1.05	<	-2.0 -2.0 -2.0 -3.0 -3.0 -2.0 -1.0 -2.0 -2.0
	2A	3.3	0.28		0.0 1.0 1.0 1.0 0.0 1.0 1.0 1.0 2.0
	FCCoSp4	3.5	0.6		3.0 2.0 2.0 0.0 1.0 1.0 2.0 3.0 1.0
	3Lze<<	1.74	-0.79	x	-5.0 -5.0 -5.0 -5.0 -5.0 -5.0 -5.0 -5.0 -5.0
	1Lo	0.55	0.0	x	0.0 0.0 0.0 -1.0 0.0 0.0 0.0 0.0 0.0
	ChSq1	3.0	0.43		1.0 1.0 1.0 0.0 1.0 0.0 0.0 2.0 2.0
	1A	1.21	0.0	x	0.0 0.0 0.0 0.0 0.0 0.0 0.0 0.0 -1.0
	CCoSp4	3.5	0.4		1.0 1.0 2.0 1.0 1.0 1.0 1.0 1.0 2.0
	StSq2	2.6	0.33		1.0 2.0 1.0 1.0 1.0 2.0 1.0 2.0 1.0
	LSp4	2.7	0.58		2.0 2.0 2.0 3.0 2.0 2.0 2.0 3.0 2.0
program components:
	Skating Skills	1.60 6.50 7.00 6.50 6.25 6.75 7.25 6.75 6.50 6.25 6.61
	Transitions	1.60 4.75 6.75 6.00 6.25 6.75 6.50 6.25 6.25 6.50 6.36
	Performance	1.60 5.50 6.75 6.50 6.25 7.50 6.50 6.50 6.75 5.75 6.43
	Composition	1.60 5.25 7.00 7.00 6.75 7.00 6.50 6.50 6.50 6.25 6.64
	Interpretation of the Music	1.60 5.50 7.00 6.75 6.50 7.25 7.00 6.25 6.75 6.50 6.68
deductions:
	falls: 1

name: Amy LIN
rank: 18
startingNbr: 4
elements:
	3Lz<	4.43	-1.39	<	-4.0 -2.0 -4.0 -3.0 -3.0 -3.0 -3.0 -3.0 -3.0
	3T+2T	5.5	-0.72		-3.0 -2.0 -1.0 -1.0 -1.0 -1.0 -1.0 -3.0 -3.0
	3T	4.2	-1.38		-4.0 -3.0 -3.0 -2.0 -3.0 -3.0 -3.0 -4.0 -4.0
	FSSp4	3.0	0.34		3.0 2.0 1.0 1.0 1.0 0.0 1.0 1.0 1.0
	2A+1Eu+2S	5.1	0.09		0.0 0.0 0.0 1.0 0.0 0.0 1.0 2.0 -1.0
	ChSq1	3.0	0.0		-2.0 0.0 0.0 0.0 -1.0 0.0 0.0 1.0 1.0
	2S	1.43	0.0	x	-1.0 0.0 0.0 0.0 0.0 0.0 0.0 1.0 0.0
	3S<	3.55	-0.6	< x	-2.0 -2.0 -2.0 -1.0 -1.0 -2.0 -2.0 -2.0 -2.0
	2A	3.63	0.09	x	0.0 1.0 0.0 1.0 0.0 0.0 0.0 1.0 0.0
	StSq2	2.6	0.37		1.0 1.0 1.0 2.0 2.0 2.0 1.0 0.0 2.0
	FCCoSp3	3.0	0.47		1.0 0.0 2.0 2.0 1.0 2.0 1.0 2.0 2.0
	CCoSp4	3.5	0.1		-1.0 1.0 0.0 1.0 0.0 -1.0 1.0 0.0 1.0
program components:
	Skating Skills	1.60 6.75 6.25 6.25 6.25 6.75 5.50 6.25 6.25 6.00 6.29
	Transitions	1.60 6.25 5.75 5.50 5.50 5.00 4.50 5.75 5.50 5.50 5.50
	Performance	1.60 5.75 6.00 6.00 6.00 6.00 5.25 6.00 5.75 5.75 5.89
	Composition	1.60 6.00 6.25 6.25 6.25 5.25 4.75 6.00 6.25 6.00 6.00
	Interpretation of the Music	1.60 5.00 6.00 6.00 6.00 5.75 5.25 6.25 6.00 6.00 5.86
deductions:

name: Alisson Krystle PERTICHETO
rank: 19
startingNbr: 8
elements:
	3F	5.3	-2.65		-5.0 -5.0 -5.0 -5.0 -5.0 -5.0 -5.0 -5.0 -5.0
	3T+1Eu+2S	6.0	0.0		0.0 0.0 0.0 0.0 -2.0 0.0 2.0 2.0 -2.0
	2A+2T	4.6	0.05		0.0 0.0 0.0 0.0 0.0 0.0 1.0 1.0 0.0
	3Lo<<	1.7	-0.75	<<	-4.0 -5.0 -4.0 -3.0 -5.0 -5.0 -4.0 -4.0 -5.0
	CCoSp4	3.5	0.25		0.0 1.0 0.0 0.0 1.0 0.0 1.0 2.0 2.0
	2A+2T	5.06	0.14	x	0.0 1.0 0.0 0.0 0.0 0.0 1.0 1.0 1.0
	3S	4.73	0.25	x	1.0 -1.0 0.0 0.0 0.0 1.0 1.0 1.0 1.0
	3T<	3.47	-1.22	< x	-4.0 -3.0 -4.0 -3.0 -4.0 -5.0 -4.0 -2.0 -5.0
	StSq2	2.6	0.52		2.0 2.0 1.0 2.0 3.0 2.0 1.0 3.0 2.0
	ChSq1	3.0	0.14		0.0 0.0 0.0 -1.0 1.0 1.0 -1.0 1.0 1.0
	FCCoSp3	3.0	0.04		0.0 0.0 1.0 0.0 0.0 0.0 0.0 2.0 0.0
	LSp2	1.9	0.03		0.0 -1.0 1.0 0.0 0.0 0.0 0.0 3.0 0.0
program components:
	Skating Skills	1.60 5.75 6.25 5.75 5.75 6.50 5.50 5.75 5.75 5.50 5.79
	Transitions	1.60 5.25 5.75 5.00 5.00 5.50 4.75 5.25 5.00 4.75 5.11
	Performance	1.60 6.00 6.00 5.75 5.25 6.50 5.00 6.00 6.00 5.00 5.71
	Composition	1.60 5.25 6.25 5.50 5.25 6.75 5.25 6.00 5.75 5.00 5.61
	Interpretation of the Music	1.60 5.50 6.00 5.25 5.50 6.50 5.25 6.25 6.00 5.25 5.68
deductions:
	falls: 1

name: Andrea MONTESINOS CANTU
rank: 20
startingNbr: 1
elements:
	3Lz+2T	7.2	1.01		2.0 1.0 0.0 1.0 3.0 2.0 1.0 3.0 2.0
	2A+1Eu<+2S	4.98	-0.42	<	-2.0 -2.0 -1.0 -3.0 0.0 0.0 -1.0 -2.0 -1.0
	3S	4.3	-2.15		-5.0 -5.0 -5.0 -5.0 -5.0 -5.0 -5.0 -5.0 -5.0
	StSq2	2.6	0.07		0.0 1.0 0.0 0.0 1.0 0.0 1.0 0.0 0.0
	2Lz	2.1	0.18		2.0 2.0 0.0 0.0 1.0 0.0 1.0 1.0 1.0
	3Lo<	4.05	-1.84	< x	-5.0 -5.0 -5.0 -5.0 -5.0 -5.0 -5.0 -5.0 -5.0
	3S+REP	3.31	-1.54	x	-4.0 -3.0 -3.0 -3.0 -4.0 -3.0 -4.0 -4.0 -4.0
	FCCoSp4	3.5	0.5		2.0 2.0 1.0 1.0 1.0 2.0 1.0 2.0 1.0
	1A	1.21	0.0	x	-1.0 0.0 0.0 0.0 0.0 0.0 0.0 0.0 0.0
	ChSq1	3.0	0.0		-2.0 1.0 0.0 -1.0 0.0 0.0 0.0 1.0 0.0
	CCoSp3	3.0	0.34		2.0 2.0 0.0 2.0 0.0 0.0 1.0 2.0 1.0
	LSp4	2.7	0.46		3.0 2.0 1.0 1.0 1.0 1.0 2.0 3.0 2.0
program components:
	Skating Skills	1.60 6.25 6.50 6.00 5.50 7.00 5.75 5.75 6.00 5.50 5.96
	Transitions	1.60 4.75 6.00 5.50 5.00 5.50 5.25 5.00 5.50 5.00 5.25
	Performance	1.60 5.25 6.25 5.50 5.25 6.00 5.25 5.50 6.25 5.25 5.57
	Composition	1.60 5.00 6.50 5.75 5.25 6.00 5.00 6.25 6.00 5.50 5.68
	Interpretation of the Music	1.60 4.75 6.50 5.50 5.00 6.25 5.25 6.00 6.00 5.75 5.68
deductions:
	falls: 2

name: Joanna SO
rank: 21
startingNbr: 5
elements:
	3T+2T	5.5	0.66		3.0 2.0 1.0 1.0 1.0 1.0 0.0 3.0 2.0
	3Lo<	3.68	-1.05	<	-3.0 -3.0 -3.0 -3.0 -3.0 -2.0 -3.0 -2.0 -3.0
	LSp3	2.4	0.31		1.0 1.0 1.0 2.0 0.0 1.0 2.0 2.0 1.0
	ChSq1	3.0	-0.07		-2.0 1.0 0.0 -1.0 0.0 0.0 0.0 0.0 0.0
	2S	1.3	0.02		0.0 0.0 0.0 0.0 0.0 0.0 0.0 1.0 1.0
	3T<	3.15	-1.53	<	-5.0 -4.0 -5.0 -5.0 -5.0 -5.0 -5.0 -4.0 -5.0
	3S<	3.55	-1.62	< x	-5.0 -5.0 -5.0 -5.0 -5.0 -5.0 -5.0 -5.0 -5.0
	2A	3.63	-0.14	x	-2.0 -2.0 -1.0 0.0 0.0 -1.0 1.0 2.0 0.0
	StSq2	2.6	-0.33		-3.0 -1.0 -1.0 -1.0 -3.0 -2.0 0.0 0.0 -1.0
	2A	3.63	-1.18	x	-4.0 -2.0 -3.0 -3.0 -5.0 -2.0 -5.0 -4.0 -4.0
	CCoSp	0.0	0.0		0.0 0.0 0.0 0.0 0.0 0.0 0.0 0.0 0.0
program components:
	Skating Skills	1.60 4.75 6.00 5.75 5.75 5.50 5.25 5.75 5.50 5.50 5.57
	Transitions	1.60 5.00 5.25 5.00 5.50 5.25 4.25 5.00 5.00 5.00 5.07
	Performance	1.60 3.75 5.50 5.25 5.00 4.00 4.50 5.00 5.25 4.75 4.82
	Composition	1.60 5.00 5.75 5.50 5.25 5.25 4.50 5.25 5.75 5.50 5.36
	Interpretation of the Music	1.60 4.50 5.50 5.00 5.00 4.75 4.25 5.25 5.50 5.00 5.00
deductions:
	falls: 1

