event name: ISU Four Continents Championships 2019
event type: MEN FREE SKATING
name: Shoma UNO
rank: 1
startingNbr: 19
elements:
	4F	11.0	2.67		2.0 3.0 2.0 2.0 3.0 3.0 3.0 2.0 0.0
	4T	9.5	2.58		3.0 2.0 3.0 2.0 4.0 3.0 3.0 3.0 1.0
	3Lo	4.9	0.91		2.0 1.0 1.0 2.0 2.0 3.0 1.0 3.0 2.0
	FCSp4	3.2	1.1		3.0 3.0 3.0 4.0 3.0 4.0 4.0 3.0 4.0
	FCCoSp4	3.5	1.1		3.0 3.0 2.0 3.0 4.0 3.0 3.0 3.0 4.0
	ChSq1	3.0	1.79		4.0 4.0 3.0 3.0 4.0 5.0 3.0 2.0 4.0
	4T+2T	10.8	2.71		3.0 3.0 2.0 3.0 4.0 3.0 2.0 3.0 3.0
	3A	8.8	2.63	x	3.0 3.0 4.0 4.0 3.0 4.0 3.0 3.0 3.0
	3A+1Eu+3F	15.18	-1.03	x	-1.0 -1.0 -1.0 -1.0 -2.0 -2.0 -1.0 2.0 -2.0
	3S+3T	9.35	0.49	x	1.0 1.0 1.0 2.0 2.0 1.0 0.0 2.0 0.0
	StSq4	3.9	1.5		4.0 4.0 4.0 4.0 4.0 5.0 4.0 3.0 3.0
	CCoSp4	3.5	1.4		4.0 4.0 3.0 4.0 4.0 5.0 4.0 3.0 5.0
program components:
	Skating Skills	2.00 9.25 9.25 9.25 9.50 9.25 9.50 9.50 8.75 9.00 9.29
	Transitions	2.00 9.00 9.00 9.00 9.00 9.25 9.50 9.25 8.75 8.75 9.04
	Performance	2.00 9.25 9.50 9.25 9.50 9.75 10.00 9.75 9.00 9.00 9.43
	Composition	2.00 9.25 9.25 9.25 9.25 9.50 9.50 9.50 9.00 8.75 9.29
	Interpretation of the Music	2.00 9.50 9.25 9.25 9.50 9.75 9.75 9.50 9.00 9.00 9.39
deductions:

name: Boyang JIN
rank: 2
startingNbr: 24
elements:
	4Lz	11.5	-2.14		-1.0 -3.0 -2.0 -1.0 -2.0 -1.0 -2.0 -3.0 -2.0
	4T+2T	10.8	0.81		2.0 1.0 1.0 0.0 1.0 0.0 0.0 2.0 1.0
	3A+1Eu+3S	12.8	1.6		2.0 2.0 1.0 2.0 3.0 2.0 0.0 3.0 2.0
	FCSp3	2.8	0.64		2.0 3.0 3.0 2.0 2.0 2.0 2.0 2.0 3.0
	StSq4	3.9	1.0		2.0 3.0 3.0 2.0 3.0 2.0 2.0 3.0 3.0
	4T	9.5	1.76		2.0 2.0 2.0 3.0 1.0 1.0 1.0 2.0 3.0
	3A	8.8	2.4	x	3.0 3.0 3.0 3.0 3.0 3.0 3.0 4.0 3.0
	3Lz+3T	11.11	0.67	x	0.0 1.0 1.0 1.0 1.0 2.0 2.0 3.0 -1.0
	3F	5.83	0.76	x	1.0 2.0 2.0 0.0 0.0 1.0 2.0 3.0 2.0
	CSSp4	3.0	0.64		2.0 3.0 2.0 2.0 3.0 1.0 1.0 3.0 2.0
	CCoSp4	3.5	0.65		2.0 3.0 2.0 1.0 2.0 0.0 1.0 3.0 2.0
	ChSq1	3.0	1.71		3.0 4.0 4.0 3.0 3.0 1.0 3.0 4.0 4.0
program components:
	Skating Skills	2.00 8.50 8.50 8.75 8.25 9.00 8.25 8.50 8.25 8.75 8.50
	Transitions	2.00 8.25 7.75 8.25 7.25 8.25 7.75 8.00 8.50 8.25 8.07
	Performance	2.00 8.75 8.75 8.75 8.25 8.75 8.50 8.50 8.25 8.75 8.61
	Composition	2.00 8.75 8.50 8.75 8.00 8.50 8.25 8.25 8.00 8.75 8.43
	Interpretation of the Music	2.00 8.75 8.75 8.50 8.00 8.75 8.25 8.50 8.25 8.75 8.54
deductions:

name: Keegan MESSING
rank: 3
startingNbr: 20
elements:
	3Lz	5.9	2.19		4.0 3.0 3.0 4.0 4.0 4.0 4.0 3.0 4.0
	4T	9.5	2.58		3.0 3.0 2.0 3.0 3.0 2.0 2.0 3.0 3.0
	3A+2T	9.3	2.06		3.0 3.0 2.0 3.0 3.0 2.0 2.0 3.0 2.0
	FSSp4	3.0	1.16		3.0 4.0 3.0 4.0 5.0 3.0 5.0 4.0 4.0
	3Lo	4.9	1.19		2.0 3.0 2.0 3.0 3.0 2.0 2.0 2.0 3.0
	StSq3	3.3	1.18		3.0 4.0 4.0 3.0 4.0 3.0 4.0 3.0 4.0
	4T+2T	11.88	-0.14	x	0.0 0.0 -1.0 -1.0 -1.0 0.0 0.0 2.0 1.0
	3S+3T	9.35	0.37	x	0.0 1.0 1.0 0.0 1.0 1.0 0.0 2.0 2.0
	3A	8.8	0.8	x	0.0 0.0 0.0 1.0 2.0 1.0 1.0 2.0 2.0
	FCCoSp3	3.0	0.86		2.0 4.0 2.0 3.0 3.0 3.0 3.0 3.0 3.0
	ChSq1	3.0	1.86		4.0 4.0 5.0 4.0 4.0 3.0 4.0 3.0 3.0
	CCoSp4	3.5	1.55		4.0 4.0 5.0 5.0 4.0 4.0 4.0 5.0 5.0
program components:
	Skating Skills	2.00 9.00 8.50 8.50 9.00 9.00 9.00 9.00 8.75 9.00 8.89
	Transitions	2.00 8.75 8.25 8.50 8.50 8.75 8.50 8.50 8.75 8.75 8.61
	Performance	2.00 9.00 8.75 8.75 8.75 9.25 9.00 9.00 9.00 8.75 8.89
	Composition	2.00 9.00 9.00 8.75 9.00 8.75 8.75 9.00 8.75 9.00 8.89
	Interpretation of the Music	2.00 9.00 9.00 8.75 9.00 9.00 8.75 9.00 8.75 8.75 8.89
deductions:

name: Jason BROWN
rank: 4
startingNbr: 21
elements:
	4S<	7.28	-3.54	<	-5.0 -5.0 -4.0 -5.0 -4.0 -5.0 -5.0 -5.0 -5.0
	3A+3T	12.2	2.51		3.0 3.0 3.0 4.0 3.0 3.0 2.0 3.0 4.0
	3S	4.3	1.23		2.0 3.0 3.0 3.0 3.0 3.0 2.0 3.0 4.0
	FCSp4	3.2	1.23		4.0 4.0 4.0 3.0 4.0 4.0 4.0 3.0 4.0
	ChSq1	3.0	2.21		4.0 2.0 5.0 5.0 5.0 5.0 4.0 3.0 5.0
	3Lo	4.9	0.7		0.0 2.0 1.0 1.0 2.0 2.0 2.0 2.0 0.0
	3A<	6.6	-1.71	< x	-3.0 -4.0 -1.0 -3.0 -2.0 -4.0 -3.0 0.0 -4.0
	3F+3T	10.45	1.29	x	2.0 2.0 3.0 2.0 3.0 3.0 2.0 2.0 3.0
	3Lz+2Lo+2Lo	10.23	1.77	x	1.0 2.0 3.0 4.0 4.0 3.0 3.0 3.0 3.0
	FCCoSp4	3.5	1.25		4.0 3.0 4.0 3.0 4.0 3.0 4.0 3.0 4.0
	StSq4	3.9	1.11		2.0 3.0 4.0 2.0 4.0 2.0 3.0 4.0 2.0
	CCoSp4	3.5	1.35		3.0 4.0 4.0 4.0 4.0 4.0 3.0 4.0 4.0
program components:
	Skating Skills	2.00 8.75 9.00 9.00 9.25 8.75 9.50 8.75 9.00 9.00 8.96
	Transitions	2.00 8.75 8.75 8.75 8.75 9.25 9.25 8.50 8.75 9.00 8.86
	Performance	2.00 9.00 8.75 8.75 8.75 9.50 9.25 8.75 9.00 8.75 8.89
	Composition	2.00 9.00 9.25 9.00 9.25 9.25 9.25 9.00 8.75 9.00 9.11
	Interpretation of the Music	2.00 9.00 9.00 9.00 9.25 9.75 9.50 9.00 9.00 8.75 9.11
deductions:

name: Vincent ZHOU
rank: 5
startingNbr: 22
elements:
	4Lz+3T<	14.65	0.49	<	1.0 0.0 -1.0 0.0 2.0 0.0 -1.0 1.0 2.0
	4S<	7.28	-0.52	<	0.0 -1.0 -1.0 -2.0 1.0 -1.0 -3.0 0.0 0.0
	3F	5.3	1.36		1.0 3.0 2.0 3.0 3.0 2.0 3.0 2.0 4.0
	4T<	7.13	-0.51	<	-1.0 -1.0 -1.0 -2.0 0.0 0.0 -3.0 0.0 1.0
	ChSq1	3.0	1.43		3.0 3.0 4.0 3.0 4.0 2.0 2.0 2.0 3.0
	3A+2T	10.23	-1.37	x	-2.0 -1.0 -1.0 -3.0 -2.0 -1.0 -2.0 -1.0 -3.0
	3A	8.8	2.06	x	2.0 3.0 3.0 2.0 3.0 3.0 2.0 2.0 3.0
	FCSp4	3.2	0.73		2.0 3.0 3.0 2.0 2.0 2.0 2.0 0.0 3.0
	FCCoSp4	3.5	0.7		2.0 2.0 2.0 3.0 2.0 1.0 0.0 2.0 3.0
	3Lz+1Eu+3F	12.87	0.34	x	1.0 0.0 1.0 0.0 2.0 2.0 0.0 0.0 -2.0
	StSq3	3.3	0.9		2.0 2.0 4.0 2.0 3.0 2.0 4.0 3.0 3.0
	CSSp4	3.0	0.69		2.0 2.0 3.0 3.0 2.0 2.0 0.0 2.0 3.0
program components:
	Skating Skills	2.00 8.25 8.25 8.75 8.00 8.75 8.50 8.25 8.25 8.50 8.39
	Transitions	2.00 8.00 7.75 8.50 7.25 8.50 7.75 8.00 8.00 8.50 8.07
	Performance	2.00 8.25 8.50 8.75 8.25 9.00 8.75 8.00 8.00 8.75 8.46
	Composition	2.00 8.25 8.25 8.75 7.75 8.75 8.25 8.50 8.25 8.50 8.39
	Interpretation of the Music	2.00 8.25 8.50 8.75 7.75 9.00 8.25 8.25 8.25 8.75 8.43
deductions:

name: Keiji TANAKA
rank: 6
startingNbr: 18
elements:
	4S+2T	11.0	2.08		2.0 2.0 2.0 3.0 3.0 1.0 1.0 2.0 3.0
	4S	9.7	2.77		3.0 3.0 3.0 3.0 4.0 3.0 2.0 2.0 3.0
	3A+3T	12.2	1.26		1.0 1.0 1.0 2.0 2.0 2.0 2.0 3.0 1.0
	CSSp4	3.0	0.69		3.0 3.0 2.0 3.0 2.0 1.0 1.0 2.0 4.0
	StSq3	3.3	1.13		3.0 4.0 4.0 4.0 4.0 3.0 2.0 3.0 3.0
	3A	8.0	1.03		1.0 0.0 0.0 1.0 3.0 2.0 2.0 3.0 0.0
	2F	1.98	0.13	x	0.0 0.0 1.0 1.0 1.0 0.0 2.0 1.0 1.0
	3Lz+1Eu+1S	7.48	0.25	x	0.0 0.0 1.0 0.0 1.0 1.0 0.0 2.0 -1.0
	FCSp3	2.8	0.48		1.0 3.0 2.0 2.0 1.0 1.0 0.0 2.0 3.0
	3Lo	5.39	1.19	x	2.0 2.0 3.0 3.0 3.0 3.0 1.0 1.0 3.0
	ChSq1	3.0	1.79		4.0 4.0 4.0 4.0 4.0 3.0 3.0 3.0 3.0
	CCoSp4	3.5	0.9		2.0 3.0 3.0 3.0 2.0 2.0 2.0 3.0 4.0
program components:
	Skating Skills	2.00 8.50 8.25 8.25 8.25 8.25 8.50 8.25 8.00 8.25 8.29
	Transitions	2.00 8.25 7.75 8.00 7.75 7.75 8.25 8.25 7.75 8.00 7.96
	Performance	2.00 8.50 8.50 8.25 8.25 8.50 8.75 8.75 8.25 8.50 8.46
	Composition	2.00 8.50 8.50 8.25 7.75 7.75 8.50 8.50 8.00 8.00 8.21
	Interpretation of the Music	2.00 8.50 8.50 8.50 8.00 8.00 8.50 8.75 8.25 8.25 8.36
deductions:

name: Tomoki HIWATASHI
rank: 7
startingNbr: 16
elements:
	4T+3T	13.7	1.36		0.0 0.0 1.0 2.0 2.0 2.0 1.0 2.0 3.0
	3A+2T	9.3	1.71		1.0 1.0 1.0 3.0 2.0 3.0 3.0 2.0 3.0
	3A	8.0	-0.11		0.0 -1.0 0.0 -1.0 0.0 0.0 0.0 1.0 0.0
	3S	4.3	1.17		1.0 2.0 2.0 3.0 3.0 3.0 3.0 3.0 4.0
	FCSp4	3.2	0.46		1.0 0.0 2.0 0.0 1.0 2.0 2.0 2.0 3.0
	3Lz<	4.87	-0.38	< x	-2.0 -2.0 -1.0 -1.0 -1.0 0.0 -1.0 0.0 1.0
	3Lz+1Eu+3F<	11.42	-0.42	< x	-2.0 -1.0 -1.0 -1.0 1.0 -1.0 -2.0 0.0 1.0
	CSSp4	3.0	0.47		1.0 1.0 1.0 2.0 2.0 2.0 2.0 1.0 3.0
	ChSq1	3.0	1.29		2.0 3.0 2.0 2.0 3.0 3.0 3.0 2.0 3.0
	3Lo	5.39	0.7	x	0.0 2.0 1.0 0.0 2.0 2.0 1.0 2.0 3.0
	StSq3	3.3	1.08		3.0 3.0 3.0 3.0 4.0 3.0 4.0 3.0 4.0
	CCoSp4	3.5	1.05		3.0 3.0 2.0 2.0 3.0 3.0 4.0 3.0 4.0
program components:
	Skating Skills	2.00 8.00 7.50 7.75 7.25 8.00 8.00 8.25 8.00 8.00 7.89
	Transitions	2.00 8.00 7.00 7.25 7.50 7.75 8.50 8.25 7.50 7.75 7.71
	Performance	2.00 8.25 7.50 7.50 7.75 8.00 8.75 8.50 7.75 8.00 7.96
	Composition	2.00 8.00 7.75 7.75 7.75 7.75 8.50 8.50 7.50 7.75 7.89
	Interpretation of the Music	2.00 8.00 7.75 7.50 7.25 7.50 8.25 8.50 7.50 8.00 7.79
deductions:

name: Junhwan CHA
rank: 8
startingNbr: 23
elements:
	4T<	7.13	-2.85	<	-4.0 -4.0 -4.0 -5.0 -3.0 -4.0 -4.0 -3.0 -5.0
	4S<	7.28	-0.21	<	0.0 0.0 -1.0 -1.0 1.0 -1.0 -3.0 1.0 0.0
	3Lz+3Lo	10.8	1.77		3.0 3.0 2.0 4.0 3.0 3.0 3.0 3.0 3.0
	StSq4	3.9	1.39		4.0 3.0 4.0 3.0 4.0 3.0 3.0 4.0 4.0
	FCSp4	3.2	0.82		2.0 2.0 2.0 3.0 3.0 3.0 2.0 3.0 3.0
	ChSq1	3.0	1.5		4.0 3.0 3.0 3.0 3.0 3.0 2.0 3.0 3.0
	3A<+2T	7.3	-0.86	<	-1.0 -2.0 -1.0 -2.0 0.0 -2.0 -2.0 0.0 -2.0
	3A<	6.6	-0.43	< x	0.0 0.0 -1.0 -2.0 1.0 0.0 -2.0 0.0 -2.0
	3F+1Eu<+3S<	9.8	-1.74	< x	-4.0 -3.0 -3.0 -5.0 -2.0 -3.0 -3.0 -2.0 -5.0
	3Lo	5.39	1.26	x	2.0 3.0 2.0 4.0 2.0 3.0 1.0 3.0 3.0
	CCoSp4	3.5	1.15		4.0 3.0 3.0 3.0 3.0 4.0 2.0 3.0 4.0
	CSSp4	3.0	0.86		4.0 3.0 2.0 3.0 3.0 3.0 2.0 3.0 3.0
program components:
	Skating Skills	2.00 9.00 8.50 8.50 8.50 8.25 8.25 8.75 8.75 8.25 8.50
	Transitions	2.00 9.00 8.25 8.25 8.00 8.00 8.50 8.50 8.50 8.00 8.29
	Performance	2.00 9.25 8.50 8.75 8.25 8.75 8.25 8.00 8.75 8.25 8.50
	Composition	2.00 9.25 8.75 8.75 8.50 8.50 8.50 8.75 8.75 8.00 8.64
	Interpretation of the Music	2.00 9.25 8.50 8.50 8.50 8.75 8.25 8.50 8.75 8.25 8.54
deductions:

name: Brendan KERRY
rank: 9
startingNbr: 14
elements:
	4T	9.5	-0.81		-1.0 -1.0 -1.0 -1.0 -2.0 0.0 -2.0 2.0 0.0
	4T+2T	10.8	-1.22		-1.0 -1.0 -1.0 -1.0 -2.0 -2.0 -2.0 1.0 -1.0
	2A	3.3	0.42		0.0 1.0 0.0 1.0 2.0 2.0 1.0 2.0 2.0
	CCSp4	3.2	0.37		1.0 2.0 2.0 2.0 0.0 0.0 0.0 1.0 2.0
	StSq3	3.3	0.61		2.0 2.0 2.0 2.0 1.0 1.0 2.0 2.0 2.0
	3A+2T	9.3	1.6		2.0 2.0 2.0 2.0 2.0 2.0 0.0 2.0 2.0
	3A	8.8	2.06	x	2.0 2.0 3.0 3.0 2.0 3.0 1.0 3.0 3.0
	2Lz+1Eu+3S	7.59	-0.12	x	0.0 0.0 0.0 -1.0 -1.0 0.0 0.0 1.0 -1.0
	3Lo	5.39	-0.56	x	-1.0 -1.0 -1.0 -1.0 -2.0 -1.0 -2.0 1.0 -1.0
	ChSq1	3.0	1.57		3.0 3.0 4.0 2.0 4.0 2.0 3.0 3.0 4.0
	CCoSp3	3.0	0.51		1.0 2.0 2.0 2.0 2.0 1.0 1.0 2.0 3.0
	FSSp2	2.3	0.3		2.0 2.0 1.0 3.0 1.0 0.0 1.0 1.0 1.0
program components:
	Skating Skills	2.00 8.00 7.50 7.50 7.25 7.25 7.50 7.50 7.50 7.25 7.43
	Transitions	2.00 7.75 7.00 7.25 6.25 6.75 6.75 7.25 7.25 7.00 7.04
	Performance	2.00 8.00 7.25 7.75 7.25 7.50 7.25 7.75 7.50 7.25 7.46
	Composition	2.00 8.00 7.50 7.50 7.00 7.00 7.25 7.50 7.50 7.00 7.32
	Interpretation of the Music	2.00 8.25 7.50 7.50 7.00 7.25 7.50 7.75 7.50 7.25 7.46
deductions:

name: Nam NGUYEN
rank: 10
startingNbr: 17
elements:
	4S+3T	13.9	2.22		1.0 2.0 3.0 3.0 3.0 2.0 1.0 2.0 3.0
	4S	9.7	-4.57		-5.0 -5.0 -4.0 -5.0 -5.0 -4.0 -4.0 -5.0 -5.0
	1A	1.1	0.0		0.0 0.0 0.0 0.0 1.0 0.0 0.0 0.0 0.0
	FSSp1	2.0	0.26		1.0 1.0 2.0 2.0 1.0 0.0 0.0 2.0 4.0
	StSq3	3.3	0.75		1.0 3.0 2.0 2.0 3.0 2.0 2.0 2.0 4.0
	3A<	6.0	-0.43	<	-1.0 1.0 -1.0 0.0 -1.0 -2.0 -2.0 0.0 0.0
	3Lz	6.49	-0.93	x	-2.0 -2.0 -1.0 -2.0 -1.0 -2.0 -1.0 3.0 -2.0
	3F+1Eu+3S	11.11	-0.91	x	-2.0 -2.0 -1.0 -1.0 -3.0 -2.0 -2.0 -1.0 -2.0
	FCCoSp4	3.5	0.5		1.0 2.0 2.0 2.0 1.0 1.0 1.0 1.0 3.0
	ChSq1	3.0	0.79		2.0 2.0 2.0 0.0 4.0 1.0 0.0 2.0 2.0
	1Lo	0.55	0.0	x	0.0 0.0 0.0 0.0 0.0 -1.0 0.0 1.0 0.0
	CCoSp4	3.5	0.85		2.0 3.0 3.0 2.0 3.0 2.0 2.0 2.0 3.0
program components:
	Skating Skills	2.00 7.75 7.50 7.75 7.25 7.50 7.75 7.75 7.50 7.75 7.64
	Transitions	2.00 7.50 7.25 7.50 7.00 7.25 7.75 7.50 7.25 7.50 7.39
	Performance	2.00 7.75 7.50 7.75 6.75 7.00 7.25 7.00 7.50 7.75 7.39
	Composition	2.00 7.75 7.75 7.75 7.25 7.50 7.50 7.25 7.50 7.75 7.57
	Interpretation of the Music	2.00 7.75 7.50 7.75 7.00 7.75 7.50 7.75 7.50 8.00 7.64
deductions:
	falls: 1

name: Nicolas NADEAU
rank: 11
startingNbr: 13
elements:
	3A+3T	12.2	2.4		3.0 3.0 3.0 3.0 3.0 3.0 3.0 3.0 4.0
	3T	4.2	0.54		0.0 2.0 1.0 1.0 2.0 0.0 1.0 2.0 2.0
	3Lo+2A+SEQ	6.56	0.49		1.0 1.0 1.0 0.0 1.0 1.0 1.0 2.0 1.0
	FCSp3	2.8	0.48		1.0 2.0 2.0 2.0 1.0 -3.0 2.0 2.0 3.0
	StSq2	2.6	0.59		2.0 2.0 2.0 3.0 2.0 2.0 2.0 3.0 4.0
	3A<	6.0	-1.71	<	-3.0 -3.0 -2.0 -3.0 -3.0 -4.0 -3.0 -3.0 -2.0
	2Lo+2T+2T	4.73	0.1	x	0.0 0.0 1.0 0.0 1.0 1.0 0.0 1.0 1.0
	3F<	4.38	-1.76	< x	-5.0 -4.0 -3.0 -5.0 -4.0 -4.0 -4.0 -5.0 -5.0
	3S	4.73	0.18	x	0.0 1.0 1.0 0.0 1.0 0.0 0.0 0.0 1.0
	CSSp3	2.6	0.41		2.0 1.0 2.0 1.0 1.0 2.0 1.0 2.0 2.0
	ChSq1	3.0	1.29		3.0 2.0 3.0 3.0 2.0 2.0 1.0 3.0 4.0
	CCoSp3	3.0	0.6		2.0 2.0 2.0 2.0 2.0 2.0 1.0 2.0 3.0
program components:
	Skating Skills	2.00 8.00 7.50 7.75 7.25 7.75 7.75 7.25 7.75 7.50 7.61
	Transitions	2.00 7.75 7.25 7.25 6.50 6.75 7.00 6.75 7.50 7.50 7.14
	Performance	2.00 8.00 7.50 7.50 7.00 7.75 7.50 7.00 7.75 7.75 7.54
	Composition	2.00 8.00 7.75 7.50 7.25 7.00 7.50 7.50 7.50 7.50 7.50
	Interpretation of the Music	2.00 8.00 7.50 7.75 7.00 7.50 7.50 7.25 7.75 8.00 7.61
deductions:

name: Kazuki TOMONO
rank: 12
startingNbr: 15
elements:
	4S<	7.28	-3.64	<	-5.0 -5.0 -5.0 -5.0 -5.0 -5.0 -5.0 -5.0 -5.0
	2S	1.3	0.15		1.0 1.0 1.0 1.0 2.0 1.0 1.0 2.0 1.0
	3A+1Eu+3S	12.8	1.71		2.0 1.0 2.0 3.0 3.0 2.0 0.0 3.0 2.0
	FSSp4	3.0	0.64		3.0 2.0 2.0 3.0 2.0 0.0 0.0 3.0 4.0
	StSq3	3.3	1.08		4.0 3.0 3.0 3.0 5.0 2.0 2.0 4.0 4.0
	3Lo	4.9	1.05		1.0 1.0 2.0 2.0 3.0 2.0 3.0 2.0 3.0
	1A	1.21	-0.14	x	-1.0 -2.0 -1.0 -1.0 -2.0 0.0 -2.0 1.0 -2.0
	3F+3T<	9.3	-2.2	< x	-5.0 -4.0 -3.0 -5.0 -3.0 -4.0 -5.0 -2.0 -5.0
	FCCoSp3V	2.25	0.23		0.0 2.0 1.0 1.0 1.0 0.0 0.0 2.0 2.0
	3Lze+2T	6.3	-0.51	e x	-3.0 -2.0 -1.0 -1.0 0.0 2.0 -3.0 -1.0 0.0
	ChSq1	3.0	1.29		3.0 3.0 3.0 2.0 4.0 0.0 0.0 4.0 3.0
	CCoSp3	3.0	0.39		0.0 2.0 2.0 2.0 2.0 0.0 0.0 3.0 1.0
program components:
	Skating Skills	2.00 8.00 7.75 8.00 7.00 7.75 7.00 7.00 8.50 7.50 7.57
	Transitions	2.00 7.75 7.25 7.75 6.50 7.75 6.75 7.25 8.25 7.25 7.39
	Performance	2.00 8.00 7.50 7.75 7.00 7.25 7.00 7.00 8.50 7.50 7.43
	Composition	2.00 8.00 7.75 8.00 7.25 7.75 7.50 7.50 8.75 7.50 7.71
	Interpretation of the Music	2.00 8.25 7.75 8.00 7.00 8.00 7.25 7.50 8.50 7.00 7.68
deductions:
	falls: 1

name: Sihyeong LEE
rank: 13
startingNbr: 3
elements:
	3F<+3T	8.18	0.12	<	0.0 1.0 0.0 0.0 0.0 0.0 -2.0 1.0 2.0
	3A	8.0	1.37		1.0 2.0 2.0 2.0 2.0 1.0 0.0 2.0 3.0
	3F<+2T+2Lo	6.98	-0.8	<	-2.0 -1.0 -1.0 -3.0 -2.0 -3.0 -3.0 0.0 -2.0
	2A	3.3	0.57		0.0 2.0 2.0 2.0 2.0 1.0 2.0 1.0 3.0
	FCCoSp4	3.5	0.4		1.0 2.0 1.0 0.0 2.0 1.0 1.0 0.0 2.0
	2A+3T	8.25	0.9	x	1.0 2.0 2.0 3.0 3.0 2.0 1.0 2.0 3.0
	3Lz	6.49	-1.43	x	-2.0 -3.0 -2.0 -3.0 -3.0 -1.0 -3.0 0.0 -4.0
	3S	4.73	0.31	x	0.0 1.0 0.0 2.0 1.0 0.0 0.0 2.0 1.0
	CSSp3	2.6	0.26		1.0 1.0 0.0 2.0 1.0 0.0 0.0 2.0 3.0
	StSq3	3.3	0.33		1.0 1.0 1.0 1.0 2.0 0.0 0.0 1.0 2.0
	ChSq1	3.0	0.57		1.0 2.0 1.0 1.0 1.0 1.0 0.0 1.0 3.0
	CCoSp4	3.5	0.6		2.0 2.0 2.0 2.0 1.0 1.0 1.0 2.0 3.0
program components:
	Skating Skills	2.00 6.75 6.75 6.75 6.50 6.50 6.00 5.50 5.25 6.75 6.39
	Transitions	2.00 6.75 6.50 6.25 5.75 5.75 5.75 5.75 5.00 6.50 6.04
	Performance	2.00 6.75 7.00 6.50 6.75 6.25 6.00 5.75 5.00 7.00 6.43
	Composition	2.00 7.00 6.75 6.50 6.50 6.25 6.25 5.75 5.25 6.75 6.39
	Interpretation of the Music	2.00 7.00 6.50 6.50 6.00 6.50 5.75 5.50 5.25 6.75 6.21
deductions:

name: June Hyoung LEE
rank: 14
startingNbr: 7
elements:
	3A<	6.0	-3.0	<	-5.0 -5.0 -5.0 -5.0 -5.0 -5.0 -5.0 -5.0 -5.0
	2A	3.3	0.52		1.0 1.0 2.0 2.0 2.0 2.0 1.0 1.0 2.0
	3F	5.3	0.3		0.0 0.0 2.0 2.0 1.0 1.0 0.0 0.0 0.0
	CSSp4	3.0	0.34		2.0 1.0 2.0 1.0 1.0 1.0 0.0 0.0 2.0
	ChSq1	3.0	0.79		3.0 2.0 2.0 2.0 1.0 1.0 1.0 1.0 2.0
	3F+3T	9.5	0.83		1.0 2.0 3.0 1.0 2.0 1.0 2.0 1.0 2.0
	3S	4.73	0.12	x	0.0 0.0 1.0 0.0 1.0 0.0 0.0 1.0 0.0
	3Lze+2T+2Lo	8.17	-1.2	e x	-3.0 -2.0 -2.0 -3.0 -1.0 -4.0 -3.0 -3.0 -3.0
	3Lo	5.39	0.63	x	1.0 1.0 2.0 1.0 2.0 0.0 1.0 1.0 2.0
	FCSp4	3.2	0.37		1.0 1.0 2.0 1.0 1.0 1.0 1.0 0.0 2.0
	StSq4	3.9	0.78		3.0 2.0 3.0 1.0 2.0 2.0 1.0 2.0 2.0
	CCoSp4	3.5	0.5		1.0 2.0 2.0 2.0 1.0 1.0 1.0 1.0 2.0
program components:
	Skating Skills	2.00 7.25 6.75 6.75 6.25 6.25 6.50 6.50 6.00 6.50 6.50
	Transitions	2.00 7.00 6.50 6.50 6.00 6.00 6.25 6.25 5.50 6.25 6.25
	Performance	2.00 7.25 6.75 6.75 6.25 6.50 6.50 6.75 5.75 6.50 6.57
	Composition	2.00 7.25 6.75 6.75 6.50 6.25 6.50 6.50 5.75 6.50 6.54
	Interpretation of the Music	2.00 7.50 6.50 6.75 6.50 6.50 6.50 6.75 6.00 6.75 6.61
deductions:
	falls: 1

name: Andrew DODDS
rank: 15
startingNbr: 9
elements:
	3Lz	5.9	1.52		2.0 3.0 2.0 2.0 3.0 3.0 3.0 2.0 3.0
	3F+2T	6.6	0.53		1.0 2.0 0.0 1.0 1.0 1.0 1.0 2.0 0.0
	FCCoSp4	3.5	0.85		3.0 3.0 2.0 3.0 2.0 1.0 3.0 1.0 4.0
	StSq3	3.3	0.94		2.0 3.0 4.0 2.0 2.0 4.0 3.0 2.0 4.0
	3F	5.3	0.61		1.0 1.0 1.0 2.0 1.0 1.0 1.0 2.0 1.0
	1Lz	0.6	-0.04		-1.0 -1.0 -1.0 -1.0 -2.0 0.0 0.0 1.0 -1.0
	2A	3.63	0.33	x	0.0 1.0 0.0 1.0 1.0 2.0 1.0 1.0 2.0
	ChSq1	3.0	1.21		3.0 3.0 3.0 2.0 2.0 2.0 2.0 1.0 3.0
	3S	4.73	-0.43	x	-1.0 -1.0 -1.0 -1.0 -2.0 -1.0 -1.0 0.0 -1.0
	2A	3.63	0.0	x	0.0 0.0 -1.0 0.0 0.0 0.0 0.0 1.0 0.0
	CCoSp3V	2.25	0.29		0.0 1.0 2.0 2.0 1.0 1.0 1.0 1.0 2.0
	CSSp2	2.3	0.3		1.0 2.0 0.0 2.0 1.0 1.0 1.0 1.0 2.0
program components:
	Skating Skills	2.00 6.75 7.00 7.00 6.75 6.25 6.50 7.75 6.50 7.25 6.82
	Transitions	2.00 6.50 6.75 6.75 6.50 6.00 6.00 7.25 6.25 7.00 6.54
	Performance	2.00 7.00 7.50 7.00 6.75 6.75 6.25 7.25 6.50 7.50 6.96
	Composition	2.00 7.00 7.50 7.00 7.00 6.50 6.25 7.50 6.50 7.00 6.93
	Interpretation of the Music	2.00 7.00 7.50 7.25 7.00 6.75 6.50 7.75 6.25 7.50 7.07
deductions:

name: Micah Kai LYNETTE
rank: 16
startingNbr: 6
elements:
	3F+1Eu+3S	10.1	-0.23	!	0.0 -1.0 -1.0 -1.0 1.0 0.0 -1.0 1.0 -2.0
	2A	3.3	0.66		1.0 2.0 1.0 2.0 2.0 3.0 2.0 2.0 3.0
	3Lz	5.9	0.84		1.0 1.0 2.0 2.0 1.0 1.0 1.0 2.0 3.0
	ChSq1	3.0	0.21		1.0 2.0 0.0 0.0 0.0 0.0 -1.0 1.0 1.0
	3Lo	4.9	0.35		0.0 1.0 0.0 1.0 1.0 1.0 0.0 1.0 1.0
	FCCoSp4	3.5	0.35		2.0 2.0 1.0 -1.0 -1.0 1.0 1.0 1.0 2.0
	StSq3	3.3	0.09		0.0 0.0 1.0 0.0 0.0 1.0 0.0 1.0 0.0
	CCoSp4	3.5	0.6		2.0 2.0 2.0 1.0 -1.0 2.0 1.0 2.0 3.0
	2A+3T<	7.1	-0.85	< x	-2.0 -3.0 -2.0 -2.0 -3.0 -4.0 -3.0 -2.0 -3.0
	3Lz+2T	7.92	0.0	x	0.0 0.0 0.0 1.0 -1.0 0.0 0.0 0.0 0.0
	3F	5.83	-1.59	! x	-3.0 -4.0 -2.0 -3.0 -2.0 -3.0 -3.0 -3.0 -4.0
	FSSp3	2.6	0.11		1.0 2.0 0.0 0.0 -2.0 0.0 0.0 0.0 2.0
program components:
	Skating Skills	2.00 5.75 5.50 5.75 5.75 5.75 5.75 5.50 5.50 6.25 5.68
	Transitions	2.00 5.25 5.25 5.50 5.25 5.25 6.00 5.00 5.25 5.75 5.36
	Performance	2.00 5.75 5.75 5.75 6.00 5.50 5.75 4.75 5.25 5.50 5.61
	Composition	2.00 5.75 5.75 5.75 5.75 5.50 6.25 5.25 5.00 5.75 5.64
	Interpretation of the Music	2.00 5.75 5.50 5.50 5.25 5.25 5.75 4.25 5.50 5.50 5.46
deductions:

name: Julian Zhi Jie YEE
rank: 17
startingNbr: 8
elements:
	A	0.0	0.0		0.0 0.0 0.0 0.0 0.0 0.0 0.0 0.0 0.0
	3A	8.0	-1.14		-1.0 -1.0 -1.0 -2.0 -2.0 -3.0 -1.0 0.0 -2.0
	3Fe	3.98	-1.7	e	-5.0 -4.0 -4.0 -5.0 -3.0 -4.0 -3.0 -5.0 -5.0
	FSSp3	2.6	0.56		3.0 3.0 0.0 3.0 1.0 1.0 3.0 1.0 3.0
	ChSq1	3.0	0.93		2.0 3.0 2.0 2.0 1.0 1.0 2.0 1.0 3.0
	3S+2T	5.6	0.25		1.0 0.0 0.0 1.0 0.0 0.0 1.0 1.0 2.0
	3Fe+1Lo+3T	9.55	-1.02	e x	-2.0 -2.0 -2.0 -1.0 -2.0 -4.0 -3.0 -2.0 -4.0
	3Lo<	4.05	-0.63	< x	-2.0 -1.0 -2.0 -2.0 -1.0 -2.0 -2.0 0.0 -2.0
	FCCoSp4	3.5	0.3		1.0 1.0 0.0 2.0 -1.0 0.0 1.0 1.0 3.0
	2Lz+2T	3.74	0.06	x	0.0 0.0 0.0 1.0 1.0 0.0 0.0 1.0 0.0
	CCoSp3	3.0	0.47		1.0 3.0 0.0 2.0 2.0 2.0 1.0 1.0 2.0
	StSq3	3.3	0.33		1.0 2.0 2.0 0.0 0.0 0.0 0.0 2.0 2.0
program components:
	Skating Skills	2.00 7.00 6.50 6.75 6.25 5.50 6.00 6.75 6.25 6.50 6.43
	Transitions	2.00 6.75 6.25 6.25 5.75 4.25 5.50 6.75 6.00 6.50 6.14
	Performance	2.00 7.00 6.75 6.75 6.25 5.75 5.75 6.50 6.00 6.75 6.39
	Composition	2.00 7.00 7.00 6.50 6.50 4.75 5.75 7.00 6.25 6.50 6.50
	Interpretation of the Music	2.00 7.00 7.00 6.50 6.50 5.00 6.00 7.25 6.50 6.75 6.61
deductions:

name: He ZHANG
rank: 18
startingNbr: 11
elements:
	4S	9.7	-3.33		-3.0 -3.0 -3.0 -4.0 -3.0 -4.0 -5.0 -4.0 -3.0
	1A	1.1	0.02		0.0 0.0 0.0 1.0 0.0 0.0 0.0 1.0 0.0
	3Lz+3T	10.1	-0.25		0.0 0.0 -1.0 0.0 -2.0 0.0 0.0 0.0 -2.0
	FCSp4	3.2	0.32		1.0 1.0 2.0 3.0 1.0 0.0 0.0 0.0 2.0
	StSq3	3.3	0.71		2.0 2.0 3.0 2.0 2.0 1.0 2.0 2.0 3.0
	2A+1Eu<+3S	7.98	-0.43	<	-2.0 0.0 -1.0 -1.0 -1.0 -2.0 0.0 0.0 -2.0
	3Lz	6.49	-2.44	! x	-5.0 -4.0 -3.0 -4.0 -3.0 -5.0 -4.0 -4.0 -5.0
	2F	1.98	-0.18	! x	-1.0 -1.0 -1.0 0.0 0.0 -1.0 -1.0 -2.0 -2.0
	2A	3.63	-0.42	x	0.0 -1.0 -1.0 -1.0 -1.0 -2.0 -1.0 -3.0 -2.0
	CSSp3	2.6	0.11		1.0 1.0 1.0 0.0 0.0 -1.0 0.0 0.0 2.0
	ChSq1	3.0	0.14		1.0 1.0 1.0 0.0 0.0 -1.0 0.0 0.0 0.0
	CCoSp1V	1.5	-0.24		-2.0 -1.0 -2.0 -1.0 -2.0 -2.0 -1.0 -1.0 -2.0
program components:
	Skating Skills	2.00 7.00 6.50 6.75 6.50 5.25 6.00 6.75 6.50 6.75 6.54
	Transitions	2.00 6.75 6.00 6.25 6.00 4.75 5.50 6.50 6.00 6.25 6.07
	Performance	2.00 6.75 6.25 6.75 6.50 5.25 6.00 6.50 6.00 6.75 6.39
	Composition	2.00 7.00 6.25 6.75 6.75 5.00 6.25 6.75 6.25 6.50 6.50
	Interpretation of the Music	2.00 7.00 6.25 6.75 6.50 5.25 6.00 7.00 6.25 6.50 6.46
deductions:

name: Micah TANG
rank: 19
startingNbr: 12
elements:
	2A	3.3	0.66		1.0 0.0 2.0 3.0 3.0 2.0 2.0 2.0 2.0
	3Lz	5.9	-0.51		-1.0 -1.0 -1.0 -1.0 -1.0 0.0 -1.0 0.0 -2.0
	3F+1Eu<+2S	6.98	-1.36	<	-4.0 -2.0 -2.0 -3.0 -2.0 -3.0 -1.0 -2.0 -4.0
	CCSp3	2.8	0.08		0.0 0.0 1.0 1.0 -1.0 0.0 0.0 0.0 1.0
	3Lo+2T	6.2	0.0		0.0 0.0 0.0 0.0 0.0 0.0 0.0 0.0 0.0
	3Lo	4.9	-0.49		-1.0 -1.0 -1.0 -1.0 -1.0 0.0 -1.0 -1.0 -2.0
	ChSq1	3.0	-0.07		1.0 0.0 1.0 -1.0 0.0 -1.0 0.0 -1.0 0.0
	3Lz+2T	7.92	0.17	x	0.0 1.0 1.0 0.0 0.0 1.0 -1.0 0.0 0.0
	3S	4.73	-1.04	x	-3.0 -3.0 -2.0 -2.0 -2.0 -2.0 -2.0 -3.0 -3.0
	StSq2	2.6	-0.07		0.0 0.0 1.0 -1.0 -1.0 0.0 -1.0 1.0 -1.0
	FSSp3	2.6	0.0		0.0 -1.0 1.0 0.0 -1.0 0.0 0.0 1.0 0.0
	CCoSp4	3.5	0.5		1.0 2.0 2.0 2.0 1.0 0.0 0.0 2.0 2.0
program components:
	Skating Skills	2.00 5.50 5.50 6.25 6.00 5.75 6.25 6.25 6.00 6.25 6.00
	Transitions	2.00 5.25 5.25 6.00 5.75 5.25 5.75 6.25 5.75 6.00 5.68
	Performance	2.00 5.50 5.50 6.25 6.25 5.75 6.00 6.00 6.00 6.25 5.96
	Composition	2.00 5.50 5.75 6.25 6.25 5.50 6.25 6.50 6.25 6.25 6.07
	Interpretation of the Music	2.00 5.50 5.50 6.25 5.75 5.75 6.00 6.25 6.25 6.25 5.96
deductions:

name: Donovan CARRILLO
rank: 20
startingNbr: 10
elements:
	3A<	6.0	-3.0	<	-5.0 -5.0 -5.0 -5.0 -5.0 -5.0 -5.0 -5.0 -5.0
	3Lz	5.9	-2.95		-5.0 -5.0 -5.0 -5.0 -5.0 -5.0 -5.0 -5.0 -5.0
	3F+1Eu+3S	10.1	-0.83		-2.0 -1.0 -1.0 -2.0 -1.0 -2.0 -2.0 0.0 -3.0
	ChSq1	3.0	1.0		2.0 3.0 3.0 2.0 2.0 2.0 1.0 1.0 2.0
	2A	3.3	0.33		1.0 1.0 1.0 2.0 1.0 1.0 1.0 1.0 1.0
	3Lz+REP	4.13	-1.43		-3.0 -3.0 -2.0 -2.0 -2.0 -2.0 -3.0 -2.0 -3.0
	FCCoSp4	3.5	0.9		3.0 3.0 2.0 3.0 3.0 2.0 2.0 2.0 3.0
	StSq3	3.3	0.47		1.0 2.0 2.0 1.0 2.0 0.0 0.0 2.0 2.0
	3F	5.83	-2.65	x	-5.0 -5.0 -5.0 -5.0 -5.0 -5.0 -5.0 -5.0 -5.0
	3Lo<	4.05	-1.63	< x	-5.0 -4.0 -4.0 -5.0 -3.0 -5.0 -4.0 -4.0 -5.0
	CCoSp4	3.5	0.95		3.0 3.0 3.0 3.0 3.0 1.0 1.0 3.0 3.0
	CSSp3	2.6	0.63		3.0 4.0 1.0 3.0 2.0 1.0 2.0 3.0 3.0
program components:
	Skating Skills	2.00 5.75 6.00 6.25 6.25 5.75 5.50 6.00 6.50 6.50 6.07
	Transitions	2.00 5.25 5.75 6.00 5.50 6.00 6.00 5.75 6.25 6.50 5.89
	Performance	2.00 5.25 6.50 6.00 5.75 5.25 5.25 6.75 6.00 6.50 5.89
	Composition	2.00 5.25 6.50 6.50 6.25 5.75 6.00 6.25 6.50 6.25 6.21
	Interpretation of the Music	2.00 5.50 6.50 6.50 6.00 6.25 5.75 6.00 6.50 6.75 6.21
deductions:
	falls: 3

name: Leslie Man Cheuk IP
rank: 21
startingNbr: 4
elements:
	1A	1.1	-0.55		-5.0 -5.0 -5.0 -5.0 -5.0 -5.0 -5.0 -5.0 -5.0
	3Lz+2T	7.2	-0.34		0.0 0.0 -1.0 -1.0 -1.0 0.0 -1.0 0.0 -1.0
	3Lo	4.9	0.07		0.0 1.0 0.0 0.0 -1.0 1.0 0.0 0.0 0.0
	3S	4.3	0.12		0.0 1.0 0.0 0.0 1.0 0.0 0.0 -1.0 1.0
	FCCoSp4	3.5	0.05		1.0 1.0 -1.0 0.0 -2.0 0.0 0.0 0.0 1.0
	ChSq1	3.0	0.07		1.0 1.0 0.0 0.0 0.0 0.0 -1.0 -1.0 2.0
	2A	3.63	0.14	x	0.0 1.0 1.0 0.0 1.0 0.0 0.0 0.0 1.0
	3Lo+2T	6.82	0.0	x	0.0 0.0 0.0 0.0 0.0 0.0 0.0 0.0 -1.0
	3T	4.62	-0.84	x	-1.0 -2.0 -2.0 -2.0 -2.0 -2.0 -3.0 -2.0 -2.0
	CCoSp3	3.0	-0.21		0.0 0.0 -2.0 -1.0 0.0 -1.0 -1.0 -2.0 0.0
	StSq3	3.3	0.0		0.0 0.0 1.0 0.0 0.0 0.0 -1.0 0.0 0.0
	FSSp3	2.6	0.3		1.0 2.0 1.0 1.0 1.0 1.0 0.0 1.0 2.0
program components:
	Skating Skills	2.00 5.25 5.25 5.50 5.50 5.00 4.75 4.75 4.50 5.00 5.07
	Transitions	2.00 5.00 5.25 5.00 5.25 4.50 5.00 4.50 4.00 5.25 4.93
	Performance	2.00 5.25 5.50 5.25 5.25 5.00 5.00 4.25 4.00 5.50 5.07
	Composition	2.00 5.50 5.75 5.25 5.75 4.75 4.75 4.25 4.25 5.25 5.07
	Interpretation of the Music	2.00 5.75 5.75 5.25 5.50 4.50 5.00 4.00 4.25 5.25 5.07
deductions:
	falls: 1

name: Harrison Jon-Yen WONG
rank: 22
startingNbr: 5
elements:
	2Lz	2.1	-1.02		-5.0 -4.0 -5.0 -4.0 -5.0 -5.0 -5.0 -5.0 -5.0
	CCSp4	3.2	0.09		1.0 1.0 -1.0 0.0 0.0 -1.0 0.0 1.0 1.0
	2A	3.3	0.05		0.0 0.0 -1.0 1.0 1.0 0.0 0.0 0.0 0.0
	3F	5.3	0.08		0.0 1.0 0.0 0.0 0.0 0.0 0.0 0.0 2.0
	3Lo	4.9	-0.56		-1.0 -1.0 -2.0 -1.0 -1.0 -1.0 -1.0 0.0 -2.0
	CCoSp4	3.5	-0.1		0.0 1.0 -2.0 -1.0 -2.0 0.0 0.0 0.0 2.0
	3Lz	6.49	-2.95	x	-5.0 -5.0 -5.0 -5.0 -5.0 -5.0 -5.0 -5.0 -5.0
	2A+1Eu<+2S	5.48	-0.85	< x	-3.0 -3.0 -2.0 -3.0 -2.0 -3.0 -1.0 -2.0 -4.0
	StSq3	3.3	0.0		0.0 0.0 0.0 -1.0 1.0 0.0 -1.0 1.0 0.0
	3Lo<+2T	5.48	-1.42	< x	-4.0 -4.0 -4.0 -4.0 -3.0 -4.0 -3.0 -4.0 -4.0
	ChSq1	3.0	0.29		1.0 1.0 1.0 -1.0 1.0 0.0 0.0 0.0 2.0
	FSSp4	3.0	0.47		2.0 2.0 1.0 2.0 2.0 1.0 1.0 1.0 3.0
program components:
	Skating Skills	2.00 5.50 5.00 5.25 5.25 4.75 5.00 4.75 4.75 5.50 5.07
	Transitions	2.00 5.00 5.00 5.00 4.75 4.75 4.75 5.00 4.25 5.25 4.89
	Performance	2.00 5.25 5.25 5.25 5.50 5.25 4.75 5.25 4.25 5.25 5.18
	Composition	2.00 5.25 5.50 5.25 5.25 5.00 5.25 5.75 4.50 5.50 5.29
	Interpretation of the Music	2.00 5.00 5.50 5.25 4.75 5.25 4.75 5.50 4.50 5.50 5.14
deductions:
	falls: 2

name: Nikita MANKO
rank: 23
startingNbr: 2
elements:
	2A	3.3	0.14		0.0 0.0 0.0 1.0 1.0 1.0 0.0 0.0 2.0
	3T	4.2	-0.18		-1.0 -1.0 -1.0 -1.0 1.0 0.0 -1.0 1.0 0.0
	3Lo	4.9	0.0		0.0 0.0 0.0 0.0 0.0 0.0 0.0 0.0 0.0
	3S+2T	5.6	0.0		0.0 0.0 0.0 0.0 0.0 0.0 -1.0 0.0 0.0
	FCCoSp3V	2.25	0.2		1.0 1.0 -1.0 2.0 1.0 -1.0 1.0 2.0 1.0
	CCoSp3V	2.25	0.23		1.0 2.0 2.0 1.0 0.0 1.0 1.0 0.0 1.0
	StSq2	2.6	-0.07		0.0 0.0 0.0 0.0 0.0 -1.0 -2.0 0.0 -1.0
	3F<	4.38	-1.3	< x	-4.0 -3.0 -3.0 -4.0 -3.0 -3.0 -3.0 -3.0 -4.0
	3F<+REP	3.07	-1.99	< x	-5.0 -5.0 -5.0 -5.0 -5.0 -5.0 -5.0 -5.0 -5.0
	2A	3.63	-0.19	x	-1.0 0.0 -1.0 0.0 -1.0 0.0 -1.0 -1.0 0.0
	CSSp4	3.0	0.3		2.0 1.0 0.0 1.0 2.0 1.0 0.0 1.0 1.0
	ChSq1	3.0	-0.29		0.0 0.0 -1.0 -1.0 -1.0 0.0 -3.0 -1.0 0.0
program components:
	Skating Skills	2.00 5.00 5.00 5.50 5.50 5.25 5.00 4.50 4.25 5.75 5.11
	Transitions	2.00 4.75 4.50 5.00 5.00 4.75 4.75 2.50 4.00 5.50 4.68
	Performance	2.00 5.00 5.00 5.50 5.50 5.25 4.75 4.00 4.25 5.75 5.04
	Composition	2.00 5.00 5.25 5.25 5.50 4.50 5.00 3.50 4.00 5.25 4.89
	Interpretation of the Music	2.00 5.00 5.25 5.25 5.25 4.75 4.75 3.50 4.00 5.50 4.89
deductions:
	falls: 1

name: Mark WEBSTER
rank: 24
startingNbr: 1
elements:
	ChSq1	3.0	0.29		0.0 1.0 1.0 0.0 0.0 2.0 0.0 0.0 2.0
	3F<	3.98	-1.99	<	-5.0 -5.0 -5.0 -5.0 -5.0 -5.0 -5.0 -5.0 -5.0
	3T	4.2	-0.24		-1.0 0.0 -1.0 -1.0 0.0 0.0 -1.0 0.0 -1.0
	1F	0.5	-0.02		0.0 0.0 -1.0 -1.0 0.0 -1.0 -1.0 0.0 0.0
	3T+2T	5.5	0.0		0.0 0.0 0.0 0.0 0.0 0.0 0.0 0.0 1.0
	CCSp2	2.3	-0.2		-1.0 -1.0 0.0 -1.0 -1.0 -1.0 -1.0 -1.0 0.0
	2S	1.43	-0.11	x	0.0 -1.0 -1.0 -1.0 -1.0 0.0 -1.0 -1.0 -1.0
	2A	3.63	0.0	x	0.0 0.0 0.0 0.0 0.0 0.0 0.0 0.0 0.0
	FSSp	0.0	0.0		0.0 0.0 0.0 0.0 0.0 0.0 0.0 0.0 0.0
	2A	3.63	-0.05	x	0.0 0.0 0.0 -1.0 -1.0 0.0 0.0 0.0 0.0
	CCoSp2	2.5	-0.14		0.0 0.0 -1.0 0.0 -1.0 -1.0 -1.0 -1.0 0.0
	StSq1	1.8	-0.26		-1.0 -1.0 -1.0 -2.0 -2.0 -2.0 -3.0 0.0 -1.0
program components:
	Skating Skills	2.00 5.75 5.25 5.75 5.00 4.75 4.75 4.75 4.25 5.50 5.11
	Transitions	2.00 5.50 5.00 5.25 4.25 4.50 4.25 4.00 4.00 5.25 4.64
	Performance	2.00 5.50 4.50 5.50 4.50 5.00 4.50 4.00 4.00 5.00 4.71
	Composition	2.00 5.75 5.00 5.50 5.00 4.50 4.50 4.50 4.50 5.25 4.89
	Interpretation of the Music	2.00 5.75 4.75 5.75 4.50 4.75 4.50 4.25 4.25 5.50 4.86
deductions:
	falls: 2

