event name: ISU GP 2018 Skate Canada International
event type: LADIES SHORT PROGRAM
name: Elizaveta TUKTAMYSHEVA
rank: 1
startingNbr: 8
elements:
	3A	8.0	1.03		3.0 1.0 3.0 0.0 3.0 -1.0 0.0 4.0 -1.0
	3T+3T	8.4	1.14		3.0 3.0 3.0 3.0 3.0 2.0 2.0 3.0 2.0
	FSSp4	3.0	0.69		2.0 2.0 3.0 2.0 3.0 2.0 2.0 3.0 1.0
	LSp4	2.7	0.54		2.0 2.0 2.0 2.0 2.0 2.0 2.0 3.0 -1.0
	3Lz	6.49	1.85	x	3.0 4.0 3.0 3.0 4.0 2.0 3.0 3.0 3.0
	StSq3	3.3	0.9		4.0 2.0 3.0 2.0 3.0 1.0 3.0 3.0 3.0
	CCoSp4	3.5	0.85		3.0 2.0 3.0 1.0 4.0 0.0 3.0 2.0 3.0
program components:
	Skating Skills	0.80 8.50 8.50 8.75 7.75 7.75 7.50 8.00 8.25 7.75 8.07
	Transitions	0.80 8.00 7.75 8.50 7.00 7.25 6.25 8.00 8.00 6.25 7.46
	Performance	0.80 8.25 8.50 8.75 7.25 7.75 7.50 8.50 8.50 8.00 8.14
	Composition	0.80 8.25 8.25 8.75 7.50 7.75 7.00 8.50 8.00 7.75 8.00
	Interpretation of the Music	0.80 8.00 8.50 8.75 7.25 7.75 7.50 8.25 8.50 8.25 8.11
deductions:

name: Wakaba HIGUCHI
rank: 2
startingNbr: 11
elements:
	2A	3.3	0.94		3.0 3.0 3.0 3.0 3.0 2.0 3.0 4.0 2.0
	FCSp4	3.2	0.64		2.0 3.0 3.0 2.0 2.0 1.0 1.0 3.0 1.0
	3Lz+3T	10.1	1.43		2.0 2.0 2.0 2.0 3.0 3.0 1.0 3.0 3.0
	CCoSp4	3.5	0.7		2.0 2.0 3.0 2.0 3.0 1.0 2.0 2.0 1.0
	3Fe<	3.5	-1.18	e x	-3.0 -5.0 -2.0 -4.0 -3.0 -2.0 -4.0 -5.0 -5.0
	StSq3	3.3	1.08		3.0 2.0 3.0 3.0 3.0 4.0 4.0 4.0 3.0
	LSp4	2.7	0.81		3.0 4.0 3.0 3.0 2.0 3.0 3.0 3.0 3.0
program components:
	Skating Skills	0.80 8.00 8.00 7.75 8.25 7.75 8.50 8.25 8.75 9.00 8.21
	Transitions	0.80 7.50 7.25 7.50 7.50 7.25 6.50 8.00 8.25 8.75 7.61
	Performance	0.80 7.75 8.50 8.25 8.50 8.00 8.50 8.00 8.75 9.00 8.36
	Composition	0.80 8.00 8.00 8.00 8.75 7.75 7.25 8.00 8.50 9.25 8.14
	Interpretation of the Music	0.80 7.75 8.00 8.25 8.25 8.00 8.50 8.50 8.50 9.00 8.29
deductions:

name: Mako YAMASHITA
rank: 3
startingNbr: 6
elements:
	3Lz+3T	10.1	1.77		3.0 3.0 3.0 3.0 4.0 3.0 3.0 3.0 3.0
	2A	3.3	0.9		2.0 3.0 2.0 3.0 3.0 3.0 3.0 3.0 2.0
	FCSp4	3.2	0.5		1.0 2.0 2.0 2.0 2.0 1.0 1.0 2.0 1.0
	SSp4	2.5	0.64		2.0 4.0 2.0 3.0 2.0 4.0 2.0 3.0 2.0
	3Fe	4.38	-0.57	e x	-1.0 -2.0 0.0 -2.0 -2.0 -2.0 -1.0 0.0 -3.0
	StSq3	3.3	0.94		2.0 2.0 2.0 3.0 3.0 3.0 4.0 3.0 4.0
	CCoSp4	3.5	0.95		3.0 3.0 3.0 2.0 3.0 2.0 3.0 3.0 2.0
program components:
	Skating Skills	0.80 7.50 7.75 7.25 8.25 7.50 7.75 7.75 8.75 8.25 7.82
	Transitions	0.80 7.00 7.25 7.25 8.00 7.50 7.00 7.25 7.75 8.50 7.43
	Performance	0.80 7.25 8.00 7.50 8.00 7.75 7.25 7.50 8.25 8.25 7.75
	Composition	0.80 7.25 8.00 7.25 8.75 7.50 7.00 7.75 8.25 8.50 7.79
	Interpretation of the Music	0.80 7.00 7.75 7.50 8.50 7.75 7.25 7.75 8.25 8.50 7.82
deductions:

name: Starr ANDREWS
rank: 4
startingNbr: 3
elements:
	3T+3T	8.4	1.02		2.0 2.0 2.0 2.0 2.0 3.0 3.0 4.0 3.0
	CCoSp4	3.5	0.85		1.0 2.0 3.0 2.0 3.0 2.0 3.0 3.0 2.0
	FCSp4	3.2	0.87		1.0 3.0 2.0 2.0 3.0 3.0 3.0 4.0 3.0
	2A	3.3	0.66		1.0 2.0 2.0 2.0 3.0 2.0 3.0 2.0 1.0
	StSq3	3.3	0.71		1.0 2.0 1.0 2.0 1.0 4.0 4.0 3.0 2.0
	3Lo	5.39	1.26	x	2.0 2.0 2.0 3.0 2.0 3.0 4.0 4.0 2.0
	LSp4	2.7	1.0		2.0 4.0 3.0 4.0 3.0 4.0 4.0 4.0 4.0
program components:
	Skating Skills	0.80 6.75 7.75 6.75 6.50 6.75 6.50 7.00 7.50 7.75 7.00
	Transitions	0.80 6.25 7.00 6.50 6.50 6.25 6.75 7.50 7.00 7.75 6.79
	Performance	0.80 6.50 7.75 7.25 7.50 6.75 7.25 7.50 7.25 8.00 7.32
	Composition	0.80 7.00 7.50 7.00 7.00 6.75 7.50 7.50 7.50 8.00 7.29
	Interpretation of the Music	0.80 6.75 7.50 7.25 7.25 6.75 7.50 7.75 7.50 7.75 7.36
deductions:

name: Mariah BELL
rank: 5
startingNbr: 7
elements:
	2A	3.3	0.9		3.0 3.0 2.0 3.0 2.0 3.0 3.0 3.0 2.0
	3Lz<+3T<	7.58	-1.9	!	-4.0 -4.0 -4.0 -4.0 -3.0 -5.0 -4.0 -5.0 -5.0
	CCoSp4	3.5	1.05		3.0 3.0 3.0 3.0 3.0 3.0 3.0 3.0 3.0
	FSSp4	3.0	0.77		2.0 3.0 3.0 2.0 3.0 3.0 3.0 2.0 2.0
	3F	5.83	1.21	x	2.0 2.0 2.0 2.0 3.0 1.0 3.0 2.0 3.0
	LSp4	2.7	0.96		3.0 4.0 4.0 3.0 3.0 4.0 4.0 4.0 3.0
	StSq2	2.6	0.71		3.0 2.0 3.0 2.0 3.0 3.0 4.0 3.0 2.0
program components:
	Skating Skills	0.80 7.75 8.00 7.75 7.75 7.25 7.50 8.25 8.25 7.75 7.82
	Transitions	0.80 7.25 7.25 7.75 7.50 7.00 6.75 8.25 7.50 7.75 7.43
	Performance	0.80 7.50 7.75 8.00 8.50 7.50 8.25 8.25 8.25 8.25 8.04
	Composition	0.80 7.75 7.75 7.75 7.00 7.50 7.25 8.50 8.00 8.00 7.71
	Interpretation of the Music	0.80 7.50 8.25 8.00 7.25 7.75 7.75 8.25 8.25 8.00 7.93
deductions:

name: Elizabet TURSYNBAEVA
rank: 6
startingNbr: 9
elements:
	3Lz<	4.43	-1.46	!	-1.0 -3.0 -1.0 -5.0 -3.0 -3.0 -4.0 -5.0 -4.0
	2A	3.3	0.71		2.0 3.0 3.0 2.0 1.0 2.0 2.0 4.0 1.0
	CCoSp4	3.5	1.1		3.0 4.0 3.0 2.0 3.0 3.0 3.0 4.0 3.0
	3S+3T<	8.2	-0.49	< x	0.0 -1.0 0.0 -3.0 -2.0 -2.0 -1.0 1.0 -2.0
	FCSp4	3.2	0.32		1.0 2.0 1.0 1.0 1.0 0.0 0.0 1.0 2.0
	StSq2	2.6	0.63		2.0 3.0 2.0 2.0 1.0 2.0 4.0 4.0 2.0
	LSp4	2.7	0.93		3.0 4.0 3.0 3.0 3.0 3.0 4.0 5.0 4.0
program components:
	Skating Skills	0.80 7.75 8.50 8.25 7.50 7.00 7.00 8.50 8.50 8.50 8.00
	Transitions	0.80 7.25 8.25 8.00 7.00 6.75 6.75 8.25 8.25 8.25 7.68
	Performance	0.80 7.50 8.50 8.25 7.25 7.00 7.25 8.00 8.25 8.50 7.86
	Composition	0.80 7.50 8.75 8.00 7.00 6.75 7.25 8.25 8.25 8.75 7.86
	Interpretation of the Music	0.80 7.25 8.75 8.25 7.25 7.00 7.50 8.75 8.50 8.50 8.00
deductions:

name: Evgenia MEDVEDEVA
rank: 7
startingNbr: 10
elements:
	3Lz	5.9	0.25	!	2.0 0.0 1.0 0.0 0.0 0.0 1.0 1.0 -1.0
	2A	3.3	0.8		2.0 3.0 3.0 2.0 2.0 2.0 2.0 3.0 3.0
	CSp4	2.6	0.71		3.0 3.0 3.0 3.0 3.0 2.0 3.0 2.0 2.0
	3F<<+COMBO	1.98	-0.9	<< x	-5.0 -5.0 -5.0 -5.0 -5.0 -5.0 -5.0 -5.0 -5.0
	StSq3	3.3	1.08		4.0 3.0 3.0 3.0 3.0 3.0 4.0 3.0 4.0
	FSSp2	2.3	0.53		3.0 3.0 2.0 1.0 2.0 2.0 2.0 2.0 3.0
	CCoSp4	3.5	1.15		3.0 4.0 3.0 2.0 3.0 3.0 4.0 3.0 4.0
program components:
	Skating Skills	0.80 8.75 8.75 8.75 8.50 8.00 8.25 9.00 8.75 9.00 8.68
	Transitions	0.80 8.25 8.50 8.75 8.00 8.00 7.50 9.00 8.50 9.25 8.43
	Performance	0.80 8.50 8.75 8.50 8.50 8.25 7.75 8.75 8.25 8.75 8.50
	Composition	0.80 8.75 8.75 8.75 8.50 8.00 7.75 9.25 8.75 9.25 8.68
	Interpretation of the Music	0.80 8.50 8.75 8.75 8.75 8.25 8.50 9.25 8.50 8.75 8.64
deductions:

name: Alaine CHARTRAND
rank: 8
startingNbr: 4
elements:
	2A	3.3	0.75		1.0 3.0 3.0 3.0 1.0 2.0 3.0 4.0 1.0
	3Lz+3T<	9.05	-0.67	<	0.0 -1.0 -1.0 -1.0 -1.0 -2.0 -2.0 1.0 -3.0
	FSSp3	2.6	0.45		1.0 3.0 2.0 1.0 2.0 2.0 2.0 2.0 1.0
	3Lo	5.39	0.42	x	2.0 0.0 1.0 0.0 0.0 1.0 1.0 3.0 1.0
	StSq2	2.6	0.71		2.0 3.0 3.0 2.0 1.0 4.0 3.0 4.0 2.0
	LSp3	2.4	0.62		2.0 3.0 3.0 3.0 1.0 3.0 3.0 3.0 0.0
	CCoSp4	3.5	0.7		2.0 2.0 2.0 1.0 1.0 3.0 3.0 3.0 1.0
program components:
	Skating Skills	0.80 7.00 7.75 7.50 7.50 6.50 7.50 7.50 8.50 7.25 7.43
	Transitions	0.80 6.50 7.50 7.25 5.75 6.00 6.00 7.00 7.75 6.75 6.71
	Performance	0.80 7.25 7.75 7.50 7.25 6.25 7.25 7.25 8.25 7.00 7.32
	Composition	0.80 7.00 7.75 7.50 6.50 6.50 6.75 7.50 8.00 7.00 7.14
	Interpretation of the Music	0.80 6.75 8.00 7.50 6.75 6.50 7.25 7.50 8.00 6.75 7.21
deductions:

name: Alicia PINEAULT
rank: 9
startingNbr: 2
elements:
	3T+3T	8.4	-1.26		-3.0 -3.0 -2.0 -3.0 -4.0 -3.0 -4.0 -2.0 -3.0
	3Lo	4.9	0.49		2.0 0.0 2.0 1.0 1.0 1.0 0.0 3.0 0.0
	FCSp4	3.2	0.55		2.0 2.0 2.0 1.0 2.0 2.0 1.0 3.0 1.0
	2A	3.3	0.52		2.0 1.0 1.0 2.0 1.0 1.0 2.0 2.0 2.0
	LSp4	2.7	0.27		1.0 0.0 2.0 0.0 1.0 1.0 1.0 2.0 1.0
	StSq4	3.9	0.67		1.0 0.0 2.0 1.0 1.0 1.0 3.0 3.0 3.0
	CCoSp4	3.5	0.85		2.0 2.0 3.0 2.0 2.0 3.0 3.0 4.0 0.0
program components:
	Skating Skills	0.80 7.00 6.75 6.75 6.25 6.50 5.75 6.25 7.25 7.25 6.68
	Transitions	0.80 6.50 7.00 6.75 6.50 6.00 5.25 5.75 7.00 7.00 6.50
	Performance	0.80 6.75 7.00 7.00 7.25 6.25 6.00 6.25 7.50 7.50 6.86
	Composition	0.80 7.00 7.25 7.00 6.75 6.50 5.50 6.25 7.25 7.25 6.86
	Interpretation of the Music	0.80 6.75 7.25 7.00 7.00 6.50 6.00 6.50 7.25 7.50 6.89
deductions:

name: Yura MATSUDA
rank: 10
startingNbr: 5
elements:
	3T+3T<	7.35	-0.66	<	0.0 -2.0 -1.0 -2.0 -1.0 -2.0 -2.0 -1.0 -2.0
	3Lo<	3.68	-0.63	<	-1.0 -2.0 -1.0 -2.0 -1.0 -2.0 -2.0 -2.0 -2.0
	FCSp4	3.2	0.59		1.0 2.0 2.0 2.0 2.0 1.0 2.0 3.0 2.0
	SSp2	1.6	0.23		1.0 2.0 1.0 1.0 1.0 2.0 2.0 2.0 1.0
	StSq2	2.6	0.48		2.0 1.0 1.0 2.0 1.0 2.0 2.0 3.0 3.0
	2A	3.63	0.57	x	2.0 1.0 1.0 3.0 2.0 1.0 1.0 2.0 3.0
	CCoSp4	3.5	0.5		1.0 1.0 1.0 1.0 2.0 1.0 2.0 2.0 2.0
program components:
	Skating Skills	0.80 6.50 7.25 6.00 7.00 6.25 7.50 6.25 6.75 8.00 6.79
	Transitions	0.80 6.00 7.25 6.00 6.50 6.00 5.75 6.25 6.75 7.75 6.39
	Performance	0.80 6.25 7.50 6.25 7.25 6.25 6.25 6.00 7.00 8.00 6.68
	Composition	0.80 6.50 7.50 6.00 7.00 6.25 6.00 6.50 7.25 8.25 6.71
	Interpretation of the Music	0.80 6.50 7.25 6.25 7.50 6.50 6.25 6.25 7.50 7.75 6.82
deductions:

name: Daria PANENKOVA
rank: 11
startingNbr: 1
elements:
	FCSp4	3.2	0.5		2.0 0.0 1.0 2.0 2.0 1.0 1.0 2.0 2.0
	1F*	0.0	0.0	!	0.0 0.0 0.0 0.0 0.0 0.0 0.0 0.0 0.0
	2A	3.3	0.47		3.0 1.0 1.0 1.0 2.0 2.0 0.0 1.0 2.0
	3Lz+3T<	9.96	-2.02	< x	-2.0 -4.0 -1.0 -4.0 -4.0 -3.0 -5.0 -4.0 -3.0
	CCoSp4	3.5	0.8		3.0 2.0 1.0 2.0 3.0 2.0 3.0 2.0 2.0
	StSq2	2.6	0.3		2.0 0.0 1.0 1.0 1.0 0.0 2.0 1.0 2.0
	LSp4	2.7	0.04		3.0 -1.0 1.0 1.0 1.0 0.0 -2.0 -2.0 1.0
program components:
	Skating Skills	0.80 7.50 6.50 6.50 7.25 6.75 6.25 6.00 7.00 7.75 6.82
	Transitions	0.80 7.00 6.50 6.25 6.25 6.25 5.50 5.75 6.25 7.25 6.32
	Performance	0.80 7.25 6.25 6.25 6.00 6.25 5.25 5.75 6.50 7.50 6.32
	Composition	0.80 7.50 6.75 6.50 6.75 6.50 5.50 6.25 6.25 7.75 6.64
	Interpretation of the Music	0.80 7.25 6.25 6.25 6.50 6.75 5.25 6.00 6.25 7.25 6.46
deductions:

