event name: ISU GP 2018 Skate Canada International
event type: PAIRS FREE SKATING
name: Vanessa JAMES / Morgan CIPRES
rank: 1
startingNbr: 8
elements:
	3Tw4	6.0	2.31		4.0 4.0 4.0 4.0 3.0 3.0 4.0 4.0 4.0
	3T+2T+2T	6.8	1.08		3.0 2.0 2.0 2.0 2.0 3.0 3.0 4.0 3.0
	3S	4.3	1.72		5.0 3.0 3.0 3.0 4.0 4.0 5.0 5.0 4.0
	3Li4	5.1	2.11		4.0 4.0 4.0 4.0 5.0 4.0 5.0 4.0 4.0
	PCoSp2	3.5	1.1		3.0 3.0 3.0 2.0 3.0 3.0 4.0 4.0 3.0
	3FTh	5.3	1.59		3.0 3.0 3.0 3.0 3.0 3.0 3.0 3.0 2.0
	ChSq1	3.0	1.93		4.0 3.0 4.0 4.0 5.0 4.0 4.0 4.0 3.0
	5ALi4	7.0	2.9		4.0 3.0 4.0 3.0 5.0 5.0 5.0 4.0 4.0
	3STh	4.4	1.89		4.0 4.0 3.0 4.0 5.0 4.0 5.0 5.0 4.0
	FiDs4	3.8	0.92		2.0 2.0 3.0 3.0 1.0 1.0 3.0 3.0 3.0
	5BLi3	6.2	2.39		3.0 4.0 5.0 4.0 3.0 4.0 4.0 4.0 4.0
program components:
#	Info	GOE J1 J2 J3 J4 J5 J6 J7 J8 J9 Ref
	Skating Skills	1.60 8.75 8.75 8.75 8.75 9.50 8.75 9.25 9.25 9.25 8.96
	Transitions	1.60 8.50 8.75 8.50 8.50 8.75 9.00 9.25 9.50 9.00 8.82
	Performance	1.60 9.50 9.00 9.00 9.00 9.75 9.75 9.50 9.50 9.50 9.39
	Composition	1.60 9.00 8.75 8.75 8.75 9.50 9.50 9.50 9.50 9.25 9.18
	Interpretation of the Music	1.60 9.00 9.00 9.00 8.75 9.50 9.50 9.25 9.50 9.50 9.25
deductions:
	time violation: -1.00

name: Aleksandra BOIKOVA / Dmitrii KOZLOVSKII
rank: 2
startingNbr: 5
elements:
	3S	4.3	1.23		3.0 3.0 3.0 3.0 2.0 3.0 3.0 2.0 3.0
	3T+2T+2T	6.8	1.08		3.0 3.0 3.0 2.0 2.0 2.0 3.0 1.0 3.0
	3Tw4	6.0	1.97		3.0 3.0 4.0 3.0 4.0 2.0 3.0 4.0 3.0
	4Li4	5.1	1.09		3.0 3.0 2.0 3.0 2.0 1.0 2.0 -1.0 2.0
	3STh	4.4	1.26		2.0 4.0 3.0 3.0 3.0 3.0 3.0 3.0 2.0
	PCoSp4	4.5	0.58		1.0 2.0 3.0 1.0 0.0 1.0 0.0 2.0 2.0
	ChSq1	3.0	1.21		2.0 3.0 3.0 3.0 2.0 3.0 2.0 2.0 2.0
	3LoTh	5.0	1.71		3.0 4.0 3.0 3.0 4.0 4.0 3.0 4.0 3.0
	5ALi4	7.0	1.5		1.0 2.0 3.0 2.0 2.0 2.0 2.0 2.0 3.0
	5RLi3	6.6	1.04		2.0 3.0 2.0 2.0 1.0 1.0 1.0 -2.0 2.0
	FiDs4	3.8	0.98		2.0 3.0 3.0 3.0 3.0 2.0 2.0 2.0 3.0
program components:
	Skating Skills	1.60 8.00 8.25 7.50 7.25 7.75 7.50 7.75 6.75 8.25 7.71
	Transitions	1.60 7.50 8.25 7.25 7.00 7.50 8.25 7.50 7.00 7.75 7.54
	Performance	1.60 8.00 8.75 7.75 7.75 8.00 7.75 8.00 7.00 8.25 7.93
	Composition	1.60 7.50 8.50 7.75 7.50 7.75 8.00 8.00 7.00 8.25 7.82
	Interpretation of the Music	1.60 7.00 8.50 8.00 7.50 7.75 7.50 7.50 7.25 8.00 7.64
deductions:

name: Kirsten MOORE-TOWERS / Michael MARINARO
rank: 3
startingNbr: 6
elements:
	3Tw4	6.0	-0.17		0.0 -1.0 -2.0 2.0 0.0 -1.0 0.0 -2.0 2.0
	2A+1Eu+3S<<	5.1	-1.46	<<	-4.0 -3.0 -5.0 -5.0 -4.0 -5.0 -5.0 -5.0 -3.0
	3LoTh	5.0	1.5		3.0 3.0 2.0 3.0 3.0 3.0 4.0 3.0 3.0
	3Li4	5.1	1.09		2.0 2.0 0.0 2.0 3.0 1.0 3.0 4.0 2.0
	PCoSp4	4.5	0.96		2.0 2.0 2.0 2.0 2.0 2.0 3.0 2.0 3.0
	3T	4.2	1.08		3.0 3.0 3.0 -2.0 2.0 2.0 2.0 4.0 3.0
	5RLi4	7.0	1.4		1.0 3.0 1.0 2.0 2.0 2.0 2.0 4.0 2.0
	ChSq1	3.0	1.21		3.0 3.0 1.0 2.0 2.0 3.0 3.0 2.0 2.0
	3STh	4.4	1.07		2.0 2.0 0.0 3.0 2.0 3.0 3.0 2.0 3.0
	5ALi4	7.0	2.4		3.0 3.0 2.0 3.0 4.0 4.0 4.0 4.0 3.0
	FiDs3	3.5	0.95		3.0 3.0 2.0 3.0 2.0 2.0 4.0 3.0 3.0
program components:
#	Info	GOE J1 J2 J3 J4 J5 J6 J7 J8 J9 Ref
	Skating Skills	1.60 7.75 8.25 7.50 8.00 7.75 8.25 8.25 8.00 8.00 8.00
	Transitions	1.60 8.00 8.25 7.25 7.75 7.50 8.00 8.00 8.25 8.25 7.96
	Performance	1.60 8.50 8.50 7.25 8.25 7.75 9.00 8.25 8.25 8.00 8.21
	Composition	1.60 8.25 8.25 7.50 8.00 7.25 8.50 8.50 8.50 8.50 8.21
	Interpretation of the Music	1.60 7.75 8.25 7.75 8.25 7.50 9.00 8.25 8.25 8.50 8.14
deductions:

name: Cheng PENG / Yang JIN
rank: 4
startingNbr: 7
elements:
	2S	1.3	0.17		1.0 1.0 3.0 1.0 1.0 1.0 0.0 2.0 2.0
	3T+1T	4.6	-1.38		-4.0 -3.0 -3.0 -3.0 -2.0 -3.0 -4.0 -4.0 -3.0
	3Tw4	6.0	1.8		3.0 3.0 3.0 3.0 3.0 3.0 4.0 3.0 2.0
	3LoTh	5.0	1.86		4.0 4.0 3.0 4.0 4.0 4.0 3.0 4.0 3.0
	BiDs4	3.8	1.03		2.0 3.0 3.0 3.0 3.0 1.0 4.0 2.0 3.0
	ChSq1	3.0	1.64		3.0 3.0 3.0 3.0 4.0 4.0 4.0 3.0 2.0
	3STh	4.4	1.7		4.0 4.0 4.0 4.0 4.0 4.0 3.0 4.0 3.0
	5RLi3	6.6	1.98		3.0 3.0 3.0 3.0 3.0 3.0 3.0 3.0 3.0
	PCoSp4	4.5	1.22		2.0 2.0 3.0 2.0 3.0 3.0 3.0 3.0 3.0
	5ALi4	7.0	2.3		3.0 3.0 4.0 3.0 3.0 3.0 4.0 4.0 3.0
	4Li3	4.7	1.28		2.0 3.0 3.0 3.0 4.0 2.0 3.0 3.0 2.0
program components:
	Skating Skills	1.60 8.00 8.50 8.25 8.25 8.00 8.75 8.25 7.50 8.00 8.18
	Transitions	1.60 7.75 8.25 8.00 7.75 7.75 7.75 7.75 8.25 7.75 7.86
	Performance	1.60 7.50 8.50 8.25 8.00 8.25 8.25 8.25 7.50 7.75 8.04
	Composition	1.60 8.00 8.50 8.25 8.00 8.25 8.25 8.50 8.25 7.50 8.21
	Interpretation of the Music	1.60 7.50 8.25 8.25 8.00 8.25 8.50 8.00 8.00 7.75 8.07
deductions:

name: Haven DENNEY / Brandon FRAZIER
rank: 5
startingNbr: 1
elements:
	3Tw3	5.7	1.55		3.0 2.0 3.0 3.0 2.0 3.0 3.0 4.0 2.0
	1S	0.4	-0.1		-2.0 -2.0 -3.0 -2.0 -2.0 -2.0 -3.0 -3.0 -3.0
	3LoTh	5.0	-0.36		-1.0 0.0 -1.0 -1.0 0.0 -1.0 -1.0 -2.0 0.0
	5ALi3	6.6	1.98		3.0 3.0 2.0 3.0 3.0 3.0 3.0 4.0 3.0
	2T+2T	2.6	-0.24		-2.0 -1.0 -4.0 -2.0 -2.0 -1.0 -2.0 -2.0 -2.0
	3STh	4.4	0.19		1.0 0.0 0.0 2.0 1.0 0.0 0.0 0.0 1.0
	FiDs4	3.8	0.6		1.0 3.0 0.0 3.0 1.0 0.0 3.0 1.0 2.0
	PCoSp4	4.5	1.16		2.0 3.0 2.0 3.0 3.0 2.0 3.0 2.0 3.0
	ChSq1	3.0	1.14		2.0 2.0 2.0 2.0 3.0 2.0 3.0 3.0 2.0
	3Li4	5.1	1.68		3.0 3.0 3.0 3.0 4.0 4.0 3.0 4.0 3.0
	5RLi3	6.6	2.17		3.0 3.0 2.0 4.0 4.0 3.0 3.0 4.0 3.0
program components:
	Skating Skills	1.60 6.50 7.50 7.25 6.50 7.25 7.50 7.50 7.00 7.25 7.18
	Transitions	1.60 6.25 7.00 6.75 6.75 7.00 7.25 7.00 6.75 7.50 6.93
	Performance	1.60 7.50 7.25 7.00 6.75 7.50 7.00 7.25 6.75 7.50 7.18
	Composition	1.60 7.25 7.25 7.50 7.00 7.25 7.50 7.25 7.25 7.50 7.32
	Interpretation of the Music	1.60 7.00 7.75 7.25 7.00 7.75 7.25 7.25 7.25 7.25 7.29
deductions:

name: Evelyn WALSH / Trennt MICHAUD
rank: 6
startingNbr: 4
elements:
	3T+2T	5.5	0.96		2.0 3.0 2.0 2.0 3.0 2.0 2.0 3.0 2.0
	3Tw1	5.1	-0.36		0.0 -2.0 -3.0 1.0 -1.0 0.0 -1.0 -2.0 2.0
	3S<	3.23	-1.62	<	-5.0 -5.0 -5.0 -5.0 -5.0 -5.0 -5.0 -5.0 -5.0
	5ALi3	6.6	1.41		2.0 3.0 2.0 2.0 1.0 2.0 2.0 4.0 2.0
	3LoTh	5.0	0.93		1.0 2.0 2.0 2.0 3.0 2.0 0.0 2.0 2.0
	5SLi3	5.8	0.99		2.0 1.0 2.0 2.0 2.0 2.0 2.0 1.0 1.0
	FiDs3	3.5	0.55		1.0 1.0 1.0 2.0 1.0 2.0 3.0 2.0 2.0
	3TTh	4.4	0.13		2.0 0.0 -1.0 0.0 1.0 -1.0 0.0 1.0 1.0
	3Li4	5.1	1.09		2.0 3.0 1.0 1.0 2.0 3.0 3.0 2.0 2.0
	ChSq1	3.0	1.14		3.0 2.0 3.0 1.0 3.0 3.0 3.0 1.0 1.0
	PCoSp4	4.5	1.22		4.0 3.0 2.0 1.0 2.0 3.0 2.0 4.0 3.0
program components:
	Skating Skills	1.60 6.75 7.50 7.25 6.50 7.00 6.75 7.25 7.00 7.00 7.00
	Transitions	1.60 6.00 7.50 7.25 6.25 6.25 6.00 6.75 6.75 6.75 6.57
	Performance	1.60 7.75 7.25 7.00 6.75 7.00 7.25 7.00 7.00 7.25 7.11
	Composition	1.60 6.75 7.50 7.25 6.50 7.00 6.25 7.00 7.25 7.50 7.04
	Interpretation of the Music	1.60 7.25 7.75 7.50 6.50 7.25 7.00 7.25 6.75 7.00 7.14
deductions:
	falls: -1.0

name: Ekaterina ALEXANDROVSKAYA / Harley WINDSOR
rank: 7
startingNbr: 3
elements:
	3Tw4	6.0	1.63		3.0 2.0 3.0 3.0 3.0 2.0 3.0 2.0 3.0
	3T+SEQ+2T*	3.36	-1.44	*	-4.0 -3.0 -3.0 -3.0 -3.0 -4.0 -4.0 -5.0 -3.0
	3LoTh	5.0	0.07		0.0 2.0 -2.0 2.0 3.0 -3.0 -1.0 2.0 -2.0
	2S	1.3	-0.5		-4.0 -2.0 -4.0 -4.0 -4.0 -3.0 -4.0 -5.0 -4.0
	4Li4	5.1	0.29		1.0 2.0 0.0 -2.0 1.0 0.0 0.0 0.0 2.0
	PCoSp1	3.0	0.26		1.0 2.0 0.0 -2.0 1.0 0.0 0.0 2.0 2.0
	5RLi4	7.0	0.4		0.0 3.0 2.0 -1.0 1.0 0.0 0.0 -1.0 2.0
	ChSq1	3.0	0.36		0.0 2.0 1.0 1.0 0.0 0.0 0.0 2.0 1.0
	3FTh	5.3	0.83		2.0 1.0 2.0 2.0 2.0 2.0 -1.0 1.0 1.0
	5ALi4	7.0	1.3		2.0 3.0 3.0 1.0 2.0 2.0 1.0 1.0 2.0
	FiDs3	3.5	0.8		1.0 3.0 2.0 2.0 3.0 2.0 2.0 3.0 2.0
program components:
	Skating Skills	1.60 7.00 7.50 6.75 6.75 6.50 7.00 7.00 6.00 7.25 6.89
	Transitions	1.60 5.50 7.50 6.25 6.50 5.75 6.00 6.50 6.25 7.00 6.32
	Performance	1.60 5.75 7.25 6.50 6.25 6.50 6.00 6.50 6.00 7.50 6.43
	Composition	1.60 6.75 7.75 7.00 6.50 6.25 6.25 6.50 6.75 7.50 6.75
	Interpretation of the Music	1.60 6.00 7.50 7.00 6.50 6.00 5.75 6.25 6.50 7.25 6.50
deductions:

name: Camille RUEST / Andrew WOLFE
rank: 8
startingNbr: 2
elements:
	3Tw1	5.1	-1.31		-3.0 -2.0 -3.0 -3.0 -3.0 -1.0 -3.0 -2.0 -2.0
	3T+2T	5.5	0.66		2.0 1.0 1.0 0.0 2.0 2.0 2.0 1.0 2.0
	5RLi3	6.6	1.04		0.0 3.0 1.0 2.0 2.0 2.0 1.0 2.0 1.0
	3LoTh	5.0	-2.5		-5.0 -5.0 -5.0 -5.0 -5.0 -4.0 -5.0 -5.0 -5.0
	PCoSp4	4.5	1.22		2.0 3.0 3.0 3.0 2.0 3.0 3.0 4.0 2.0
	1S	0.4	-0.19		-5.0 -5.0 -4.0 -5.0 -5.0 -4.0 -5.0 -5.0 -4.0
	5ALi4	7.0	1.6		1.0 2.0 1.0 2.0 3.0 3.0 3.0 3.0 2.0
	3STh	4.4	-2.07		-4.0 -2.0 -4.0 -5.0 -5.0 -5.0 -5.0 -5.0 -5.0
	ChSq1	3.0	1.14		2.0 2.0 2.0 2.0 3.0 3.0 3.0 2.0 2.0
	3Li4	5.1	0.95		1.0 3.0 1.0 2.0 2.0 2.0 2.0 3.0 1.0
	BiDs3	3.5	0.65		1.0 3.0 1.0 2.0 2.0 1.0 4.0 3.0 1.0
program components:
	Skating Skills	1.60 6.25 7.25 7.25 6.50 6.50 7.00 6.75 6.75 7.00 6.82
	Transitions	1.60 6.25 7.25 7.00 6.25 6.00 6.75 6.50 6.75 7.00 6.64
	Performance	1.60 6.75 7.00 7.00 6.50 6.00 7.00 6.50 6.25 6.75 6.68
	Composition	1.60 6.75 7.00 7.50 6.75 6.00 6.75 7.25 7.00 7.25 6.96
	Interpretation of the Music	1.60 6.50 7.50 7.00 6.75 6.25 7.25 7.00 6.50 7.00 6.86
deductions:
	falls: -1.0

