event name: ISU GP 2018 Skate Canada International
event type: MEN SHORT PROGRAM
name: Keegan MESSING
rank: 1
startingNbr: 9
elements:
	4T+3T	13.7	2.71		3.0 3.0 3.0 2.0 2.0 3.0 4.0 2.0 4.0
	FCSp3	2.8	0.92		4.0 3.0 3.0 3.0 4.0 4.0 3.0 3.0 3.0
	3A	8.0	3.31		4.0 3.0 4.0 4.0 4.0 5.0 4.0 5.0 4.0
	StSq3	3.3	0.99		3.0 3.0 2.0 3.0 3.0 3.0 3.0 3.0 3.0
	CSSp4	3.0	0.94		4.0 3.0 3.0 3.0 3.0 4.0 3.0 3.0 3.0
	3Lz	6.49	1.85	x	3.0 3.0 3.0 2.0 4.0 5.0 2.0 4.0 3.0
	CCoSp4	3.5	1.3		3.0 2.0 4.0 4.0 4.0 4.0 3.0 4.0 4.0
program components:
	Skating Skills	1.00 9.00 8.25 8.00 8.25 9.00 8.25 8.50 8.25 8.50 8.43
	Transitions	1.00 8.75 8.75 8.25 8.00 8.75 8.00 8.00 8.75 8.25 8.39
	Performance	1.00 8.75 8.50 8.25 8.25 9.00 8.50 8.25 8.50 8.75 8.50
	Composition	1.00 9.00 8.25 8.25 8.25 8.75 8.50 8.00 8.75 8.50 8.46
	Interpretation of the Music	1.00 8.75 8.50 8.25 8.00 9.00 8.75 7.75 8.50 8.50 8.46
deductions:

name: Shoma UNO
rank: 2
startingNbr: 11
elements:
	4F	11.0	3.93		2.0 3.0 4.0 4.0 2.0 4.0 4.0 4.0 4.0
	4T+3T	13.7	-2.31		-2.0 -3.0 -2.0 -4.0 -3.0 -3.0 -2.0 -2.0 -1.0
	FCSp4	3.2	0.82		4.0 2.0 3.0 -2.0 2.0 3.0 3.0 2.0 3.0
	CSSp3	2.6	0.63		2.0 2.0 2.0 3.0 2.0 3.0 3.0 -4.0 3.0
	3A	8.8	-4.0	x	-5.0 -5.0 -5.0 -5.0 -5.0 -5.0 -5.0 -5.0 -5.0
	StSq3	3.3	1.32		4.0 2.0 3.0 5.0 5.0 4.0 4.0 5.0 3.0
	CCoSp3	3.0	0.64		3.0 0.0 2.0 3.0 3.0 1.0 3.0 1.0 2.0
program components:
	Skating Skills	1.00 9.25 9.00 8.50 8.75 9.25 8.50 9.00 8.50 8.75 8.82
	Transitions	1.00 8.50 8.75 8.50 8.75 8.75 8.00 8.50 8.25 8.75 8.57
	Performance	1.00 8.50 8.50 8.00 8.75 8.50 8.50 8.75 7.75 8.50 8.46
	Composition	1.00 9.00 8.75 8.50 9.00 9.00 8.25 8.75 8.50 8.75 8.75
	Interpretation of the Music	1.00 9.25 8.75 8.50 8.75 8.75 8.50 8.75 8.25 8.50 8.64
deductions:
	falls: 1

name: Junhwan CHA
rank: 3
startingNbr: 4
elements:
	4S	9.7	2.77		1.0 2.0 3.0 3.0 3.0 3.0 3.0 4.0 3.0
	3Lz+3Lo	10.8	1.43		1.0 3.0 3.0 3.0 2.0 4.0 2.0 2.0 2.0
	FCSp4	3.2	0.59		3.0 2.0 2.0 1.0 0.0 2.0 2.0 2.0 2.0
	3A	8.8	1.37	x	0.0 0.0 3.0 0.0 2.0 3.0 3.0 3.0 1.0
	CSSp2	2.3	0.53		2.0 2.0 2.0 4.0 2.0 3.0 2.0 3.0 2.0
	StSq3	3.3	1.04		3.0 3.0 3.0 4.0 3.0 3.0 2.0 5.0 3.0
	CCoSp4	3.5	1.1		3.0 2.0 3.0 3.0 3.0 4.0 3.0 4.0 3.0
program components:
	Skating Skills	1.00 8.25 7.75 7.25 7.25 7.75 7.75 7.75 7.75 7.75 7.68
	Transitions	1.00 7.75 7.75 7.25 7.50 7.25 7.25 7.25 8.25 7.50 7.46
	Performance	1.00 8.00 8.00 7.50 7.75 7.25 7.50 7.75 8.00 7.75 7.75
	Composition	1.00 8.00 7.75 7.50 7.75 7.50 7.75 7.50 8.00 8.00 7.75
	Interpretation of the Music	1.00 8.00 8.00 7.50 8.00 7.25 7.75 7.25 8.25 8.00 7.79
deductions:

name: Alexander SAMARIN
rank: 4
startingNbr: 12
elements:
	4Lz	11.5	-1.64		0.0 -2.0 -1.0 -2.0 -1.0 -2.0 -1.0 -2.0 -1.0
	3A	8.0	2.4		3.0 2.0 3.0 4.0 4.0 2.0 3.0 3.0 3.0
	FCSp4	3.2	0.5		2.0 1.0 2.0 1.0 1.0 1.0 2.0 3.0 2.0
	3Lz+3T	11.11	1.77	x	3.0 2.0 3.0 3.0 3.0 3.0 3.0 3.0 3.0
	CCoSp4	3.5	0.75		2.0 1.0 2.0 3.0 2.0 2.0 2.0 2.0 3.0
	StSq3	3.3	0.8		2.0 2.0 3.0 3.0 3.0 1.0 2.0 4.0 2.0
	CSSp4	3.0	0.9		3.0 2.0 3.0 3.0 4.0 2.0 3.0 4.0 3.0
program components:
	Skating Skills	1.00 8.00 8.50 8.00 8.00 8.00 7.25 7.50 7.75 8.25 7.93
	Transitions	1.00 7.50 8.00 7.75 7.50 7.75 7.00 7.00 7.50 7.75 7.54
	Performance	1.00 7.75 8.25 8.25 8.00 8.00 7.50 7.25 7.75 8.25 7.93
	Composition	1.00 8.00 8.00 8.00 7.50 7.75 7.25 7.50 7.50 8.25 7.75
	Interpretation of the Music	1.00 8.00 8.25 8.00 7.50 7.75 7.50 7.25 8.00 8.00 7.82
deductions:

name: Daniel SAMOHIN
rank: 5
startingNbr: 5
elements:
	4T	9.5	2.31		3.0 3.0 3.0 1.0 2.0 2.0 3.0 2.0 2.0
	3A	8.0	2.4		5.0 3.0 3.0 2.0 3.0 2.0 3.0 4.0 3.0
	FCSp3	2.8	0.32		2.0 0.0 2.0 0.0 1.0 2.0 1.0 0.0 2.0
	3Lz+3T	11.11	0.0	x	0.0 1.0 0.0 -2.0 0.0 0.0 2.0 -2.0 1.0
	CCoSp4	3.5	0.6		2.0 2.0 2.0 3.0 1.0 2.0 1.0 2.0 0.0
	StSq2	2.6	0.78		3.0 2.0 3.0 4.0 3.0 3.0 3.0 3.0 3.0
	CSSp4	3.0	0.56		2.0 2.0 1.0 2.0 1.0 2.0 2.0 2.0 2.0
program components:
	Skating Skills	1.00 8.00 7.75 7.25 7.50 8.00 7.25 7.50 6.25 7.50 7.54
	Transitions	1.00 7.75 7.50 7.25 7.00 7.25 7.00 7.00 6.25 7.50 7.21
	Performance	1.00 8.25 7.75 7.50 7.75 7.75 7.25 7.50 6.50 8.00 7.64
	Composition	1.00 7.75 7.50 7.50 7.50 7.50 7.25 7.25 6.50 7.75 7.46
	Interpretation of the Music	1.00 8.00 7.75 7.75 7.50 7.50 7.50 7.25 6.75 7.75 7.57
deductions:

name: Alexander MAJOROV
rank: 6
startingNbr: 6
elements:
	4T	9.5	0.95		0.0 2.0 2.0 0.0 0.0 0.0 2.0 2.0 1.0
	3A	8.0	1.49		1.0 2.0 3.0 1.0 2.0 1.0 3.0 2.0 2.0
	FCSp4	3.2	0.27		1.0 1.0 1.0 0.0 1.0 2.0 1.0 0.0 1.0
	3Lz+3T	11.11	1.35	x	2.0 2.0 3.0 2.0 3.0 3.0 2.0 2.0 2.0
	CSSp2	2.3	0.53		1.0 1.0 3.0 3.0 2.0 3.0 2.0 3.0 2.0
	StSq4	3.9	0.89		2.0 2.0 2.0 1.0 3.0 2.0 2.0 4.0 3.0
	CCoSp4	3.5	0.75		2.0 2.0 2.0 2.0 2.0 2.0 2.0 4.0 3.0
program components:
	Skating Skills	1.00 7.50 7.25 7.25 7.25 7.50 7.25 7.50 6.50 7.50 7.36
	Transitions	1.00 7.25 7.00 7.25 6.75 7.50 7.00 7.00 6.50 7.50 7.11
	Performance	1.00 7.50 7.50 7.50 7.25 8.00 7.50 7.50 6.75 8.00 7.54
	Composition	1.00 7.50 7.25 7.50 7.00 8.00 7.25 7.25 6.75 8.00 7.39
	Interpretation of the Music	1.00 7.50 7.50 7.50 7.00 7.75 7.50 7.25 7.50 8.00 7.50
deductions:

name: Nam NGUYEN
rank: 7
startingNbr: 8
elements:
	4S+3T<	12.85	-0.28	<	-2.0 0.0 0.0 -1.0 -1.0 0.0 0.0 1.0 0.0
	FCSp3	2.8	0.36		2.0 1.0 1.0 0.0 1.0 3.0 1.0 1.0 2.0
	3A	8.0	2.06		2.0 3.0 3.0 2.0 2.0 4.0 2.0 3.0 3.0
	CSSp4	3.0	0.43		1.0 2.0 1.0 1.0 1.0 3.0 1.0 2.0 2.0
	3F	5.83	1.36	x	3.0 2.0 3.0 2.0 3.0 3.0 2.0 3.0 2.0
	StSq2	2.6	0.67		2.0 3.0 3.0 2.0 2.0 3.0 2.0 4.0 3.0
	CCoSp4	3.5	0.75		2.0 1.0 2.0 2.0 2.0 3.0 1.0 3.0 4.0
program components:
	Skating Skills	1.00 7.50 7.50 7.50 7.25 8.00 7.50 7.25 7.75 7.75 7.54
	Transitions	1.00 7.25 7.25 7.50 7.25 7.50 7.50 6.75 7.75 7.50 7.39
	Performance	1.00 7.75 7.75 7.75 8.00 8.25 7.75 7.00 8.00 8.00 7.86
	Composition	1.00 7.50 7.25 7.75 7.50 8.00 7.75 7.25 8.00 8.25 7.68
	Interpretation of the Music	1.00 7.75 7.75 7.75 7.50 8.25 7.75 7.00 8.25 8.00 7.82
deductions:

name: Kazuki TOMONO
rank: 8
startingNbr: 7
elements:
	4S	9.7	2.91		2.0 3.0 4.0 4.0 3.0 2.0 2.0 4.0 3.0
	3F+3T	9.5	1.29		1.0 3.0 3.0 3.0 2.0 3.0 2.0 1.0 3.0
	CSSp2	2.3	0.59		1.0 2.0 3.0 3.0 3.0 3.0 2.0 3.0 2.0
	3A	8.8	-1.03	x	-2.0 -1.0 -1.0 -2.0 -1.0 -1.0 1.0 -2.0 -1.0
	FCSp3	2.8	0.04		0.0 -1.0 0.0 0.0 0.0 1.0 0.0 0.0 1.0
	StSq2	2.6	0.67		1.0 2.0 3.0 4.0 3.0 2.0 2.0 5.0 2.0
	CCoSp4	3.5	0.0		-1.0 0.0 1.0 0.0 0.0 0.0 1.0 -2.0 0.0
program components:
	Skating Skills	1.00 7.25 8.00 7.25 7.75 8.00 7.25 7.25 7.25 7.75 7.50
	Transitions	1.00 7.00 7.75 7.50 7.75 7.75 7.00 6.75 7.75 7.50 7.46
	Performance	1.00 7.00 8.25 7.50 8.50 8.00 7.50 7.00 7.25 8.00 7.64
	Composition	1.00 7.25 7.75 7.25 8.25 7.75 7.25 7.00 8.00 7.75 7.57
	Interpretation of the Music	1.00 7.25 8.25 7.50 8.25 8.00 7.50 6.75 8.00 8.00 7.79
deductions:

name: Brendan KERRY
rank: 9
startingNbr: 3
elements:
	4T	9.5	1.09		0.0 1.0 2.0 0.0 1.0 1.0 2.0 2.0 1.0
	3Lz+3T	10.1	1.26		0.0 2.0 2.0 3.0 3.0 2.0 1.0 3.0 2.0
	CCSp3	2.8	0.32		1.0 0.0 2.0 0.0 1.0 3.0 1.0 2.0 1.0
	3A	8.8	1.49	x	2.0 2.0 3.0 1.0 2.0 2.0 2.0 1.0 2.0
	StSq2	2.6	0.56		2.0 2.0 2.0 2.0 3.0 2.0 1.0 3.0 2.0
	CCoSp4	3.5	0.35		0.0 0.0 2.0 1.0 2.0 1.0 2.0 0.0 1.0
	FSSp4	3.0	0.26		-1.0 1.0 1.0 1.0 1.0 0.0 1.0 2.0 1.0
program components:
	Skating Skills	1.00 7.25 7.00 7.00 7.00 7.25 7.25 7.00 6.25 7.25 7.11
	Transitions	1.00 6.75 7.00 7.00 6.75 7.00 7.00 6.50 6.50 7.00 6.86
	Performance	1.00 7.00 7.25 7.25 7.25 7.25 7.25 6.75 6.25 7.50 7.14
	Composition	1.00 7.25 7.25 7.25 7.00 7.25 7.25 7.25 6.50 7.50 7.21
	Interpretation of the Music	1.00 7.25 6.75 7.00 7.00 7.00 7.50 7.00 6.25 7.25 7.04
deductions:

name: Kevin AYMOZ
rank: 10
startingNbr: 2
elements:
	4T<	7.13	-0.61	<	-2.0 -1.0 -1.0 -1.0 -1.0 0.0 0.0 1.0 -2.0
	3Lz+3T	10.1	1.1		0.0 1.0 3.0 1.0 2.0 2.0 3.0 2.0 2.0
	CCSp4	3.2	0.41		1.0 0.0 2.0 1.0 1.0 2.0 1.0 2.0 1.0
	3A	8.8	-1.14	x	-2.0 -1.0 -2.0 -3.0 -1.0 -2.0 -1.0 -1.0 -1.0
	FSSp3	2.6	0.67		2.0 3.0 2.0 2.0 3.0 4.0 2.0 4.0 2.0
	CCoSp4	3.5	0.65		2.0 2.0 2.0 1.0 2.0 3.0 2.0 2.0 1.0
	StSq4	3.9	1.34		4.0 4.0 3.0 3.0 4.0 3.0 2.0 5.0 3.0
program components:
	Skating Skills	1.00 7.75 7.75 6.75 7.25 7.50 7.25 7.25 7.00 7.00 7.29
	Transitions	1.00 7.50 7.75 7.00 7.00 7.25 7.50 6.75 7.25 7.00 7.21
	Performance	1.00 7.50 8.25 7.25 8.00 8.00 7.75 7.00 7.50 7.25 7.61
	Composition	1.00 7.25 8.00 6.75 7.75 7.75 7.50 7.50 7.50 7.25 7.50
	Interpretation of the Music	1.00 7.50 8.00 7.00 7.50 7.75 7.75 7.25 8.00 7.25 7.57
deductions:

name: Jason BROWN
rank: 11
startingNbr: 10
elements:
	3F	5.3	2.12		5.0 4.0 3.0 5.0 4.0 4.0 3.0 4.0 4.0
	3A<	6.0	-3.0	<	-5.0 -5.0 -5.0 -5.0 -5.0 -5.0 -5.0 -4.0 -5.0
	FSSp3	2.6	0.71		3.0 2.0 3.0 3.0 2.0 3.0 3.0 3.0 2.0
	CCoSp4	3.5	1.3		3.0 2.0 4.0 4.0 3.0 4.0 4.0 5.0 4.0
	3Lz<+2T	6.3	-0.19	< x	-2.0 -1.0 1.0 -1.0 -1.0 0.0 0.0 1.0 -1.0
	CCSp4	3.2	1.37		5.0 4.0 4.0 5.0 4.0 4.0 4.0 5.0 4.0
	StSq4	3.9	1.39		3.0 3.0 3.0 3.0 4.0 4.0 4.0 5.0 4.0
program components:
	Skating Skills	1.00 8.75 9.00 8.50 8.25 8.00 8.50 8.75 8.75 8.75 8.61
	Transitions	1.00 8.50 9.00 8.50 8.00 7.75 8.25 8.50 8.75 8.75 8.46
	Performance	1.00 8.50 8.75 8.00 8.75 8.00 8.75 8.50 8.75 8.50 8.54
	Composition	1.00 8.75 8.75 8.50 8.50 8.00 8.50 9.00 8.75 8.75 8.64
	Interpretation of the Music	1.00 8.75 8.75 8.50 8.50 8.25 8.75 8.75 9.00 9.00 8.71
deductions:
	falls: 1

name: Roman SADOVSKY
rank: 12
startingNbr: 1
elements:
	4S<	7.28	-3.01	<	-4.0 -4.0 -3.0 -5.0 -4.0 -5.0 -2.0 -4.0 -5.0
	4T<+3T<	10.28	-2.04	<	-3.0 -4.0 -1.0 -4.0 -2.0 -2.0 -2.0 -3.0 -4.0
	FCSp4	3.2	0.96		3.0 2.0 3.0 4.0 3.0 4.0 3.0 3.0 2.0
	3A<	6.6	-3.0	< x	-5.0 -5.0 -5.0 -5.0 -5.0 -5.0 -5.0 -5.0 -5.0
	CSSp4	3.0	0.86		2.0 2.0 3.0 5.0 4.0 4.0 2.0 3.0 2.0
	StSq3	3.3	0.75		1.0 2.0 2.0 3.0 2.0 3.0 2.0 3.0 2.0
	CCoSp4	3.5	1.1		2.0 2.0 1.0 4.0 3.0 4.0 4.0 4.0 3.0
program components:
	Skating Skills	1.00 7.25 7.25 7.00 7.25 7.50 7.50 7.50 6.50 7.25 7.29
	Transitions	1.00 7.00 7.00 6.75 7.25 7.25 7.25 7.00 6.25 7.00 7.04
	Performance	1.00 7.00 7.50 6.75 7.50 7.50 7.50 7.25 6.00 6.75 7.18
	Composition	1.00 7.25 7.25 6.75 7.25 7.25 7.25 7.50 6.50 7.00 7.14
	Interpretation of the Music	1.00 7.25 7.50 7.00 7.50 7.50 7.75 7.25 6.50 7.00 7.29
deductions:
	falls: 1

