event name: ISU GP 2018 Skate Canada International
event type: LADIES FREE SKATING
name: Evgenia MEDVEDEVA
rank: 1
startingNbr: 5
elements:
	3Lz+2T+2T	8.5	0.67	!	2.0 1.0 1.0 0.0 -1.0 1.0 2.0 1.0 2.0
	2A	3.3	0.8		3.0 3.0 3.0 3.0 2.0 2.0 1.0 2.0 2.0
	3Lze	4.43	-0.57	e	-1.0 -1.0 -1.0 -2.0 -1.0 -2.0 -1.0 -2.0 -1.0
	FCSp4	3.2	0.69		2.0 2.0 2.0 2.0 2.0 2.0 2.0 3.0 3.0
	ChSq1	3.0	1.5		3.0 4.0 3.0 4.0 3.0 2.0 3.0 3.0 2.0
	2A	3.3	0.75		2.0 4.0 2.0 3.0 2.0 2.0 3.0 2.0 2.0
	3F+3T	10.45	1.51	x	3.0 3.0 3.0 3.0 2.0 3.0 4.0 2.0 3.0
	3S+3T	9.35	1.04	x	3.0 3.0 3.0 2.0 2.0 2.0 3.0 2.0 2.0
	3Lo<	4.05	-0.26	< x	0.0 -2.0 -1.0 -2.0 0.0 -1.0 1.0 -1.0 0.0
	FCCoSp3V	2.25	0.36		3.0 2.0 1.0 2.0 2.0 1.0 2.0 1.0 0.0
	StSq4	3.9	1.34		4.0 4.0 3.0 3.0 3.0 4.0 4.0 3.0 3.0
	CCoSp3V	2.25	0.71		3.0 3.0 4.0 3.0 3.0 3.0 4.0 3.0 3.0
program components:
	Skating Skills	1.60 8.75 9.50 9.00 8.25 8.00 8.50 9.25 9.25 9.25 8.89
	Transitions	1.60 8.25 9.00 9.00 7.75 7.75 7.50 9.00 8.75 8.75 8.46
	Performance	1.60 8.50 9.50 9.25 8.50 8.25 9.00 9.50 8.75 9.50 9.00
	Composition	1.60 8.75 9.25 9.00 8.25 8.50 7.75 9.25 9.25 9.00 8.86
	Interpretation of the Music	1.60 8.50 9.50 9.00 7.75 8.50 8.75 9.50 8.75 9.25 8.89
deductions:

name: Mako YAMASHITA
rank: 2
startingNbr: 11
elements:
	3Lz+3T+2T	11.4	1.77		3.0 2.0 2.0 3.0 3.0 3.0 4.0 3.0 4.0
	3F	5.3	0.53	!	1.0 0.0 1.0 1.0 1.0 1.0 1.0 1.0 1.0
	2A	3.3	0.71		2.0 2.0 3.0 3.0 2.0 2.0 2.0 2.0 2.0
	CCoSp4	3.5	0.7		2.0 1.0 2.0 3.0 3.0 2.0 2.0 2.0 1.0
	ChSq1	3.0	1.21		3.0 3.0 2.0 3.0 3.0 2.0 2.0 2.0 1.0
	2A	3.3	0.75		2.0 2.0 2.0 4.0 2.0 3.0 3.0 2.0 1.0
	FCSp4	3.2	0.46		1.0 2.0 2.0 2.0 2.0 0.0 2.0 1.0 0.0
	3Lz+3T	11.11	1.85	x	3.0 3.0 2.0 3.0 3.0 5.0 3.0 4.0 3.0
	3Lo<	4.05	-0.32	< x	0.0 -2.0 -1.0 -1.0 0.0 0.0 0.0 -2.0 -2.0
	StSq3	3.3	1.13		3.0 4.0 3.0 4.0 2.0 3.0 4.0 4.0 3.0
	3S+2T	6.16	0.86	x	2.0 2.0 2.0 2.0 2.0 3.0 2.0 2.0 2.0
	FCCoSp4	3.5	0.9		2.0 2.0 2.0 3.0 4.0 3.0 3.0 2.0 3.0
program components:
	Skating Skills	1.60 7.75 8.00 8.25 9.00 8.00 8.50 8.75 9.00 8.00 8.36
	Transitions	1.60 7.50 7.50 8.00 8.25 7.75 8.00 8.50 7.75 8.00 7.89
	Performance	1.60 7.50 8.00 8.25 8.75 8.00 7.50 8.75 8.50 8.25 8.18
	Composition	1.60 8.00 8.00 8.00 9.25 8.00 7.75 8.50 8.25 8.50 8.18
	Interpretation of the Music	1.60 7.75 7.75 8.00 9.00 8.25 7.75 8.75 8.00 8.00 8.07
deductions:

name: Elizaveta TUKTAMYSHEVA
rank: 3
startingNbr: 10
elements:
	3A	8.0	-4.0		-5.0 -5.0 -5.0 -5.0 -5.0 -5.0 -5.0 -5.0 -5.0
	3Lz+2T	7.2	1.18		3.0 2.0 2.0 1.0 2.0 2.0 2.0 2.0 2.0
	3Lz	5.9	1.6		2.0 3.0 3.0 3.0 3.0 3.0 2.0 3.0 2.0
	LSp3	2.4	0.55		3.0 3.0 3.0 1.0 2.0 2.0 3.0 2.0 0.0
	StSq3	3.3	0.75		3.0 1.0 2.0 2.0 2.0 3.0 2.0 2.0 3.0
	2A+3T	7.5	0.78		2.0 0.0 2.0 2.0 2.0 2.0 1.0 2.0 2.0
	3Lo	5.39	0.98	x	3.0 2.0 2.0 2.0 3.0 2.0 1.0 2.0 1.0
	3S	4.73	1.04	x	2.0 2.0 2.0 3.0 3.0 3.0 3.0 2.0 1.0
	ChSq1	3.0	1.0		3.0 1.0 2.0 2.0 3.0 2.0 1.0 2.0 2.0
	2A+2T+2Lo	6.93	0.05	x	2.0 0.0 1.0 0.0 2.0 -1.0 -2.0 0.0 -1.0
	FSSp4	3.0	0.51		3.0 2.0 2.0 2.0 2.0 1.0 2.0 1.0 -1.0
	CCoSp3	3.0	0.47		3.0 0.0 2.0 1.0 3.0 1.0 3.0 0.0 1.0
program components:
	Skating Skills	1.60 8.50 8.25 8.75 7.50 8.00 8.00 8.00 7.50 7.75 8.00
	Transitions	1.60 8.25 7.75 8.50 7.00 8.25 7.50 8.00 7.25 7.25 7.75
	Performance	1.60 8.25 8.50 8.50 7.75 8.50 8.50 8.25 7.75 8.50 8.32
	Composition	1.60 8.50 8.50 8.75 7.25 8.25 7.75 8.50 7.50 8.00 8.14
	Interpretation of the Music	1.60 8.50 8.50 8.75 7.75 8.50 8.25 8.25 8.00 8.25 8.32
deductions:
	falls: 1

name: Mariah BELL
rank: 4
startingNbr: 8
elements:
	2A+3T	7.5	-1.08		-2.0 -3.0 -1.0 -2.0 -4.0 -3.0 -2.0 -3.0 -3.0
	3Lo	4.9	0.91		2.0 1.0 1.0 2.0 2.0 2.0 2.0 2.0 2.0
	CCoSp4	3.5	1.3		3.0 4.0 4.0 4.0 3.0 4.0 4.0 4.0 3.0
	3F+2T	6.6	1.06		3.0 0.0 2.0 2.0 2.0 2.0 3.0 2.0 1.0
	FCCoSp4	3.5	1.05		3.0 3.0 3.0 3.0 3.0 3.0 4.0 3.0 2.0
	StSq3	3.3	0.85		3.0 2.0 3.0 2.0 2.0 3.0 4.0 3.0 2.0
	2A	3.3	0.33		2.0 0.0 1.0 1.0 1.0 1.0 1.0 1.0 1.0
	3Lz+2T+2Lo<	9.33	-0.59	< x	1.0 -2.0 -1.0 -2.0 -2.0 -1.0 0.0 0.0 -1.0
	3F	5.83	1.06	x	2.0 1.0 1.0 2.0 2.0 3.0 3.0 2.0 2.0
	3Lz<	4.87	-2.22	< x	-5.0 -5.0 -5.0 -5.0 -5.0 -5.0 -5.0 -5.0 -5.0
	ChSq1	3.0	1.86		3.0 4.0 3.0 4.0 4.0 4.0 5.0 4.0 3.0
	LSp4	2.7	1.04		4.0 4.0 4.0 4.0 3.0 4.0 5.0 4.0 3.0
program components:
	Skating Skills	1.60 7.75 8.00 8.25 7.50 7.50 8.00 8.50 8.50 8.50 8.07
	Transitions	1.60 7.50 7.25 8.00 7.75 7.25 7.25 8.50 8.00 8.00 7.68
	Performance	1.60 7.50 7.75 8.00 8.25 7.50 8.25 8.00 8.25 8.50 8.00
	Composition	1.60 8.00 8.00 8.25 8.00 7.75 7.75 8.75 8.25 8.25 8.07
	Interpretation of the Music	1.60 7.75 8.00 8.25 8.25 7.75 8.00 8.75 8.50 8.50 8.18
deductions:
	falls: 1

name: Elizabet TURSYNBAEVA
rank: 5
startingNbr: 6
elements:
	3Lz	5.9	-2.95		-5.0 -5.0 -5.0 -5.0 -5.0 -4.0 -5.0 -5.0 -5.0
	3F	5.3	0.68		2.0 0.0 2.0 2.0 1.0 1.0 1.0 1.0 1.0
	2A	3.3	-0.38		-1.0 -2.0 -1.0 -1.0 -1.0 -1.0 -1.0 -2.0 -1.0
	3Lo	4.9	-0.28		1.0 -1.0 0.0 0.0 0.0 -1.0 -1.0 -1.0 -1.0
	FCSp4	3.2	0.55		2.0 3.0 2.0 2.0 1.0 1.0 2.0 2.0 1.0
	ChSq1	3.0	1.43		3.0 4.0 3.0 2.0 3.0 2.0 4.0 3.0 2.0
	3S+3T	9.35	1.11	x	3.0 3.0 2.0 3.0 2.0 2.0 3.0 3.0 2.0
	2A+3T	8.25	0.84	x	3.0 2.0 2.0 2.0 2.0 2.0 2.0 2.0 1.0
	3S+2T+2T	7.59	0.43	x	2.0 1.0 1.0 1.0 1.0 0.0 2.0 1.0 0.0
	CCoSp4	3.5	0.85		2.0 3.0 2.0 2.0 3.0 1.0 3.0 3.0 2.0
	StSq2	2.6	0.74		3.0 3.0 2.0 3.0 3.0 3.0 4.0 3.0 1.0
	FCCoSp4	3.5	1.2		3.0 4.0 3.0 1.0 4.0 3.0 4.0 3.0 4.0
program components:
	Skating Skills	1.60 7.75 8.50 8.00 7.50 7.25 7.25 7.50 7.75 8.00 7.68
	Transitions	1.60 7.25 8.25 8.00 7.00 6.75 6.50 7.50 7.50 7.75 7.39
	Performance	1.60 7.50 8.25 7.75 7.50 7.25 7.25 7.25 7.75 7.75 7.54
	Composition	1.60 7.75 8.50 8.25 6.75 7.25 6.50 7.75 8.00 8.25 7.71
	Interpretation of the Music	1.60 7.50 8.25 8.00 7.25 7.50 7.50 7.75 8.00 8.00 7.75
deductions:
	falls: 1

name: Daria PANENKOVA
rank: 6
startingNbr: 1
elements:
	2A	3.3	0.42		2.0 1.0 1.0 2.0 2.0 1.0 1.0 1.0 1.0
	3Lz+3T	10.1	1.52		3.0 2.0 1.0 3.0 2.0 3.0 3.0 3.0 2.0
	3S	4.3	0.68		2.0 0.0 2.0 2.0 1.0 3.0 2.0 1.0 1.0
	2A	3.3	0.28		2.0 0.0 1.0 2.0 1.0 2.0 0.0 0.0 0.0
	StSq2	2.6	0.19		2.0 0.0 1.0 1.0 0.0 0.0 2.0 0.0 1.0
	3Lz+3T	11.11	-0.67	x	1.0 -1.0 -1.0 -2.0 -1.0 -1.0 -2.0 -1.0 -1.0
	3F+2T+2Lo	9.13	-1.97	! x	-2.0 -4.0 -2.0 -4.0 -5.0 -4.0 -5.0 -4.0 -3.0
	FSSp4	3.0	0.34		1.0 3.0 1.0 2.0 2.0 1.0 0.0 1.0 0.0
	3Lo	5.39	0.84	x	2.0 3.0 2.0 2.0 1.0 2.0 1.0 2.0 1.0
	ChSq1	3.0	0.64		2.0 1.0 1.0 2.0 2.0 1.0 0.0 1.0 1.0
	CCoSp4	3.5	0.6		2.0 2.0 1.0 1.0 2.0 2.0 3.0 1.0 2.0
	FCCoSp4	3.5	0.8		2.0 3.0 2.0 2.0 2.0 3.0 3.0 2.0 2.0
program components:
	Skating Skills	1.60 7.25 7.25 6.50 7.25 6.75 6.50 6.25 6.50 7.75 6.86
	Transitions	1.60 6.75 6.75 6.25 6.50 6.00 5.75 6.00 5.75 7.50 6.29
	Performance	1.60 7.00 7.50 6.50 6.00 6.25 5.25 6.00 6.25 7.25 6.46
	Composition	1.60 7.00 7.50 6.50 6.75 6.50 5.50 6.50 6.25 7.50 6.71
	Interpretation of the Music	1.60 6.75 7.00 6.25 5.50 6.50 4.75 6.25 6.00 7.25 6.32
deductions:
	time violation: -1.00

name: Wakaba HIGUCHI
rank: 7
startingNbr: 9
elements:
	2S	1.3	0.07		1.0 0.0 1.0 1.0 0.0 1.0 0.0 2.0 0.0
	3Lz+3T<	9.05	-0.59	<	1.0 -2.0 -1.0 -2.0 0.0 -1.0 -1.0 -1.0 -1.0
	CCoSp3	3.0	0.64		2.0 2.0 3.0 2.0 3.0 1.0 3.0 2.0 1.0
	2A	3.3	0.8		3.0 2.0 3.0 3.0 3.0 2.0 2.0 2.0 2.0
	FCSp4	3.2	0.64		2.0 2.0 3.0 2.0 3.0 2.0 1.0 2.0 1.0
	3Lz+3T<	9.05	-0.42	<	1.0 -2.0 -1.0 -2.0 0.0 0.0 -2.0 0.0 0.0
	3Lo<<	1.87	-0.8	<< x	-2.0 -5.0 -4.0 -5.0 -5.0 -5.0 -4.0 -5.0 -5.0
	3F	5.83	-2.2	! x	-3.0 -4.0 -2.0 -4.0 -4.0 -5.0 -5.0 -5.0 -4.0
	2A+2T+2Lo	6.93	0.33	x	2.0 0.0 1.0 1.0 2.0 0.0 1.0 2.0 0.0
	StSq2	2.6	0.41		3.0 1.0 2.0 2.0 2.0 2.0 1.0 1.0 1.0
	ChSq1	3.0	0.93		3.0 2.0 2.0 2.0 2.0 1.0 2.0 2.0 1.0
	LSp4	2.7	0.73		3.0 3.0 3.0 3.0 2.0 4.0 3.0 2.0 2.0
program components:
	Skating Skills	1.60 8.50 7.50 8.00 8.00 8.25 8.50 7.75 8.50 8.00 8.14
	Transitions	1.60 8.00 7.50 7.25 7.75 8.00 7.25 7.25 7.75 7.25 7.54
	Performance	1.60 8.25 7.75 7.50 7.00 8.25 7.75 7.00 7.75 7.75 7.68
	Composition	1.60 8.25 7.25 7.75 8.00 8.50 7.50 7.25 8.25 8.00 7.86
	Interpretation of the Music	1.60 8.00 7.00 7.50 7.25 8.50 8.50 7.75 8.00 7.50 7.79
deductions:

name: Alaine CHARTRAND
rank: 8
startingNbr: 3
elements:
	3Lz+3T<	9.05	-0.42	<	0.0 -2.0 -1.0 -1.0 -1.0 0.0 0.0 0.0 -2.0
	2Fe	1.35	-0.31	e	-2.0 -3.0 -1.0 -4.0 -2.0 -2.0 -2.0 -2.0 -3.0
	2A	3.3	0.52		2.0 1.0 2.0 1.0 1.0 2.0 2.0 3.0 0.0
	FCCoSp3	3.0	0.56		2.0 2.0 1.0 1.0 2.0 2.0 3.0 2.0 2.0
	StSq3	3.3	0.75		2.0 3.0 1.0 1.0 2.0 3.0 4.0 3.0 2.0
	3Lo	4.9	0.84		3.0 1.0 2.0 1.0 1.0 2.0 3.0 2.0 1.0
	2A+1Eu+3S<	7.73	-0.71	< x	-1.0 -3.0 -1.0 -2.0 -2.0 -2.0 -4.0 -2.0 -3.0
	2Lz	2.31	0.09	x	2.0 0.0 0.0 0.0 0.0 1.0 0.0 2.0 0.0
	3S<+2T	4.98	-0.46	< x	-1.0 -2.0 -1.0 -2.0 -1.0 -1.0 -3.0 -1.0 -2.0
	ChSq1	3.0	1.14		2.0 3.0 2.0 1.0 2.0 3.0 4.0 3.0 1.0
	FCSSp4	3.0	0.86		3.0 3.0 2.0 1.0 3.0 3.0 4.0 3.0 3.0
	CCoSp4	3.5	0.8		2.0 2.0 2.0 1.0 3.0 2.0 4.0 3.0 2.0
program components:
	Skating Skills	1.60 7.25 7.50 7.50 6.75 7.25 7.25 7.50 8.00 7.50 7.39
	Transitions	1.60 6.75 7.25 7.25 6.00 6.75 6.50 7.25 7.50 7.50 7.04
	Performance	1.60 7.00 7.00 7.50 7.00 7.50 7.50 7.50 7.75 7.75 7.39
	Composition	1.60 7.25 7.50 7.50 6.50 7.25 6.75 7.50 7.75 7.75 7.36
	Interpretation of the Music	1.60 7.00 7.50 7.75 6.75 7.50 7.25 7.75 8.00 7.50 7.46
deductions:

name: Starr ANDREWS
rank: 9
startingNbr: 7
elements:
	3Lz	5.9	-1.6	!	-2.0 -3.0 -1.0 -3.0 -3.0 -3.0 -3.0 -4.0 -2.0
	3F	5.3	-2.65		-5.0 -5.0 -5.0 -5.0 -5.0 -5.0 -5.0 -5.0 -5.0
	2A+3T<	6.45	-0.28	<	0.0 -2.0 -1.0 -2.0 -1.0 0.0 3.0 -1.0 -1.0
	LSp4	2.7	0.93		3.0 4.0 4.0 4.0 3.0 4.0 3.0 3.0 3.0
	FCCoSp4	3.5	0.95		2.0 3.0 3.0 3.0 3.0 2.0 3.0 2.0 3.0
	ChSq1	3.0	1.0		2.0 2.0 3.0 1.0 3.0 1.0 2.0 2.0 2.0
	3S	4.3	0.92		1.0 2.0 2.0 2.0 2.0 2.0 3.0 2.0 3.0
	2A+3T<+2T	8.53	-0.33	< x	0.0 -1.0 -1.0 -2.0 -1.0 -1.0 0.0 -1.0 -2.0
	StSq2	2.6	0.56		2.0 1.0 2.0 2.0 2.0 2.0 2.0 3.0 3.0
	3Lo<+2T	5.48	-0.89	< x	-2.0 -3.0 -1.0 -3.0 -1.0 -2.0 -4.0 -3.0 -3.0
	3Lo<	4.05	-0.63	< x	0.0 -2.0 -1.0 -2.0 -2.0 -1.0 -2.0 -2.0 -2.0
	CCoSp4	3.5	0.8		2.0 3.0 3.0 1.0 2.0 2.0 3.0 2.0 2.0
program components:
	Skating Skills	1.60 7.25 7.50 7.50 6.00 7.25 6.50 6.50 7.00 8.00 7.07
	Transitions	1.60 6.50 7.50 7.50 6.50 7.00 6.25 6.50 6.75 8.00 6.89
	Performance	1.60 6.75 7.50 7.25 7.25 7.50 6.50 6.25 7.00 8.25 7.11
	Composition	1.60 7.00 7.75 7.50 6.75 7.25 6.50 6.75 7.25 8.50 7.18
	Interpretation of the Music	1.60 6.75 7.25 7.50 7.25 7.50 7.25 6.75 7.50 8.25 7.29
deductions:
	falls: 1

name: Yura MATSUDA
rank: 10
startingNbr: 2
elements:
	3Lo<+2T	4.98	-0.42	<	-1.0 -2.0 -1.0 -1.0 -1.0 -1.0 -1.0 -1.0 -2.0
	2A+1Eu+2S	5.1	0.14		1.0 0.0 1.0 0.0 0.0 0.0 1.0 2.0 0.0
	CCoSp4	3.5	0.7		2.0 3.0 1.0 2.0 1.0 1.0 3.0 3.0 2.0
	3Lo<	3.68	-0.32	<	-1.0 -2.0 -1.0 -1.0 -1.0 0.0 0.0 0.0 -2.0
	3S+2T	5.6	0.49		1.0 0.0 1.0 1.0 0.0 2.0 2.0 2.0 1.0
	FCSp4	3.2	0.55		2.0 2.0 1.0 2.0 1.0 1.0 2.0 2.0 2.0
	3T	4.62	0.36	x	2.0 0.0 1.0 0.0 1.0 1.0 1.0 1.0 1.0
	StSq2	2.6	0.45		2.0 1.0 1.0 2.0 0.0 3.0 3.0 3.0 0.0
	3S<	3.55	-0.41	< x	-2.0 -2.0 -1.0 -1.0 -1.0 -1.0 -1.0 -1.0 -2.0
	2A	3.63	0.28	x	1.0 0.0 0.0 1.0 1.0 1.0 1.0 1.0 1.0
	ChSq1	3.0	0.79		2.0 2.0 1.0 2.0 1.0 2.0 1.0 2.0 0.0
	FCCoSp4	3.5	0.6		2.0 2.0 1.0 2.0 1.0 2.0 2.0 2.0 1.0
program components:
	Skating Skills	1.60 6.75 7.50 6.25 7.00 6.25 7.50 6.50 7.25 7.75 6.96
	Transitions	1.60 6.25 7.00 6.00 6.50 6.00 6.00 6.25 7.00 7.50 6.43
	Performance	1.60 6.50 7.25 6.50 6.75 6.50 6.75 6.25 7.25 7.25 6.79
	Composition	1.60 7.00 7.25 6.25 6.75 6.25 6.00 6.50 7.25 7.50 6.75
	Interpretation of the Music	1.60 6.75 7.50 6.50 7.00 6.25 6.50 6.75 7.50 7.00 6.86
deductions:

name: Alicia PINEAULT
rank: 11
startingNbr: 4
elements:
	3Lz	5.9	0.42		2.0 1.0 1.0 0.0 0.0 1.0 -1.0 2.0 0.0
	2A+2T	4.6	0.47		1.0 2.0 1.0 1.0 1.0 2.0 2.0 2.0 1.0
	3S+2T+2Lo	7.3	-1.04		-2.0 -3.0 -1.0 -3.0 -3.0 -2.0 -4.0 -2.0 -2.0
	FSSp4	3.0	0.51		2.0 3.0 2.0 1.0 1.0 2.0 2.0 2.0 1.0
	3T	4.2	-0.66		0.0 -2.0 -1.0 -3.0 -1.0 -1.0 -2.0 -3.0 -1.0
	3Lo<	4.05	-0.53	< x	0.0 -2.0 -1.0 -2.0 -2.0 -1.0 -1.0 -1.0 -2.0
	2S	1.43	-0.2	x	0.0 -2.0 -1.0 -2.0 -2.0 0.0 -3.0 -3.0 -1.0
	2A	3.63	-0.75	x	-1.0 -3.0 -2.0 -3.0 -2.0 -2.0 -3.0 -2.0 -2.0
	CCoSp4	3.5	0.2		1.0 2.0 1.0 0.0 0.0 1.0 1.0 0.0 0.0
	ChSq1	3.0	0.86		2.0 2.0 1.0 1.0 2.0 2.0 3.0 2.0 1.0
	StSq2	2.6	0.19		1.0 1.0 1.0 1.0 1.0 0.0 1.0 0.0 0.0
	FCCoSp4	3.5	0.7		2.0 2.0 2.0 1.0 2.0 2.0 3.0 2.0 2.0
program components:
	Skating Skills	1.60 7.00 7.00 7.25 6.50 6.50 6.25 6.25 6.50 6.75 6.64
	Transitions	1.60 6.50 6.75 7.00 5.75 6.25 5.75 6.25 6.25 6.50 6.32
	Performance	1.60 6.75 6.75 6.75 6.50 6.50 6.50 5.75 6.00 7.00 6.54
	Composition	1.60 7.00 7.00 7.25 6.25 6.75 6.00 6.25 6.50 7.00 6.68
	Interpretation of the Music	1.60 6.75 7.00 7.50 6.25 6.50 6.25 6.50 6.25 6.75 6.57
deductions:

