event name: ISU GP 2018 Skate Canada International
event type: MEN FREE SKATING
name: Shoma UNO
rank: 1
startingNbr: 11
elements:
	4S<	7.28	-0.1	<	0.0 0.0 0.0 0.0 -1.0 0.0 1.0 0.0 -2.0
	4F	11.0	3.77		3.0 3.0 3.0 4.0 3.0 3.0 4.0 4.0 4.0
	4T	9.5	2.99		3.0 3.0 3.0 3.0 3.0 2.0 4.0 3.0 4.0
	FCSp4	3.2	0.96		4.0 3.0 3.0 3.0 2.0 3.0 3.0 3.0 3.0
	FCCoSp3	3.0	1.03		4.0 3.0 3.0 4.0 3.0 4.0 3.0 4.0 3.0
	ChSq1	3.0	1.71		4.0 3.0 3.0 5.0 3.0 3.0 4.0 3.0 4.0
	4T+2T	10.8	2.99		3.0 3.0 3.0 5.0 4.0 3.0 3.0 3.0 3.0
	3A	8.8	2.74	x	3.0 3.0 3.0 4.0 3.0 3.0 5.0 5.0 3.0
	3A+1Eu+3F	15.18	-2.74	x	-3.0 -4.0 -3.0 -4.0 -3.0 -4.0 -5.0 -2.0 -3.0
	3S+3T	9.35	-2.15	x	-5.0 -5.0 -4.0 -5.0 -5.0 -5.0 -5.0 -5.0 -5.0
	StSq3	3.3	1.18		4.0 3.0 3.0 4.0 3.0 4.0 4.0 5.0 3.0
	CCoSp4	3.5	1.45		3.0 3.0 4.0 5.0 5.0 4.0 4.0 5.0 4.0
program components:
	Skating Skills	2.00 9.25 9.00 8.75 9.00 9.00 9.00 9.25 9.25 9.00 9.07
	Transitions	2.00 8.75 8.50 8.75 9.25 8.50 8.75 9.00 8.75 9.00 8.79
	Performance	2.00 9.00 8.75 8.75 8.75 8.50 8.50 8.75 8.75 8.75 8.71
	Composition	2.00 9.25 8.50 8.75 9.25 9.00 8.75 8.75 9.25 9.25 9.00
	Interpretation of the Music	2.00 9.25 8.75 8.75 8.75 8.75 8.75 8.75 8.75 8.75 8.75
deductions:
	falls: 2

name: Keegan MESSING
rank: 2
startingNbr: 12
elements:
	3Lz	5.9	2.19		4.0 3.0 4.0 4.0 3.0 3.0 4.0 4.0 4.0
	4T	9.5	3.12		3.0 3.0 3.0 3.0 3.0 2.0 4.0 4.0 4.0
	3A+2T	9.3	1.94		1.0 3.0 2.0 3.0 2.0 2.0 3.0 2.0 4.0
	FSSp4	3.0	0.99		4.0 3.0 3.0 3.0 4.0 4.0 3.0 3.0 3.0
	3Lo	4.9	1.4		3.0 3.0 3.0 3.0 3.0 3.0 2.0 2.0 4.0
	StSq3	3.3	1.13		3.0 3.0 2.0 4.0 3.0 3.0 4.0 4.0 4.0
	4T<+REP	5.49	-3.57	< x	-5.0 -5.0 -5.0 -5.0 -5.0 -5.0 -5.0 -5.0 -5.0
	3S+3T	9.35	0.98	x	1.0 2.0 2.0 2.0 2.0 3.0 3.0 2.0 3.0
	3A	8.8	2.51	x	2.0 3.0 3.0 3.0 3.0 3.0 3.0 4.0 4.0
	FCCoSp4	3.5	1.15		4.0 3.0 3.0 3.0 4.0 3.0 3.0 3.0 4.0
	ChSq1	3.0	1.86		4.0 3.0 2.0 4.0 3.0 4.0 4.0 4.0 4.0
	CCoSp3	3.0	1.16		4.0 3.0 3.0 5.0 4.0 4.0 3.0 5.0 4.0
program components:
	Skating Skills	2.00 9.00 8.50 8.00 8.75 8.75 8.50 8.75 8.25 9.25 8.64
	Transitions	2.00 8.75 8.50 8.00 8.50 8.25 8.00 8.25 8.75 9.25 8.43
	Performance	2.00 8.75 9.00 8.25 9.00 8.75 8.75 8.50 9.50 9.25 8.86
	Composition	2.00 9.00 8.75 8.25 8.75 8.50 8.75 8.75 9.25 9.50 8.82
	Interpretation of the Music	2.00 9.00 9.00 8.25 8.75 8.75 9.00 8.50 9.25 9.00 8.86
deductions:
	falls: 1

name: Junhwan CHA
rank: 3
startingNbr: 10
elements:
	4T<	7.13	-3.57	<	-5.0 -5.0 -5.0 -5.0 -5.0 -5.0 -5.0 -5.0 -5.0
	4S	9.7	3.33		2.0 3.0 3.0 5.0 3.0 3.0 4.0 4.0 4.0
	3Lz+3Lo	10.8	0.08	!	0.0 0.0 1.0 -1.0 0.0 0.0 1.0 -1.0 1.0
	StSq3	3.3	1.13		3.0 3.0 3.0 4.0 3.0 4.0 4.0 3.0 4.0
	FCSp4	3.2	0.69		2.0 2.0 2.0 3.0 2.0 2.0 2.0 2.0 3.0
	ChSq1	3.0	1.5		2.0 3.0 2.0 4.0 1.0 4.0 3.0 4.0 3.0
	3A+2T	9.3	1.49		1.0 2.0 2.0 3.0 2.0 2.0 2.0 1.0 2.0
	3A	8.8	1.71	x	1.0 3.0 3.0 1.0 1.0 3.0 3.0 0.0 3.0
	3F+1Eu+3S<	9.93	-0.08	< x	-1.0 0.0 0.0 0.0 -1.0 0.0 0.0 1.0 0.0
	3Lo	5.39	1.12	x	2.0 3.0 2.0 3.0 2.0 2.0 2.0 1.0 3.0
	CCoSp4	3.5	1.1		3.0 3.0 2.0 4.0 3.0 3.0 3.0 4.0 3.0
	CSSp4	3.0	0.94		2.0 3.0 3.0 3.0 3.0 4.0 3.0 4.0 3.0
program components:
	Skating Skills	2.00 8.50 8.00 8.00 8.00 8.00 8.25 8.00 7.75 8.75 8.11
	Transitions	2.00 8.00 7.50 7.75 7.50 7.75 7.50 7.50 7.25 8.50 7.64
	Performance	2.00 8.25 7.75 7.75 8.50 8.25 8.25 7.75 8.25 8.75 8.14
	Composition	2.00 8.50 7.75 8.00 8.50 8.00 8.00 8.00 7.75 8.75 8.11
	Interpretation of the Music	2.00 8.25 8.00 8.00 8.50 8.25 8.25 7.75 8.25 8.75 8.21
deductions:
	falls: 1

name: Alexander SAMARIN
rank: 4
startingNbr: 8
elements:
	4Lz	11.5	-0.99		-2.0 -1.0 1.0 -1.0 -2.0 -1.0 1.0 -2.0 0.0
	4T	9.5	-2.71		-3.0 -3.0 -2.0 -4.0 -2.0 -4.0 -3.0 -3.0 -2.0
	3A+3T	12.2	1.14		0.0 2.0 2.0 2.0 1.0 1.0 2.0 -1.0 2.0
	CSSp4	3.0	0.73		2.0 2.0 3.0 3.0 2.0 2.0 3.0 1.0 3.0
	3Lo	4.9	0.98		1.0 3.0 2.0 1.0 3.0 2.0 2.0 2.0 2.0
	StSq2	2.6	0.56		2.0 3.0 3.0 1.0 2.0 2.0 2.0 2.0 2.0
	3A	8.8	2.29	x	3.0 3.0 2.0 3.0 3.0 2.0 3.0 3.0 3.0
	3Lz+3T	11.11	1.6	x	2.0 3.0 3.0 3.0 3.0 2.0 3.0 2.0 3.0
	3F+1Eu<+2S	7.68	-1.14	! x	-2.0 -3.0 0.0 -3.0 -2.0 -3.0 -1.0 -4.0 -1.0
	FCSp4	3.2	0.41		2.0 1.0 1.0 0.0 1.0 1.0 2.0 1.0 2.0
	ChSq1	3.0	0.79		1.0 2.0 2.0 2.0 1.0 2.0 2.0 1.0 1.0
	CCoSp4	3.5	0.55		1.0 2.0 1.0 3.0 1.0 2.0 2.0 0.0 2.0
program components:
	Skating Skills	2.00 8.00 7.75 8.00 7.50 8.00 7.50 7.75 6.75 7.75 7.75
	Transitions	2.00 7.50 7.75 7.50 7.25 7.50 7.00 7.25 6.50 7.00 7.29
	Performance	2.00 7.75 7.50 7.75 7.50 7.75 7.75 7.50 6.25 7.50 7.61
	Composition	2.00 8.00 7.75 8.00 7.00 7.50 7.50 7.75 6.75 7.50 7.57
	Interpretation of the Music	2.00 7.75 7.50 8.00 7.25 7.50 7.75 7.50 6.50 7.50 7.54
deductions:

name: Nam NGUYEN
rank: 5
startingNbr: 4
elements:
	4S<+2T	8.58	-0.73	<	-2.0 -1.0 -1.0 -1.0 -1.0 -1.0 0.0 -1.0 -1.0
	4S	9.7	2.77		2.0 3.0 3.0 3.0 2.0 3.0 3.0 3.0 3.0
	3A+3T	12.2	1.6		0.0 2.0 3.0 2.0 1.0 2.0 3.0 2.0 2.0
	FCSSp2V	1.73	0.17		1.0 1.0 1.0 1.0 0.0 1.0 1.0 1.0 1.0
	StSq3	3.3	0.71		1.0 3.0 3.0 1.0 1.0 2.0 2.0 3.0 3.0
	3A	8.0	1.83		1.0 2.0 3.0 3.0 2.0 3.0 3.0 2.0 1.0
	3Lz	6.49	1.18	x	2.0 2.0 2.0 2.0 2.0 2.0 2.0 2.0 3.0
	3F+1Eu<+3S<	9.8	-1.14	< x	-3.0 -1.0 0.0 -3.0 -1.0 -3.0 -2.0 -3.0 -2.0
	FCCoSp3	3.0	0.26		0.0 1.0 2.0 1.0 0.0 1.0 1.0 0.0 2.0
	ChSq1	3.0	1.29		1.0 3.0 3.0 2.0 2.0 4.0 2.0 4.0 2.0
	3Lo	5.39	-0.42	x	-2.0 0.0 -1.0 -3.0 -2.0 -2.0 3.0 1.0 0.0
	CCoSp4	3.5	0.65		1.0 2.0 3.0 1.0 1.0 2.0 2.0 2.0 3.0
program components:
	Skating Skills	2.00 7.50 7.25 7.75 7.50 7.75 7.50 7.50 7.50 8.00 7.57
	Transitions	2.00 7.00 7.25 7.25 7.50 7.25 7.00 7.25 7.00 7.50 7.21
	Performance	2.00 7.50 7.75 7.75 8.00 8.00 7.75 7.25 7.75 8.00 7.79
	Composition	2.00 7.75 7.50 7.50 7.50 7.75 7.50 7.75 7.50 8.25 7.61
	Interpretation of the Music	2.00 7.75 7.50 7.75 7.50 8.00 7.75 7.50 8.00 8.00 7.75
deductions:

name: Jason BROWN
rank: 6
startingNbr: 1
elements:
	2S	1.3	0.22		1.0 2.0 3.0 0.0 2.0 1.0 2.0 2.0 2.0
	3A+3T	12.2	1.94		2.0 3.0 2.0 2.0 2.0 2.0 3.0 3.0 3.0
	3S	4.3	1.04		0.0 2.0 3.0 2.0 2.0 2.0 3.0 3.0 3.0
	FCSp4	3.2	1.23		4.0 3.0 4.0 4.0 3.0 4.0 4.0 4.0 4.0
	ChSq1	3.0	1.5		4.0 2.0 2.0 2.0 3.0 4.0 3.0 3.0 4.0
	3Lo	4.9	1.12		1.0 2.0 3.0 1.0 2.0 3.0 2.0 4.0 3.0
	2A+2T+2Lo	6.93	0.09	x	0.0 1.0 0.0 0.0 0.0 0.0 2.0 0.0 1.0
	3F+3T<	9.3	-0.23	< x	-1.0 0.0 -1.0 -1.0 -1.0 0.0 1.0 0.0 0.0
	3Lz	6.49	1.69	x	3.0 2.0 3.0 3.0 3.0 2.0 3.0 3.0 3.0
	FCCoSp3	3.0	0.9		3.0 3.0 3.0 4.0 3.0 2.0 3.0 3.0 3.0
	StSq4	3.9	1.28		3.0 3.0 3.0 3.0 3.0 3.0 4.0 4.0 4.0
	CCoSp4	3.5	1.35		3.0 3.0 4.0 4.0 4.0 4.0 4.0 5.0 4.0
program components:
	Skating Skills	2.00 8.75 8.75 8.25 7.75 8.00 8.25 8.75 8.25 8.75 8.43
	Transitions	2.00 8.25 8.50 8.50 8.25 7.75 7.75 8.50 8.50 8.50 8.32
	Performance	2.00 8.50 8.50 8.50 8.25 8.25 8.25 8.50 8.00 8.50 8.39
	Composition	2.00 8.50 8.75 8.50 8.50 8.00 8.50 9.00 8.25 8.75 8.54
	Interpretation of the Music	2.00 8.75 8.50 8.25 8.50 8.25 8.50 8.75 8.50 8.50 8.50
deductions:

name: Kevin AYMOZ
rank: 7
startingNbr: 2
elements:
	4T	9.5	0.81		1.0 2.0 0.0 1.0 0.0 0.0 2.0 1.0 1.0
	3Lz+3T	10.1	1.26		2.0 2.0 3.0 3.0 2.0 0.0 3.0 1.0 2.0
	3A<<	3.3	-1.65	<<	-5.0 -5.0 -4.0 -5.0 -5.0 -5.0 -5.0 -5.0 -5.0
	3Lo	4.9	0.7		0.0 1.0 2.0 1.0 1.0 2.0 2.0 3.0 1.0
	CCSp4	3.2	0.46		1.0 1.0 2.0 1.0 1.0 1.0 2.0 2.0 2.0
	3A+2T	9.3	1.83		2.0 2.0 2.0 4.0 3.0 0.0 3.0 2.0 2.0
	3Lz+1Eu<+3S<	10.46	-1.01	< x	-2.0 0.0 0.0 -2.0 -2.0 -2.0 -3.0 -2.0 -2.0
	3Fe	4.38	-0.57	e x	-2.0 -3.0 0.0 -2.0 -1.0 -2.0 -1.0 0.0 -2.0
	ChSq1	3.0	1.64		4.0 4.0 3.0 3.0 4.0 2.0 3.0 3.0 3.0
	FSSp4	3.0	0.64		2.0 3.0 2.0 2.0 3.0 1.0 2.0 3.0 1.0
	CCoSp3	3.0	0.34		1.0 2.0 1.0 0.0 1.0 1.0 2.0 1.0 1.0
	StSq4	3.9	1.17		4.0 3.0 2.0 3.0 4.0 1.0 2.0 4.0 3.0
program components:
	Skating Skills	2.00 7.75 8.50 7.50 8.00 7.75 7.25 7.75 7.25 7.25 7.61
	Transitions	2.00 8.00 8.25 7.25 8.25 7.50 7.00 7.25 6.75 7.50 7.54
	Performance	2.00 7.75 8.50 7.50 8.75 8.50 7.50 7.50 7.75 7.50 7.86
	Composition	2.00 8.00 8.25 7.50 8.50 8.00 7.25 8.00 7.00 8.00 7.86
	Interpretation of the Music	2.00 8.00 8.50 7.50 8.50 8.25 7.50 7.75 7.50 8.00 7.93
deductions:

name: Roman SADOVSKY
rank: 8
startingNbr: 3
elements:
	4S	9.7	3.05		2.0 3.0 3.0 4.0 3.0 2.0 4.0 4.0 3.0
	4T	9.5	-3.12		-3.0 -3.0 -3.0 -3.0 -3.0 -4.0 -3.0 -4.0 -5.0
	3A+3T<<	9.3	-3.89	<<	-5.0 -5.0 -4.0 -5.0 -5.0 -5.0 -4.0 -5.0 -5.0
	StSq3	3.3	0.71		1.0 2.0 2.0 3.0 2.0 1.0 2.0 4.0 3.0
	4S+1Eu+3S	14.5	1.66		0.0 2.0 1.0 2.0 1.0 1.0 3.0 3.0 2.0
	3A<	6.6	-3.0	< x	-5.0 -5.0 -4.0 -5.0 -5.0 -5.0 -5.0 -5.0 -5.0
	FCCoSp3V	2.25	0.39		1.0 2.0 1.0 2.0 1.0 2.0 2.0 2.0 2.0
	3Lo	5.39	-0.56	x	-1.0 -2.0 -2.0 -2.0 -1.0 0.0 1.0 -3.0 0.0
	2A	3.63	-0.99	x	-3.0 -3.0 0.0 -3.0 -3.0 -4.0 -3.0 -3.0 -3.0
	CCSp4	3.2	0.5		2.0 1.0 2.0 1.0 2.0 1.0 2.0 1.0 2.0
	ChSq1	3.0	0.5		1.0 0.0 2.0 1.0 0.0 1.0 2.0 0.0 2.0
	CCoSp4	3.5	0.6		2.0 0.0 1.0 3.0 1.0 1.0 3.0 2.0 2.0
program components:
	Skating Skills	2.00 7.50 7.50 7.50 7.50 7.50 7.50 7.50 7.25 7.50 7.50
	Transitions	2.00 7.25 7.00 7.25 7.00 6.75 6.75 7.00 6.75 7.25 7.00
	Performance	2.00 7.25 7.25 7.25 7.25 7.50 7.25 7.25 6.50 7.50 7.29
	Composition	2.00 7.50 7.25 7.50 7.75 7.25 7.25 7.50 7.25 8.00 7.43
	Interpretation of the Music	2.00 7.50 7.50 7.50 7.50 7.00 7.25 7.25 7.00 7.50 7.36
deductions:

name: Daniel SAMOHIN
rank: 9
startingNbr: 9
elements:
	4T	9.5	0.68		1.0 1.0 1.0 -1.0 1.0 1.0 0.0 1.0 0.0
	4S	9.7	-4.85		-5.0 -5.0 -5.0 -5.0 -5.0 -5.0 -5.0 -5.0 -5.0
	3Lo<	3.68	-1.84	<	-5.0 -5.0 -5.0 -5.0 -5.0 -5.0 -5.0 -5.0 -5.0
	FCSp2	2.3	0.26		2.0 1.0 2.0 -1.0 0.0 1.0 1.0 1.0 2.0
	ChSq1	3.0	1.0		2.0 2.0 1.0 0.0 3.0 3.0 3.0 2.0 1.0
	3Lz+2T	7.2	1.18		2.0 1.0 2.0 0.0 3.0 1.0 3.0 3.0 2.0
	CSSp4	3.0	0.47		2.0 2.0 1.0 0.0 1.0 2.0 2.0 2.0 1.0
	2T	1.43	0.07	x	0.0 2.0 0.0 -1.0 1.0 0.0 1.0 1.0 1.0
	3A+1Eu+3S	14.08	1.03	x	1.0 2.0 1.0 0.0 0.0 1.0 3.0 2.0 2.0
	3A	8.8	-2.06	x	-1.0 -3.0 -2.0 -3.0 -2.0 -4.0 -3.0 -3.0 -2.0
	CCoSp4	3.5	0.65		2.0 2.0 1.0 2.0 2.0 3.0 1.0 2.0 2.0
	StSq3	3.3	0.99		3.0 3.0 3.0 3.0 3.0 4.0 3.0 3.0 3.0
program components:
	Skating Skills	2.00 8.00 7.50 7.50 7.50 8.25 7.75 7.50 7.25 7.75 7.64
	Transitions	2.00 7.75 7.25 7.50 6.75 7.75 7.25 7.25 7.00 7.50 7.36
	Performance	2.00 7.75 7.25 7.50 7.00 8.25 7.75 7.25 7.25 7.50 7.46
	Composition	2.00 8.00 7.50 7.75 6.75 8.00 8.00 7.75 7.50 8.00 7.79
	Interpretation of the Music	2.00 8.00 7.50 7.75 7.00 8.25 8.00 7.50 7.25 8.00 7.71
deductions:
	falls: 2

name: Kazuki TOMONO
rank: 10
startingNbr: 5
elements:
	4S	9.7	-4.85		-5.0 -5.0 -5.0 -5.0 -5.0 -5.0 -5.0 -5.0 -5.0
	4S<+REP	5.1	-3.64	<	-5.0 -5.0 -5.0 -5.0 -5.0 -5.0 -5.0 -5.0 -5.0
	3A+1Eu<+3S	12.68	-0.34	<	-2.0 -1.0 0.0 -1.0 -1.0 1.0 0.0 0.0 0.0
	FSSp1	2.0	0.26		0.0 1.0 2.0 2.0 0.0 1.0 2.0 1.0 2.0
	StSq2	2.6	0.85		3.0 4.0 3.0 4.0 3.0 2.0 3.0 4.0 3.0
	3Lo	4.9	1.26		1.0 3.0 3.0 3.0 3.0 2.0 2.0 2.0 3.0
	3A	8.8	-4.0	x	-5.0 -5.0 -5.0 -4.0 -5.0 -5.0 -5.0 -5.0 -5.0
	3F+3T	10.45	0.61	x	0.0 1.0 2.0 2.0 0.0 1.0 2.0 0.0 2.0
	FCCoSp4	3.5	0.65		0.0 2.0 2.0 2.0 1.0 2.0 2.0 2.0 3.0
	3Lz+2T	7.92	-0.42	! x	-1.0 -2.0 1.0 -1.0 -1.0 -1.0 0.0 -1.0 0.0
	ChSq1	3.0	1.0		1.0 1.0 3.0 3.0 3.0 1.0 2.0 0.0 3.0
	CCoSp4	3.5	0.45		0.0 1.0 2.0 0.0 1.0 2.0 2.0 1.0 2.0
program components:
	Skating Skills	2.00 7.00 7.75 7.75 7.75 7.75 7.25 7.50 6.75 7.50 7.50
	Transitions	2.00 6.50 7.75 7.75 7.25 7.50 6.50 7.00 6.50 7.50 7.14
	Performance	2.00 6.25 7.50 7.50 8.50 7.50 7.50 7.25 6.25 7.50 7.29
	Composition	2.00 7.00 7.50 7.75 8.00 8.25 7.25 7.75 6.75 8.00 7.61
	Interpretation of the Music	2.00 7.00 7.75 7.75 8.25 8.00 7.50 7.50 6.50 7.50 7.57
deductions:
	falls: 1

name: Brendan KERRY
rank: 11
startingNbr: 6
elements:
	4T	9.5	-3.12		-3.0 -3.0 -3.0 -3.0 -2.0 -4.0 -3.0 -4.0 -4.0
	4S	9.7	2.91		2.0 3.0 3.0 3.0 3.0 3.0 3.0 4.0 3.0
	3A+2T	9.3	1.83		2.0 3.0 2.0 3.0 2.0 1.0 3.0 2.0 2.0
	1Lo	0.5	-0.03		-1.0 0.0 0.0 -2.0 -1.0 0.0 0.0 -5.0 0.0
	FSSp4	3.0	0.26		0.0 1.0 1.0 0.0 1.0 1.0 1.0 1.0 1.0
	ChSq1	3.0	0.5		1.0 1.0 2.0 0.0 1.0 1.0 2.0 0.0 1.0
	3Lz+2T	7.92	0.51	x	-1.0 0.0 1.0 1.0 1.0 0.0 2.0 1.0 2.0
	2Lz+1Eu+3S	7.59	0.0	x	-1.0 0.0 0.0 0.0 0.0 0.0 1.0 -2.0 1.0
	3A	8.8	-2.74	x	-4.0 -4.0 -3.0 -3.0 -3.0 -3.0 -3.0 -5.0 -4.0
	CCSp3	2.8	0.12		0.0 0.0 1.0 -1.0 1.0 1.0 1.0 -1.0 1.0
	StSq2	2.6	0.56		2.0 3.0 2.0 2.0 2.0 2.0 2.0 2.0 3.0
	CCoSpB	1.7	0.02		-1.0 -1.0 0.0 1.0 0.0 1.0 1.0 -2.0 1.0
program components:
	Skating Skills	2.00 7.50 7.25 7.75 6.75 7.50 7.00 7.25 6.25 7.50 7.25
	Transitions	2.00 7.00 7.00 7.25 6.75 6.75 6.50 6.75 6.00 7.25 6.86
	Performance	2.00 7.25 7.00 7.50 7.00 7.50 7.25 7.00 6.00 7.50 7.21
	Composition	2.00 7.50 7.50 7.50 7.25 7.25 7.00 7.25 6.25 8.00 7.32
	Interpretation of the Music	2.00 7.50 7.00 7.75 7.00 7.50 7.25 7.00 6.25 7.75 7.29
deductions:

name: Alexander MAJOROV
rank: 12
startingNbr: 7
elements:
	4T	9.5	-1.22		-2.0 -1.0 0.0 -3.0 -1.0 -2.0 1.0 -1.0 -2.0
	3A	8.0	-2.86		-3.0 -4.0 -3.0 -4.0 -3.0 -4.0 -3.0 -5.0 -4.0
	2Lz+3T	6.3	0.48		0.0 1.0 1.0 0.0 2.0 1.0 2.0 1.0 2.0
	FCCoSp4	3.5	0.55		1.0 2.0 2.0 2.0 1.0 1.0 2.0 1.0 2.0
	3F	5.3	0.98		1.0 1.0 3.0 2.0 2.0 2.0 2.0 2.0 2.0
	StSq3	3.3	0.57		1.0 2.0 2.0 1.0 1.0 2.0 2.0 2.0 2.0
	3A+1T	9.24	-1.6	x	-2.0 -3.0 -1.0 -2.0 -2.0 -2.0 0.0 -4.0 -2.0
	2A+2T	5.06	0.28	x	0.0 1.0 2.0 0.0 0.0 0.0 2.0 2.0 1.0
	FSSp1	2.0	0.06		1.0 1.0 0.0 -1.0 0.0 0.0 1.0 -2.0 1.0
	3S	4.73	0.86	x	0.0 3.0 3.0 1.0 2.0 2.0 2.0 2.0 2.0
	ChSq1	3.0	1.07		2.0 3.0 3.0 2.0 2.0 2.0 2.0 2.0 2.0
	CCoSp4	3.5	0.8		2.0 3.0 3.0 2.0 1.0 2.0 2.0 3.0 2.0
program components:
	Skating Skills	2.00 7.50 7.25 7.75 6.75 7.50 7.75 7.50 6.25 7.50 7.39
	Transitions	2.00 7.00 7.50 7.50 6.75 7.00 7.25 7.25 6.00 7.25 7.14
	Performance	2.00 7.25 7.25 7.25 7.00 7.25 7.50 7.25 6.00 7.50 7.25
	Composition	2.00 7.50 7.50 7.50 6.50 7.50 7.50 7.50 6.75 7.50 7.39
	Interpretation of the Music	2.00 7.50 7.50 7.75 6.75 7.50 7.75 7.50 6.25 7.75 7.46
deductions:
	late start: -1.00

