event name: ISU Grand Prix of Figure Skating Final 2018
event type: JUNIOR LADIES FREE S
name: Alena KOSTORNAIA
rank: 1
startingNbr: 4
elements:
	2A	3.3	1.32		4.0 5.0 4.0 4.0 3.0 5.0 3.0 4.0 4.0
	3Lo	4.9	1.82		4.0 3.0 3.0 3.0 4.0 4.0 4.0 4.0 4.0
	3Lz+2T+2T	8.5	2.02		3.0 4.0 4.0 3.0 3.0 2.0 3.0 4.0 4.0
	2A	3.3	1.27		4.0 4.0 4.0 3.0 4.0 4.0 3.0 4.0 4.0
	FCCoSp4	3.5	1.15		3.0 4.0 3.0 3.0 3.0 4.0 3.0 4.0 3.0
	3F+3T	10.45	2.2	x	4.0 3.0 3.0 4.0 4.0 4.0 5.0 5.0 5.0
	3S+3T	9.35	0.61	x	2.0 1.0 1.0 2.0 1.0 1.0 2.0 1.0 2.0
	3F	5.83	1.06	x	2.0 2.0 1.0 2.0 2.0 2.0 2.0 2.0 2.0
	CCoSp4	3.5	1.2		3.0 4.0 3.0 3.0 3.0 4.0 3.0 5.0 4.0
	StSq4	3.9	1.45		3.0 3.0 4.0 4.0 3.0 4.0 4.0 4.0 4.0
	LSp4	2.7	1.04		5.0 3.0 4.0 2.0 4.0 4.0 3.0 5.0 4.0
program components:
	Skating Skills	1.60 8.25 8.75 8.50 7.50 8.25 8.50 8.25 9.00 8.25 8.39
	Transitions	1.60 8.25 8.50 8.25 7.00 8.00 8.50 8.25 8.75 8.00 8.25
	Performance	1.60 8.50 9.00 8.50 7.25 8.25 9.00 8.50 8.75 8.50 8.57
	Composition	1.60 8.50 8.25 8.50 7.00 8.00 8.75 8.25 8.75 8.50 8.39
	Interpretation of the Music	1.60 8.25 8.75 8.50 7.50 8.25 8.75 8.25 9.00 8.50 8.46
deductions:

name: Alexandra TRUSOVA
rank: 2
startingNbr: 5
elements:
	4Lz	11.5	-3.45		-4.0 -4.0 -3.0 -2.0 -2.0 -3.0 -3.0 -2.0 -4.0
	4Lz<+REP	6.04	-4.32	<	-5.0 -5.0 -5.0 -5.0 -5.0 -5.0 -5.0 -5.0 -5.0
	4T	9.5	0.54		2.0 1.0 -1.0 0.0 2.0 1.0 2.0 -1.0 -1.0
	2A+3T	7.5	0.9		2.0 1.0 1.0 2.0 3.0 2.0 3.0 3.0 2.0
	FCCoSp4	3.5	0.8		1.0 1.0 2.0 2.0 3.0 3.0 3.0 4.0 2.0
	3Lz+3Lo	11.88	0.51	x	1.0 0.0 1.0 0.0 2.0 2.0 2.0 -1.0 0.0
	3Lz+1Eu+3S	11.77	1.52	x	3.0 2.0 3.0 2.0 3.0 3.0 3.0 2.0 2.0
	CCoSp4	3.5	0.9		3.0 1.0 3.0 -1.0 3.0 3.0 3.0 3.0 2.0
	3F	5.83	1.67	x	3.0 3.0 4.0 2.0 4.0 3.0 3.0 4.0 2.0
	FCSp4	3.2	1.05		4.0 4.0 3.0 3.0 3.0 2.0 3.0 4.0 3.0
	StSq4	3.9	1.17		3.0 3.0 4.0 1.0 3.0 3.0 4.0 3.0 2.0
program components:
	Skating Skills	1.60 7.75 7.50 8.75 6.75 7.75 8.00 8.00 8.50 8.00 7.93
	Transitions	1.60 7.75 7.50 8.25 6.50 7.75 7.50 7.75 8.00 7.50 7.68
	Performance	1.60 7.50 7.25 8.00 6.75 7.50 8.00 7.75 8.00 7.50 7.64
	Composition	1.60 8.00 7.00 8.75 7.25 8.00 7.75 8.00 8.25 7.75 7.86
	Interpretation of the Music	1.60 7.75 7.50 8.50 6.75 7.75 8.00 8.25 8.25 7.50 7.86
deductions:
	falls: -1.0

name: Alena KANYSHEVA
rank: 3
startingNbr: 6
elements:
	2A	3.3	0.99		3.0 3.0 3.0 3.0 3.0 3.0 3.0 4.0 3.0
	3Lz	5.9	1.85		3.0 2.0 4.0 3.0 3.0 3.0 3.0 4.0 3.0
	FCCoSp3	3.0	0.9		3.0 3.0 3.0 4.0 2.0 3.0 3.0 4.0 2.0
	LSp4	2.7	0.69		2.0 2.0 1.0 2.0 3.0 4.0 1.0 4.0 4.0
	2A	3.3	0.71		2.0 2.0 2.0 2.0 3.0 2.0 2.0 3.0 2.0
	3Lo	4.9	1.19		2.0 3.0 3.0 3.0 2.0 2.0 2.0 3.0 2.0
	3Lz+3T	11.11	1.35	x	2.0 3.0 3.0 3.0 2.0 2.0 2.0 1.0 2.0
	3F+1Eu+3S<	9.93	-0.38	< x	-1.0 -1.0 -1.0 -1.0 0.0 -1.0 0.0 -1.0 1.0
	StSq3	3.3	0.99		2.0 4.0 3.0 4.0 2.0 3.0 3.0 3.0 3.0
	3F+2T	7.26	0.98	x	1.0 2.0 2.0 2.0 3.0 1.0 2.0 2.0 2.0
	CCoSp4	3.5	0.7		3.0 1.0 3.0 1.0 2.0 3.0 2.0 1.0 2.0
program components:
	Skating Skills	1.60 7.75 7.75 8.25 7.00 7.50 7.25 7.75 7.50 7.50 7.57
	Transitions	1.60 7.50 8.00 8.25 7.25 7.00 7.75 7.50 7.25 7.50 7.54
	Performance	1.60 7.75 7.75 8.50 7.50 7.50 7.50 7.75 7.75 7.75 7.68
	Composition	1.60 7.50 8.25 8.00 7.50 7.25 7.75 7.75 7.75 7.75 7.71
	Interpretation of the Music	1.60 7.50 8.25 8.25 7.25 7.50 8.25 7.75 7.75 7.75 7.82
deductions:

name: Anastasia TARAKANOVA
rank: 4
startingNbr: 2
elements:
	3Lz	5.9	2.19		4.0 4.0 3.0 4.0 3.0 4.0 3.0 4.0 4.0
	3Lo	4.9	1.26		2.0 2.0 2.0 3.0 3.0 3.0 2.0 3.0 3.0
	2A	3.3	0.9		3.0 2.0 4.0 3.0 3.0 2.0 2.0 3.0 3.0
	CCoSp4	3.5	0.95		3.0 3.0 2.0 3.0 2.0 3.0 3.0 3.0 2.0
	2A	3.3	0.85		3.0 1.0 2.0 3.0 2.0 2.0 3.0 4.0 3.0
	3F+1Eu+3S	11.11	0.83	x	1.0 1.0 1.0 2.0 2.0 2.0 2.0 1.0 3.0
	3Lz+3T	11.11	0.25	x	0.0 1.0 0.0 0.0 1.0 1.0 1.0 0.0 0.0
	3F+2T	7.26	0.61	x	1.0 1.0 1.0 0.0 2.0 1.0 1.0 1.0 2.0
	LSp4	2.7	0.62		3.0 1.0 2.0 2.0 2.0 2.0 2.0 3.0 3.0
	StSq4	3.9	0.95		2.0 2.0 2.0 3.0 2.0 3.0 2.0 3.0 3.0
	FCCoSp4	3.5	1.0		4.0 3.0 3.0 2.0 1.0 2.0 3.0 4.0 3.0
program components:
	Skating Skills	1.60 7.50 7.00 7.50 7.00 7.25 7.50 7.25 7.75 7.50 7.36
	Transitions	1.60 7.00 6.75 7.00 6.50 7.00 7.25 7.50 7.25 7.00 7.04
	Performance	1.60 7.25 7.00 7.50 6.75 7.00 7.50 7.50 7.75 7.25 7.29
	Composition	1.60 7.50 7.00 7.25 6.25 7.25 7.25 7.50 7.25 7.25 7.25
	Interpretation of the Music	1.60 7.25 6.75 7.00 6.50 7.00 7.50 7.25 7.75 7.50 7.18
deductions:

name: Anna SHCHERBAKOVA
rank: 5
startingNbr: 3
elements:
	4Lz<<	5.9	-2.95	<<	-5.0 -5.0 -5.0 -5.0 -5.0 -5.0 -5.0 -5.0 -5.0
	4Lz+REP	8.05	-5.75		-5.0 -5.0 -5.0 -5.0 -5.0 -5.0 -5.0 -5.0 -5.0
	2A+3T	7.5	1.2		3.0 3.0 2.0 2.0 3.0 3.0 3.0 3.0 3.0
	2A	3.3	0.85		3.0 1.0 3.0 2.0 3.0 2.0 2.0 4.0 3.0
	CCoSp4	3.5	0.95		4.0 3.0 2.0 2.0 2.0 3.0 3.0 5.0 2.0
	3Lz+3Lo	11.88	1.52	x	2.0 1.0 1.0 3.0 2.0 3.0 3.0 4.0 4.0
	3F+1Eu+3S<	9.93	0.08	< x	0.0 -1.0 0.0 1.0 0.0 -1.0 1.0 1.0 0.0
	3Lz	6.49	2.02	x	4.0 3.0 4.0 4.0 3.0 3.0 3.0 5.0 3.0
	FCCoSp4	3.5	0.8		3.0 0.0 1.0 2.0 2.0 3.0 2.0 4.0 3.0
	StSq3	3.3	0.99		3.0 3.0 2.0 1.0 3.0 3.0 3.0 4.0 4.0
	LSp4	2.7	1.27		5.0 3.0 5.0 5.0 4.0 5.0 4.0 5.0 5.0
program components:
	Skating Skills	1.60 8.00 7.25 8.00 6.75 7.25 7.75 7.50 8.50 7.75 7.64
	Transitions	1.60 7.75 7.50 7.75 6.75 7.25 7.50 7.50 8.25 7.50 7.54
	Performance	1.60 7.50 7.25 7.25 6.50 7.00 7.75 7.50 8.50 7.50 7.39
	Composition	1.60 8.00 6.75 8.00 6.75 7.25 8.00 7.75 8.50 7.75 7.64
	Interpretation of the Music	1.60 7.75 7.25 7.75 6.75 7.25 8.00 7.50 8.50 8.00 7.64
deductions:
	falls: -2.0

name: Yelim KIM
rank: 6
startingNbr: 1
elements:
	3Lz+3T<	9.05	-0.76	!	-3.0 -1.0 -3.0 0.0 1.0 -1.0 -1.0 -3.0 0.0
	2A+3T	7.5	1.02		1.0 2.0 2.0 3.0 3.0 3.0 2.0 2.0 3.0
	3Lo	4.9	1.05		-1.0 2.0 1.0 2.0 2.0 2.0 3.0 3.0 3.0
	CCoSp3	3.0	0.9		4.0 4.0 2.0 3.0 2.0 3.0 3.0 4.0 2.0
	3S	4.3	1.04		1.0 4.0 2.0 2.0 2.0 3.0 2.0 3.0 3.0
	StSq2	2.6	0.67		2.0 3.0 2.0 3.0 2.0 1.0 3.0 3.0 3.0
	3Lz+2T+2Lo	9.79	0.0	! x	0.0 2.0 -1.0 1.0 0.0 0.0 0.0 -2.0 0.0
	3F<	4.38	-1.99	< x	-5.0 -5.0 -5.0 -5.0 -5.0 -5.0 -5.0 -5.0 -5.0
	FCSp4	3.2	0.69		3.0 1.0 2.0 2.0 2.0 2.0 3.0 3.0 1.0
	2A	3.63	0.61	x	1.0 2.0 1.0 2.0 3.0 1.0 2.0 3.0 2.0
	SSp2	1.6	0.48		4.0 4.0 3.0 3.0 2.0 3.0 3.0 3.0 2.0
program components:
	Skating Skills	1.60 7.50 7.50 7.00 7.25 7.50 7.50 7.50 7.75 7.50 7.46
	Transitions	1.60 7.25 7.25 7.00 7.00 7.00 6.75 7.25 7.50 7.25 7.14
	Performance	1.60 7.25 7.25 6.75 7.25 7.25 7.25 7.25 7.75 7.50 7.29
	Composition	1.60 7.50 7.75 7.50 7.25 7.25 7.25 7.50 8.00 7.50 7.46
	Interpretation of the Music	1.60 7.00 7.50 7.00 7.00 7.50 7.50 7.50 7.50 7.50 7.36
deductions:
	falls: -1.0

