event name: ISU Grand Prix of Figure Skating Final 2018
event type: JUNIOR MEN SHORT PRO
name: Camden PULKINEN
rank: 1
startingNbr: 4
elements:
	3Lz+3T	10.1	1.43		3.0 3.0 2.0 2.0 3.0 3.0 2.0 2.0 2.0
	3A	8.0	2.29		4.0 3.0 3.0 4.0 4.0 3.0 1.0 1.0 2.0
	FCSp4	3.2	0.27		2.0 1.0 1.0 0.0 2.0 1.0 0.0 0.0 1.0
	StSq3	3.3	1.13		5.0 3.0 4.0 3.0 4.0 4.0 3.0 2.0 3.0
	3F	5.83	0.15	x	1.0 0.0 1.0 1.0 0.0 1.0 -1.0 -1.0 0.0
	CSSp3	2.6	0.37		3.0 2.0 2.0 0.0 3.0 1.0 0.0 0.0 2.0
	CCoSp4	3.5	0.7		3.0 3.0 2.0 1.0 3.0 3.0 1.0 -1.0 1.0
program components:
	Skating Skills	1.00 7.75 7.50 7.50 7.75 7.50 7.50 7.50 7.25 7.50 7.54
	Transitions	1.00 7.50 7.50 7.25 7.50 7.50 7.00 7.25 7.00 7.00 7.29
	Performance	1.00 7.75 7.75 7.50 8.00 7.75 7.25 7.50 7.00 7.25 7.54
	Composition	1.00 7.75 7.50 7.25 7.75 7.75 7.00 7.75 7.00 7.50 7.50
	Interpretation of the Music	1.00 8.00 7.50 8.00 8.00 7.50 7.25 7.50 7.25 7.25 7.57
deductions:

name: Stephen GOGOLEV
rank: 2
startingNbr: 2
elements:
	3Lz+3T	10.1	1.35		3.0 2.0 2.0 2.0 3.0 3.0 2.0 1.0 2.0
	3F	5.3	1.14		3.0 3.0 2.0 3.0 3.0 2.0 1.0 1.0 1.0
	CCoSp4	3.5	0.65		2.0 2.0 2.0 1.0 2.0 2.0 1.0 2.0 2.0
	3A	8.8	2.17	x	4.0 3.0 2.0 4.0 3.0 3.0 1.0 2.0 2.0
	FCSp4	3.2	0.69		3.0 3.0 2.0 1.0 2.0 3.0 2.0 1.0 2.0
	StSq2	2.6	0.63		4.0 2.0 2.0 4.0 3.0 1.0 2.0 2.0 2.0
	CSSp4	3.0	0.51		2.0 1.0 3.0 1.0 3.0 2.0 1.0 1.0 2.0
program components:
	Skating Skills	1.00 7.00 7.00 6.75 7.00 7.00 7.00 7.00 7.00 7.25 7.00
	Transitions	1.00 7.00 6.75 6.50 7.75 7.00 6.75 6.50 6.50 7.25 6.82
	Performance	1.00 7.50 7.25 7.25 7.50 7.50 7.00 7.25 6.75 7.50 7.32
	Composition	1.00 7.25 7.00 6.50 7.25 7.25 6.75 6.75 6.75 7.50 7.00
	Interpretation of the Music	1.00 7.50 6.75 7.25 8.00 7.25 6.75 6.75 6.75 7.00 7.04
deductions:

name: Petr GUMENNIK
rank: 3
startingNbr: 1
elements:
	3A	8.0	0.69		2.0 1.0 0.0 0.0 3.0 2.0 0.0 1.0 0.0
	3F	5.3	1.14		3.0 3.0 1.0 1.0 4.0 2.0 2.0 2.0 2.0
	FCSp4	3.2	1.01		4.0 4.0 3.0 3.0 4.0 3.0 2.0 3.0 2.0
	StSq2	2.6	0.59		3.0 2.0 3.0 3.0 4.0 1.0 2.0 1.0 2.0
	CCoSp3	3.0	0.81		3.0 3.0 3.0 1.0 4.0 3.0 2.0 3.0 2.0
	3Lz+3Lo	11.88	0.51	x	3.0 2.0 1.0 1.0 3.0 1.0 -1.0 -1.0 -1.0
	CSSp3	2.6	0.22		2.0 2.0 -1.0 0.0 3.0 1.0 0.0 0.0 1.0
program components:
	Skating Skills	1.00 6.75 7.00 6.50 6.50 7.50 7.00 6.50 6.50 7.00 6.75
	Transitions	1.00 7.00 7.00 6.25 7.00 7.50 6.75 6.50 6.25 6.75 6.75
	Performance	1.00 7.50 7.25 7.00 7.25 8.00 7.00 6.75 6.50 7.00 7.11
	Composition	1.00 7.25 7.25 6.50 7.00 8.00 6.75 6.75 6.50 7.00 6.93
	Interpretation of the Music	1.00 7.25 7.25 7.00 7.50 7.75 6.50 6.50 6.75 7.25 7.07
deductions:

name: Koshiro SHIMADA
rank: 4
startingNbr: 3
elements:
	3A	8.0	-2.74		-4.0 -3.0 -3.0 -4.0 -4.0 -3.0 -3.0 -3.0 -4.0
	CSSp4	3.0	0.51		3.0 2.0 1.0 1.0 2.0 2.0 2.0 0.0 2.0
	3F	5.3	1.06		3.0 2.0 2.0 0.0 3.0 2.0 1.0 2.0 2.0
	3Lz+3T	11.11	1.01	x	3.0 2.0 3.0 0.0 2.0 1.0 1.0 1.0 2.0
	FCSp3	2.8	0.36		2.0 1.0 1.0 0.0 2.0 2.0 1.0 1.0 1.0
	StSq2	2.6	0.74		4.0 4.0 3.0 2.0 4.0 3.0 2.0 2.0 2.0
	CCoSp4	3.5	0.85		2.0 3.0 3.0 1.0 2.0 3.0 3.0 2.0 2.0
program components:
	Skating Skills	1.00 7.50 7.25 7.25 7.50 7.25 7.25 7.25 7.00 7.25 7.29
	Transitions	1.00 7.25 7.00 6.50 7.25 7.25 6.75 7.25 6.75 7.00 7.04
	Performance	1.00 7.25 7.00 6.50 6.75 7.50 6.75 7.25 7.00 7.00 7.00
	Composition	1.00 7.50 7.50 6.50 7.50 7.50 7.00 7.50 6.75 7.25 7.29
	Interpretation of the Music	1.00 7.50 7.25 7.00 7.25 7.25 7.25 7.50 7.00 7.25 7.25
deductions:

name: Adam SIAO HIM FA
rank: 5
startingNbr: 5
elements:
	3A	8.0	-1.37		-1.0 -2.0 -2.0 -3.0 -1.0 -1.0 -2.0 -2.0 -2.0
	3Lz+3T	10.1	-0.17		1.0 0.0 -1.0 -2.0 0.0 1.0 -1.0 -2.0 1.0
	FCSp2	2.3	0.0		0.0 1.0 0.0 -1.0 1.0 1.0 -1.0 -1.0 0.0
	3F	5.83	-1.89	x	-4.0 -3.0 -3.0 -4.0 -4.0 -3.0 -3.0 -4.0 -4.0
	CCoSp3	3.0	0.26		2.0 2.0 1.0 0.0 0.0 2.0 0.0 0.0 1.0
	StSq4	3.9	0.72		2.0 2.0 1.0 3.0 2.0 3.0 1.0 1.0 2.0
	CSSp4	3.0	0.3		1.0 1.0 2.0 1.0 0.0 2.0 0.0 0.0 2.0
program components:
	Skating Skills	1.00 6.75 7.00 6.00 6.50 6.75 7.00 6.25 6.50 6.75 6.64
	Transitions	1.00 6.00 6.25 5.75 6.25 6.50 6.75 5.50 6.25 6.50 6.21
	Performance	1.00 6.50 6.50 6.00 6.50 6.75 7.00 6.25 6.50 6.75 6.54
	Composition	1.00 6.50 6.75 6.00 7.25 7.00 7.00 6.00 6.25 6.75 6.61
	Interpretation of the Music	1.00 6.25 6.50 5.75 6.75 6.75 6.75 6.00 6.50 6.75 6.50
deductions:

name: Tomoki HIWATASHI
rank: 6
startingNbr: 6
elements:
	1A*	0.0	0.0	*	0.0 0.0 0.0 0.0 0.0 0.0 0.0 0.0 0.0
	FCSp4	3.2	0.69		2.0 2.0 2.0 3.0 1.0 2.0 2.0 2.0 3.0
	CSSp3	2.6	0.52		4.0 2.0 3.0 3.0 3.0 2.0 0.0 0.0 1.0
	3F	5.3	0.76		2.0 2.0 1.0 2.0 1.0 1.0 1.0 0.0 2.0
	3Lz+2T	7.92	-0.67	x	-1.0 -2.0 2.0 -1.0 -1.0 -5.0 -1.0 -1.0 -1.0
	StSq2	2.6	0.67		3.0 2.0 3.0 4.0 2.0 3.0 1.0 2.0 3.0
	CCoSp4	3.5	1.1		4.0 3.0 4.0 3.0 3.0 3.0 2.0 3.0 3.0
program components:
	Skating Skills	1.00 6.75 7.00 7.75 7.75 7.00 7.00 6.50 7.00 7.00 7.07
	Transitions	1.00 6.50 6.50 8.00 7.50 6.75 7.00 6.50 6.75 7.25 6.89
	Performance	1.00 6.00 6.75 7.75 7.00 6.50 6.25 6.00 6.50 6.75 6.54
	Composition	1.00 6.75 6.75 7.50 7.75 6.75 7.00 6.50 6.50 7.25 6.93
	Interpretation of the Music	1.00 7.00 6.50 7.50 7.25 6.75 6.75 6.50 6.50 7.25 6.86
deductions:

