event name: ISU Grand Prix of Figure Skating Final 2018
event type: MEN FREE SKATING
name: Nathan CHEN
rank: 1
startingNbr: 4
elements:
	4F	11.0	4.4		4.0 4.0 4.0 4.0 3.0 4.0 4.0 4.0 4.0
	4Lz<	8.63	-4.32	<	-5.0 -5.0 -5.0 -5.0 -5.0 -5.0 -5.0 -5.0 -5.0
	4T	9.5	-2.44		-3.0 -3.0 -3.0 -2.0 -3.0 -4.0 -2.0 -2.0 -2.0
	3A	8.0	2.06		3.0 3.0 2.0 2.0 2.0 3.0 4.0 2.0 3.0
	CCSp4	3.2	0.91		3.0 3.0 2.0 3.0 3.0 4.0 2.0 3.0 3.0
	StSq4	3.9	1.5		4.0 2.0 3.0 4.0 4.0 5.0 4.0 4.0 4.0
	4T+3T	15.07	3.26	x	3.0 3.0 4.0 2.0 3.0 4.0 4.0 3.0 4.0
	3Lz+3T	11.11	1.26	x	3.0 2.0 2.0 1.0 1.0 3.0 3.0 2.0 2.0
	3F+1Eu+3S	11.11	0.45	x	2.0 0.0 0.0 1.0 -1.0 1.0 1.0 1.0 2.0
	ChSq1	3.0	1.29		3.0 2.0 1.0 3.0 2.0 4.0 2.0 2.0 4.0
	FCCoSp4	3.5	0.85		2.0 3.0 2.0 3.0 2.0 2.0 2.0 3.0 3.0
	CCoSp4	3.5	1.05		3.0 3.0 2.0 3.0 3.0 4.0 3.0 3.0 3.0
program components:
	Skating Skills	2.00 9.25 8.75 8.75 9.00 8.50 9.00 9.25 9.50 9.25 9.04
	Transitions	2.00 8.75 8.50 8.75 8.25 8.25 8.75 8.75 9.00 8.75 8.64
	Performance	2.00 9.00 8.50 8.75 8.25 8.50 9.00 9.25 9.00 9.00 8.82
	Composition	2.00 8.50 8.75 8.75 8.75 8.75 9.25 9.00 9.25 9.25 8.93
	Interpretation of the Music	2.00 9.00 8.75 8.75 8.75 8.75 9.00 9.00 9.00 9.00 8.89
deductions:
	falls: 1

name: Shoma UNO
rank: 2
startingNbr: 6
elements:
	4S<<	4.3	-2.15	<<	-5.0 -5.0 -5.0 -5.0 -5.0 -5.0 -5.0 -5.0 -5.0
	4F<	8.25	-0.47	<	0.0 -1.0 -1.0 1.0 -1.0 -1.0 0.0 0.0 -1.0
	4T	9.5	1.76		2.0 2.0 3.0 1.0 0.0 3.0 4.0 1.0 1.0
	FCSp4	3.2	0.87		3.0 4.0 2.0 2.0 3.0 2.0 4.0 2.0 3.0
	FCCoSp4	3.5	1.05		3.0 3.0 3.0 1.0 3.0 3.0 4.0 3.0 3.0
	ChSq1	3.0	1.86		3.0 3.0 4.0 5.0 4.0 5.0 3.0 4.0 3.0
	4T+2T	10.8	2.85		3.0 3.0 4.0 2.0 2.0 4.0 3.0 4.0 2.0
	3A	8.8	2.86	x	4.0 3.0 4.0 3.0 3.0 4.0 5.0 2.0 4.0
	3A+1Eu+3F	15.18	-1.26	x	-1.0 -3.0 -2.0 0.0 -2.0 -4.0 0.0 -1.0 -2.0
	3S+3T	9.35	-0.31	x	0.0 0.0 0.0 -1.0 -1.0 -2.0 1.0 -1.0 -2.0
	StSq4	3.9	1.45		4.0 4.0 3.0 5.0 4.0 4.0 4.0 3.0 3.0
	CCoSp4	3.5	1.5		5.0 4.0 4.0 5.0 4.0 4.0 1.0 5.0 4.0
program components:
	Skating Skills	2.00 9.25 9.00 9.25 9.25 9.25 9.00 9.00 9.25 9.25 9.18
	Transitions	2.00 9.00 8.75 9.00 9.00 8.75 8.75 9.00 9.25 8.50 8.89
	Performance	2.00 9.00 8.75 9.00 9.00 8.50 9.00 9.00 9.00 8.75 8.93
	Composition	2.00 9.00 8.75 9.00 9.50 9.00 9.25 9.00 9.25 9.00 9.07
	Interpretation of the Music	2.00 9.00 8.75 9.00 9.50 8.75 9.25 9.00 9.00 9.00 9.00
deductions:

name: Junhwan CHA
rank: 3
startingNbr: 2
elements:
	4T<	7.13	-3.57	<	-5.0 -5.0 -5.0 -5.0 -5.0 -5.0 -5.0 -5.0 -5.0
	4S	9.7	3.05		4.0 3.0 3.0 3.0 3.0 4.0 3.0 3.0 3.0
	3Lz+3Lo	10.8	1.1		3.0 2.0 2.0 1.0 2.0 2.0 2.0 1.0 2.0
	StSq4	3.9	1.39		4.0 2.0 4.0 4.0 4.0 4.0 3.0 3.0 3.0
	FCSp4	3.2	0.78		2.0 3.0 3.0 2.0 4.0 3.0 2.0 2.0 2.0
	ChSq1	3.0	1.43		3.0 2.0 2.0 3.0 5.0 4.0 3.0 3.0 2.0
	3A+2T	9.3	1.71		3.0 2.0 3.0 1.0 2.0 3.0 2.0 1.0 2.0
	3A	8.8	1.94	x	3.0 2.0 2.0 2.0 3.0 3.0 3.0 1.0 2.0
	3F+1Eu+3S	11.11	1.06	x	3.0 2.0 2.0 1.0 2.0 1.0 2.0 3.0 2.0
	3Lo	5.39	1.47	x	3.0 3.0 3.0 3.0 3.0 3.0 2.0 3.0 3.0
	CCoSp4	3.5	1.4		4.0 4.0 5.0 4.0 4.0 3.0 4.0 4.0 4.0
	CSSp4	3.0	0.99		3.0 3.0 3.0 3.0 3.0 2.0 4.0 4.0 4.0
program components:
	Skating Skills	2.00 8.75 8.50 8.25 8.50 8.50 8.50 8.00 8.50 8.25 8.43
	Transitions	2.00 8.50 8.00 8.25 8.25 8.50 8.50 7.50 8.25 7.75 8.21
	Performance	2.00 8.75 8.25 8.00 8.75 8.75 8.75 7.75 8.50 8.00 8.43
	Composition	2.00 8.75 8.25 7.75 8.25 8.75 8.75 7.50 8.75 8.25 8.39
	Interpretation of the Music	2.00 8.75 8.25 8.00 8.50 9.25 8.75 7.75 9.00 8.00 8.46
deductions:
	falls: 1

name: Michal BREZINA
rank: 4
startingNbr: 5
elements:
	4S<	7.28	-3.64	<	-5.0 -5.0 -5.0 -5.0 -5.0 -5.0 -2.0 -5.0 -5.0
	3A+2T	9.3	2.06		3.0 2.0 3.0 2.0 2.0 2.0 3.0 4.0 3.0
	3F	5.3	1.82		3.0 3.0 3.0 4.0 3.0 3.0 4.0 4.0 4.0
	FSSp4	3.0	0.77		2.0 3.0 2.0 5.0 3.0 2.0 2.0 3.0 3.0
	StSq4	3.9	1.62		4.0 4.0 4.0 4.0 4.0 4.0 5.0 5.0 4.0
	FCCoSp4	3.5	1.0		3.0 3.0 3.0 3.0 3.0 2.0 4.0 2.0 3.0
	3Lz	5.9	1.85		4.0 3.0 2.0 3.0 3.0 3.0 4.0 3.0 3.0
	3A	8.8	2.51	x	3.0 3.0 3.0 4.0 2.0 3.0 4.0 3.0 3.0
	3F+2T+2Lo	9.13	0.76	x	2.0 1.0 1.0 0.0 0.0 2.0 2.0 2.0 2.0
	3Lo	5.39	0.63	x	1.0 2.0 2.0 1.0 1.0 1.0 4.0 1.0 1.0
	ChSq1	3.0	1.93		4.0 4.0 3.0 5.0 3.0 4.0 5.0 3.0 4.0
	CCoSp3	3.0	0.86		3.0 3.0 3.0 2.0 3.0 2.0 4.0 3.0 3.0
program components:
	Skating Skills	2.00 8.50 8.75 8.50 8.25 8.75 8.50 9.25 9.00 8.75 8.68
	Transitions	2.00 8.25 8.50 8.25 8.75 8.50 8.50 8.75 8.75 8.50 8.54
	Performance	2.00 8.75 8.50 9.00 9.00 8.75 8.75 9.50 9.25 8.75 8.89
	Composition	2.00 8.50 8.75 8.50 9.25 8.50 8.75 9.25 9.00 8.75 8.79
	Interpretation of the Music	2.00 8.75 8.75 8.75 8.75 9.00 8.75 9.50 8.75 8.75 8.79
deductions:
	falls: 1

name: Keegan MESSING
rank: 5
startingNbr: 3
elements:
	4Lz	11.5	-1.31		-1.0 -2.0 -1.0 -1.0 -1.0 -1.0 2.0 -2.0 -1.0
	4T	9.5	-1.63		-2.0 -2.0 1.0 -3.0 -2.0 -3.0 1.0 -2.0 -2.0
	3A+2T	9.3	2.06		3.0 3.0 2.0 2.0 2.0 2.0 3.0 3.0 3.0
	FSSp4	3.0	0.86		3.0 3.0 2.0 4.0 4.0 1.0 3.0 2.0 3.0
	3Lo	4.9	1.47		3.0 3.0 3.0 4.0 3.0 3.0 3.0 3.0 3.0
	StSq3	3.3	1.23		4.0 4.0 4.0 3.0 4.0 4.0 4.0 3.0 2.0
	2T+2T*	1.43	-0.07	* x	0.0 0.0 0.0 -1.0 -1.0 -2.0 1.0 -1.0 -1.0
	3S+3T	9.35	0.92	x	3.0 2.0 2.0 1.0 2.0 2.0 3.0 2.0 2.0
	3A	8.8	-4.0	x	-5.0 -5.0 -5.0 -5.0 -5.0 -5.0 -5.0 -5.0 -5.0
	FCCoSp4	3.5	1.35		4.0 3.0 4.0 4.0 4.0 3.0 4.0 4.0 5.0
	ChSq1	3.0	1.57		2.0 2.0 3.0 4.0 3.0 4.0 4.0 3.0 3.0
	CCoSp4	3.5	1.4		4.0 4.0 4.0 5.0 4.0 4.0 4.0 4.0 4.0
program components:
	Skating Skills	2.00 8.25 8.25 8.50 8.50 8.50 8.25 8.50 8.25 8.50 8.39
	Transitions	2.00 7.50 8.50 8.00 8.25 8.25 8.25 8.75 7.50 8.25 8.14
	Performance	2.00 8.00 8.50 8.25 8.00 8.00 8.50 8.75 7.75 7.75 8.14
	Composition	2.00 8.25 8.75 8.25 8.75 8.75 8.75 9.00 8.25 8.50 8.57
	Interpretation of the Music	2.00 8.50 8.75 8.50 8.50 8.50 8.75 8.75 8.25 8.25 8.54
deductions:
	falls: 1
	late start: -1.00

name: Sergei VORONOV
rank: 6
startingNbr: 1
elements:
	4T+2T	10.8	-2.17		-2.0 -3.0 -2.0 -3.0 -1.0 -3.0 0.0 -2.0 -3.0
	3Lo	4.9	0.77		2.0 2.0 1.0 1.0 2.0 -1.0 3.0 1.0 2.0
	4T	9.5	-2.17		-2.0 -2.0 -3.0 -1.0 -2.0 -4.0 1.0 -4.0 -2.0
	3S	4.3	0.86		2.0 1.0 1.0 3.0 2.0 3.0 1.0 2.0 3.0
	ChSq1	3.0	0.64		2.0 1.0 0.0 0.0 2.0 3.0 2.0 1.0 1.0
	3A	8.8	-2.29	x	-3.0 -3.0 -4.0 -3.0 -3.0 -4.0 0.0 -2.0 -2.0
	3A<+2T+1Lo	8.58	-0.94	< x	-2.0 -2.0 -2.0 -1.0 -1.0 -3.0 -1.0 -2.0 -1.0
	3Lz+2T*	6.49	0.17	* x	0.0 0.0 1.0 0.0 0.0 1.0 0.0 0.0 1.0
	FCSp4	3.2	0.69		2.0 2.0 2.0 2.0 3.0 1.0 3.0 2.0 2.0
	StSq3	3.3	0.75		2.0 2.0 2.0 2.0 3.0 3.0 3.0 2.0 2.0
	CCoSp3	3.0	0.81		3.0 3.0 3.0 2.0 2.0 2.0 3.0 3.0 3.0
	CSSp4	3.0	0.77		3.0 2.0 2.0 4.0 2.0 3.0 2.0 3.0 3.0
program components:
	Skating Skills	2.00 8.00 8.00 8.25 7.75 8.00 8.25 8.00 8.50 8.00 8.07
	Transitions	2.00 7.25 7.50 7.50 6.75 7.50 6.75 7.00 7.25 7.50 7.25
	Performance	2.00 7.25 7.75 8.00 7.00 7.75 8.00 7.50 7.75 7.75 7.68
	Composition	2.00 8.00 8.00 7.75 7.50 7.75 7.75 6.75 7.50 8.00 7.75
	Interpretation of the Music	2.00 7.50 8.00 7.75 7.00 8.00 7.50 7.00 7.50 8.00 7.61
deductions:

