event name: ISU Grand Prix of Figure Skating Final 2018
event type: JUNIOR MEN FREE SKAT
name: Stephen GOGOLEV
rank: 1
startingNbr: 5
elements:
	4Lz<	8.63	-4.32	<	-5.0 -5.0 -5.0 -5.0 -5.0 -5.0 -5.0 -5.0 -5.0
	4T	9.5	1.63		3.0 2.0 1.0 1.0 1.0 3.0 1.0 2.0 2.0
	4S<+2T	8.58	-1.56	<	-1.0 -2.0 -4.0 -1.0 -4.0 -2.0 -2.0 -2.0 -2.0
	CCoSp4	3.5	1.05		3.0 3.0 3.0 2.0 3.0 3.0 3.0 3.0 3.0
	3A+3T	12.2	2.06		3.0 2.0 2.0 3.0 0.0 3.0 2.0 3.0 3.0
	3A	8.8	2.17	x	3.0 2.0 3.0 4.0 2.0 3.0 3.0 2.0 3.0
	3Lz+1Eu+3S	11.77	1.18	x	3.0 2.0 2.0 1.0 1.0 2.0 2.0 2.0 3.0
	3Lo	5.39	0.49	x	2.0 1.0 0.0 0.0 0.0 2.0 1.0 2.0 1.0
	CSSp4	3.0	0.6		3.0 3.0 2.0 1.0 1.0 2.0 1.0 3.0 2.0
	StSq3	3.3	0.85		3.0 2.0 3.0 2.0 2.0 4.0 2.0 3.0 3.0
	FCCoSp4	3.5	0.3		1.0 1.0 1.0 -1.0 1.0 3.0 0.0 1.0 1.0
program components:
	Skating Skills	2.00 7.00 7.00 7.50 7.25 7.25 7.25 7.50 7.25 7.75 7.29
	Transitions	2.00 7.00 6.75 7.50 7.25 6.75 7.00 7.25 7.00 7.75 7.11
	Performance	2.00 7.75 7.00 7.75 7.50 7.00 7.75 7.50 7.25 8.00 7.50
	Composition	2.00 7.50 7.25 7.75 8.00 7.00 7.25 7.25 7.50 7.75 7.46
	Interpretation of the Music	2.00 7.50 7.00 6.75 7.50 6.75 7.25 7.25 7.25 7.75 7.21
deductions:
	falls: -1.0

name: Petr GUMENNIK
rank: 2
startingNbr: 4
elements:
	4S	9.7	2.08		3.0 2.0 2.0 2.0 2.0 3.0 1.0 2.0 2.0
	3A+2T+2Lo	11.0	0.34		1.0 1.0 -1.0 0.0 1.0 0.0 0.0 0.0 1.0
	3S	4.3	0.74		2.0 3.0 0.0 2.0 1.0 2.0 1.0 2.0 2.0
	CCoSp3	3.0	0.99		4.0 3.0 2.0 3.0 3.0 3.0 4.0 3.0 4.0
	StSq3	3.3	0.99		4.0 4.0 2.0 2.0 4.0 4.0 2.0 2.0 3.0
	FCSp4	3.2	0.96		4.0 3.0 2.0 3.0 3.0 2.0 4.0 3.0 3.0
	3A	8.0	0.91		1.0 2.0 0.0 2.0 3.0 2.0 0.0 1.0 0.0
	3Lz+3Lo<	10.54	-0.93	< x	0.0 -1.0 -3.0 -3.0 -1.0 -2.0 -2.0 -1.0 -1.0
	2F	1.98	-0.08	! x	0.0 0.0 -3.0 1.0 -1.0 0.0 -1.0 0.0 -1.0
	3Lz	6.49	-1.6	x	-2.0 -3.0 -2.0 -2.0 -3.0 -3.0 -3.0 -3.0 -3.0
	FCCoSp4	3.5	0.8		2.0 2.0 2.0 1.0 2.0 2.0 3.0 3.0 3.0
program components:
	Skating Skills	2.00 7.25 7.25 7.00 7.25 7.75 7.00 7.00 7.00 7.50 7.18
	Transitions	2.00 7.00 7.00 6.75 7.50 7.50 7.00 6.75 6.75 7.25 7.04
	Performance	2.00 7.50 7.25 7.50 7.25 7.75 7.00 7.25 7.00 7.25 7.29
	Composition	2.00 7.50 7.25 7.25 7.75 8.00 7.00 7.25 7.25 7.50 7.39
	Interpretation of the Music	2.00 7.50 7.00 7.25 7.50 7.75 7.00 7.25 7.00 7.50 7.29
deductions:

name: Adam SIAO HIM FA
rank: 3
startingNbr: 2
elements:
	4T+2T	10.8	0.81		2.0 0.0 1.0 -1.0 2.0 3.0 0.0 1.0 0.0
	3A+2T	9.3	1.26		2.0 2.0 1.0 0.0 3.0 2.0 1.0 1.0 2.0
	3A	8.0	0.46		1.0 1.0 1.0 -1.0 1.0 2.0 0.0 0.0 0.0
	FCCoSp4	3.5	0.45		2.0 2.0 0.0 1.0 2.0 3.0 0.0 1.0 1.0
	StSq2	2.6	0.48		2.0 1.0 2.0 2.0 3.0 3.0 1.0 1.0 2.0
	4T	9.5	0.41		1.0 0.0 0.0 -1.0 2.0 3.0 -1.0 0.0 1.0
	3Lz+1Eu<+3S	11.64	-0.76	< x	0.0 0.0 -2.0 -1.0 -2.0 -1.0 -2.0 -2.0 -1.0
	3Lo	5.39	-0.63	x	-1.0 -2.0 -2.0 -1.0 -1.0 0.0 -2.0 -1.0 -1.0
	3F	5.83	0.76	x	2.0 2.0 1.0 2.0 2.0 1.0 0.0 1.0 1.0
	CCoSp4	3.5	0.4		2.0 2.0 1.0 0.0 1.0 2.0 0.0 0.0 2.0
	CSSp3	2.6	0.52		3.0 2.0 2.0 2.0 2.0 2.0 1.0 1.0 3.0
program components:
	Skating Skills	2.00 6.50 6.75 6.75 6.50 7.50 7.25 6.50 6.50 7.25 6.79
	Transitions	2.00 5.25 6.00 5.00 6.25 6.25 6.75 5.00 6.00 7.00 5.93
	Performance	2.00 7.00 6.50 6.25 6.75 7.25 7.25 6.25 6.50 7.25 6.79
	Composition	2.00 6.50 6.25 6.00 6.75 6.75 7.00 5.75 6.50 7.25 6.54
	Interpretation of the Music	2.00 6.25 6.25 6.00 6.25 6.50 6.75 6.00 6.25 6.75 6.32
deductions:
	time violation: -1.00

name: Koshiro SHIMADA
rank: 4
startingNbr: 1
elements:
	4T	9.5	1.76		3.0 1.0 2.0 0.0 4.0 2.0 0.0 3.0 2.0
	3A	8.0	1.83		3.0 1.0 3.0 0.0 3.0 3.0 1.0 2.0 3.0
	StSq3	3.3	0.85		3.0 1.0 3.0 2.0 3.0 3.0 2.0 3.0 2.0
	FCSp3	2.8	0.44		2.0 2.0 2.0 1.0 2.0 1.0 1.0 2.0 1.0
	2A+3T	7.5	-0.78		-2.0 -2.0 -2.0 -2.0 -2.0 -2.0 -2.0 -1.0 -1.0
	3Lz+1Eu+3S	10.7	0.42		0.0 0.0 1.0 -1.0 0.0 2.0 2.0 1.0 1.0
	3Lo	5.39	0.84	x	2.0 2.0 1.0 1.0 1.0 2.0 2.0 2.0 2.0
	3Lz	6.49	1.52	x	3.0 2.0 2.0 2.0 3.0 3.0 2.0 3.0 3.0
	3F	5.83	-2.65	x	-5.0 -5.0 -5.0 -5.0 -5.0 -5.0 -4.0 -5.0 -5.0
	CSSp4	3.0	0.51		2.0 2.0 2.0 2.0 1.0 2.0 1.0 2.0 1.0
	CCoSp4	3.5	0.8		3.0 2.0 3.0 2.0 2.0 2.0 3.0 2.0 2.0
program components:
	Skating Skills	2.00 7.50 7.25 7.50 7.50 7.50 7.25 7.00 6.75 7.25 7.32
	Transitions	2.00 6.75 6.50 6.25 6.50 7.25 6.75 6.50 6.50 6.75 6.61
	Performance	2.00 7.00 6.75 7.00 7.00 7.50 7.00 6.75 6.75 7.00 6.93
	Composition	2.00 7.25 7.00 7.00 7.25 7.75 6.75 7.00 6.75 7.25 7.07
	Interpretation of the Music	2.00 7.00 6.50 7.25 6.75 7.50 6.75 7.25 7.00 7.00 7.00
deductions:
	falls: -1.0

name: Tomoki HIWATASHI
rank: 5
startingNbr: 3
elements:
	4T<	7.13	-3.26	<	-4.0 -4.0 -5.0 -4.0 -4.0 -5.0 -5.0 -5.0 -5.0
	3A<+2T	7.3	-0.94	<	0.0 -1.0 -3.0 -1.0 -2.0 -2.0 -2.0 -2.0 -1.0
	3A<	6.0	-1.11	<	-2.0 -1.0 -3.0 -1.0 -3.0 -1.0 -2.0 -2.0 -2.0
	3S+3T	8.5	0.86		3.0 2.0 2.0 2.0 3.0 2.0 1.0 1.0 2.0
	FCSp3	2.8	0.36		3.0 2.0 2.0 -1.0 0.0 1.0 0.0 2.0 2.0
	3Lo	5.39	0.14	x	1.0 0.0 0.0 0.0 0.0 1.0 -1.0 0.0 1.0
	3Lz+1Eu+3F<	11.42	-0.76	< x	0.0 -1.0 -3.0 1.0 -2.0 -1.0 -2.0 -2.0 -1.0
	3Lz	6.49	0.67	x	2.0 2.0 1.0 2.0 1.0 2.0 0.0 0.0 0.0
	CSSp2	2.3	0.3		3.0 1.0 2.0 1.0 2.0 1.0 1.0 1.0 1.0
	StSq3	3.3	0.85		3.0 2.0 3.0 3.0 2.0 3.0 1.0 2.0 3.0
	CCoSp3	3.0	0.56		4.0 2.0 2.0 1.0 1.0 1.0 1.0 3.0 3.0
program components:
	Skating Skills	2.00 7.00 6.75 7.25 7.50 7.25 7.00 6.25 6.75 7.25 7.04
	Transitions	2.00 6.50 6.25 6.25 7.00 6.50 6.75 5.50 6.25 7.00 6.50
	Performance	2.00 7.00 6.25 6.75 6.75 6.75 6.75 6.00 6.25 6.75 6.61
	Composition	2.00 7.00 6.50 6.50 7.25 7.00 6.75 6.00 6.50 7.00 6.75
	Interpretation of the Music	2.00 6.75 6.25 6.50 7.25 6.75 6.75 5.75 6.50 6.75 6.61
deductions:

name: Camden PULKINEN
rank: 6
startingNbr: 6
elements:
	3Lz+1Eu+3S<<	7.7	-2.95	<<	-5.0 -5.0 -5.0 -5.0 -5.0 -5.0 -5.0 -5.0 -5.0
	3A	8.0	2.4		3.0 3.0 4.0 3.0 3.0 3.0 3.0 3.0 2.0
	3Lo	4.9	-2.45		-5.0 -5.0 -4.0 -5.0 -5.0 -5.0 -5.0 -5.0 -5.0
	StSq3	3.3	0.61		2.0 2.0 3.0 1.0 3.0 1.0 2.0 1.0 2.0
	3A+2T	9.3	0.34		1.0 0.0 0.0 1.0 0.0 2.0 0.0 0.0 1.0
	FCCoSp4	3.5	0.05		1.0 0.0 0.0 -1.0 2.0 1.0 -1.0 -1.0 1.0
	1F	0.55	-0.19	! x	-4.0 -4.0 -4.0 -3.0 -4.0 -2.0 -4.0 -4.0 -4.0
	3F+2T	7.26	0.15	x	1.0 1.0 1.0 0.0 0.0 0.0 0.0 0.0 0.0
	CCoSp4	3.5	0.65		2.0 2.0 2.0 2.0 2.0 2.0 0.0 1.0 2.0
	3Lz<	4.87	-2.22	< x	-5.0 -5.0 -5.0 -5.0 -5.0 -5.0 -5.0 -5.0 -5.0
	FSSp4	3.0	0.04		1.0 0.0 0.0 0.0 0.0 1.0 0.0 0.0 0.0
program components:
	Skating Skills	2.00 7.25 7.50 7.25 7.50 7.25 7.25 7.00 6.25 6.75 7.18
	Transitions	2.00 7.25 7.25 7.00 6.75 6.75 7.25 6.50 6.00 6.25 6.82
	Performance	2.00 6.50 6.50 6.50 6.50 6.75 6.50 5.75 5.75 6.50 6.39
	Composition	2.00 7.00 7.25 6.75 7.25 7.50 7.00 6.25 6.00 7.00 6.93
	Interpretation of the Music	2.00 6.75 6.75 7.50 6.75 7.25 6.75 6.00 6.00 6.75 6.71
deductions:
	falls: -2.0
	time violation: -1.00

