event name: ISU Grand Prix of Figure Skating Final 2018
event type: JUNIOR LADIES SHORT
name: Alena KOSTORNAIA
rank: 1
startingNbr: 6
elements:
	2A	3.3	1.41		4.0 5.0 5.0 2.0 4.0 5.0 3.0 4.0 5.0
	3F	5.3	1.97		4.0 4.0 5.0 2.0 3.0 3.0 3.0 4.0 5.0
	FCSp4	3.2	1.28		4.0 4.0 5.0 2.0 4.0 4.0 4.0 4.0 4.0
	3Lz+3T	11.11	2.19	x	4.0 3.0 4.0 2.0 3.0 4.0 4.0 4.0 5.0
	CCoSp4	3.5	1.3		4.0 2.0 5.0 2.0 3.0 4.0 4.0 4.0 5.0
	StSq4	3.9	1.34		3.0 5.0 4.0 3.0 3.0 4.0 3.0 3.0 4.0
	LSp4	2.7	0.93		4.0 2.0 4.0 2.0 3.0 4.0 3.0 4.0 5.0
program components:
	Skating Skills	0.80 8.25 8.25 9.00 8.50 7.75 8.25 7.50 8.50 8.25 8.25
	Transitions	0.80 8.00 8.00 8.50 8.00 7.50 8.00 7.50 8.25 8.25 8.00
	Performance	0.80 8.00 8.50 9.00 8.25 8.00 8.25 7.75 8.50 8.50 8.29
	Composition	0.80 8.25 8.00 8.75 8.50 7.75 8.25 7.75 8.50 8.25 8.21
	Interpretation of the Music	0.80 8.25 8.75 9.00 8.25 7.75 8.25 7.50 8.75 8.50 8.36
deductions:

name: Alexandra TRUSOVA
rank: 2
startingNbr: 5
elements:
	2A	3.3	1.32		4.0 4.0 5.0 2.0 3.0 4.0 4.0 4.0 5.0
	3F	5.3	1.97		4.0 4.0 5.0 1.0 3.0 3.0 3.0 4.0 5.0
	CCoSp4	3.5	0.95		3.0 3.0 4.0 1.0 2.0 3.0 2.0 3.0 3.0
	3Lz+3Lo	11.88	1.94	x	3.0 2.0 4.0 1.0 3.0 4.0 3.0 4.0 4.0
	FCSp4	3.2	0.91		3.0 2.0 4.0 2.0 2.0 3.0 3.0 4.0 3.0
	StSq4	3.9	1.28		3.0 2.0 4.0 2.0 3.0 3.0 4.0 4.0 4.0
	LSp4	2.7	0.73		3.0 1.0 4.0 -1.0 2.0 3.0 3.0 3.0 4.0
program components:
	Skating Skills	0.80 7.75 7.50 8.25 7.75 7.50 8.00 7.75 9.00 8.00 7.86
	Transitions	0.80 7.75 7.75 8.25 7.50 7.25 8.00 7.50 8.50 7.75 7.79
	Performance	0.80 7.50 8.25 8.50 8.00 7.50 8.25 8.00 8.75 8.00 8.07
	Composition	0.80 7.75 7.50 8.25 7.50 7.25 8.25 7.75 8.50 7.75 7.82
	Interpretation of the Music	0.80 7.50 7.25 8.50 7.75 7.50 8.00 8.00 8.75 8.00 7.89
deductions:

name: Alena KANYSHEVA
rank: 3
startingNbr: 3
elements:
	2A	3.3	0.9		3.0 3.0 4.0 1.0 2.0 2.0 2.0 3.0 4.0
	FCSp4	3.2	0.78		2.0 1.0 3.0 1.0 3.0 3.0 2.0 3.0 4.0
	3F	5.3	1.51		3.0 3.0 4.0 0.0 3.0 3.0 2.0 2.0 4.0
	3Lz+3T	11.11	1.52	x	2.0 3.0 3.0 0.0 3.0 3.0 2.0 2.0 3.0
	LSp4	2.7	0.23		0.0 0.0 1.0 -1.0 2.0 2.0 -1.0 2.0 3.0
	StSq3	3.3	0.8		2.0 2.0 4.0 2.0 2.0 3.0 2.0 3.0 3.0
	CCoSp4	3.5	0.95		3.0 3.0 3.0 1.0 2.0 3.0 2.0 3.0 4.0
program components:
	Skating Skills	0.80 7.50 7.50 7.50 7.75 7.25 7.50 7.00 7.75 7.75 7.54
	Transitions	0.80 7.25 7.00 7.00 7.50 7.00 7.75 6.75 7.50 7.25 7.21
	Performance	0.80 7.50 7.25 7.50 7.25 7.00 7.50 7.25 7.75 7.50 7.39
	Composition	0.80 7.50 7.50 7.25 7.50 7.00 7.75 7.00 7.50 7.75 7.43
	Interpretation of the Music	0.80 7.00 7.25 7.50 7.50 7.25 7.75 7.00 7.75 7.50 7.39
deductions:

name: Yelim KIM
rank: 4
startingNbr: 4
elements:
	3Lz+3T<	9.05	-1.43	<	-3.0 -3.0 -3.0 -2.0 -2.0 -2.0 -2.0 -3.0 -2.0
	2A	3.3	0.85		3.0 4.0 3.0 2.0 2.0 2.0 2.0 3.0 3.0
	FCSp4	3.2	0.46		1.0 1.0 2.0 0.0 1.0 1.0 2.0 2.0 2.0
	3F	5.83	1.44	x	1.0 4.0 3.0 1.0 2.0 3.0 3.0 3.0 4.0
	CCoSp4	3.5	0.95		2.0 3.0 3.0 2.0 2.0 3.0 3.0 4.0 3.0
	StSq3	3.3	0.75		2.0 3.0 2.0 2.0 2.0 2.0 3.0 3.0 2.0
	SSp2	1.6	0.53		4.0 4.0 5.0 3.0 2.0 3.0 2.0 3.0 4.0
program components:
	Skating Skills	0.80 7.50 7.75 7.25 7.75 7.00 7.25 7.25 7.75 7.25 7.43
	Transitions	0.80 7.00 7.50 6.75 7.50 6.50 7.00 7.00 7.50 6.75 7.07
	Performance	0.80 7.25 7.25 7.00 8.25 7.00 7.25 7.00 7.75 7.25 7.25
	Composition	0.80 7.50 7.25 7.25 7.75 7.00 7.25 7.25 7.75 7.25 7.36
	Interpretation of the Music	0.80 7.00 7.50 7.00 8.00 7.25 7.25 7.00 8.00 7.50 7.36
deductions:

name: Anastasia TARAKANOVA
rank: 5
startingNbr: 1
elements:
	3F	5.3	-0.61		-1.0 -2.0 0.0 0.0 -1.0 -1.0 -1.0 -2.0 -3.0
	FCSp4	3.2	0.64		2.0 2.0 2.0 2.0 1.0 2.0 2.0 3.0 2.0
	2A	3.3	0.94		3.0 2.0 4.0 2.0 2.0 3.0 3.0 4.0 3.0
	StSq3	3.3	0.47		1.0 2.0 1.0 1.0 1.0 1.0 2.0 3.0 2.0
	3Lz+3T<	9.96	-0.93	< x	-2.0 -2.0 -1.0 -2.0 -2.0 -1.0 -2.0 -1.0 -1.0
	CCoSp4	3.5	1.0		3.0 4.0 5.0 2.0 2.0 2.0 3.0 3.0 3.0
	LSp4	2.7	0.58		2.0 1.0 3.0 2.0 2.0 2.0 2.0 3.0 2.0
program components:
	Skating Skills	0.80 7.25 7.25 7.25 8.00 7.25 7.25 6.75 7.25 7.25 7.25
	Transitions	0.80 7.00 7.00 6.75 7.50 7.00 7.00 6.50 7.25 6.75 6.96
	Performance	0.80 7.00 7.00 6.75 8.00 6.75 6.75 6.75 7.50 7.25 7.00
	Composition	0.80 7.25 7.50 7.00 7.75 7.00 7.25 7.00 7.25 7.25 7.21
	Interpretation of the Music	0.80 7.25 7.00 7.00 8.00 7.00 7.00 6.75 7.50 7.00 7.11
deductions:

name: Anna SHCHERBAKOVA
rank: 6
startingNbr: 2
elements:
	2A	3.3	-1.65		-4.0 -5.0 -5.0 -5.0 -5.0 -5.0 -5.0 -5.0 -5.0
	3F	5.3	1.44		4.0 2.0 2.0 1.0 2.0 4.0 2.0 3.0 4.0
	FCSp3	2.8	0.04		0.0 3.0 0.0 0.0 0.0 -1.0 -1.0 1.0 1.0
	3Lz+COMBO	6.49	-2.95	x	-5.0 -5.0 -5.0 -5.0 -5.0 -5.0 -5.0 -5.0 -5.0
	LSp4	2.7	0.85		3.0 2.0 5.0 2.0 2.0 4.0 3.0 4.0 4.0
	StSq3	3.3	0.9		3.0 2.0 2.0 3.0 2.0 3.0 3.0 3.0 4.0
	CCoSp4	3.5	1.35		3.0 3.0 5.0 1.0 3.0 5.0 3.0 5.0 5.0
program components:
	Skating Skills	0.80 7.75 7.25 7.25 8.25 7.00 7.50 6.75 8.25 7.50 7.50
	Transitions	0.80 7.50 7.50 7.00 8.00 7.00 7.75 6.50 8.25 7.25 7.43
	Performance	0.80 7.50 6.75 6.25 8.50 7.25 7.25 6.50 8.00 7.50 7.25
	Composition	0.80 8.00 7.50 7.25 7.75 7.00 8.00 7.00 8.25 7.50 7.57
	Interpretation of the Music	0.80 7.75 7.25 7.00 8.25 7.25 7.75 7.25 8.25 7.75 7.61
deductions:
	falls: -1.0

