event name: ISU Grand Prix of Figure Skating Final 2018
event type: LADIES FREE SKATING
name: Rika KIHIRA
rank: 1
startingNbr: 6
elements:
	3A<<	3.3	-1.65	<<	-5.0 -5.0 -5.0 -5.0 -5.0 -5.0 -5.0 -5.0 -4.0
	3A+2T	9.3	2.06		3.0 3.0 2.0 3.0 3.0 3.0 2.0 2.0 2.0
	3Lo	4.9	1.26		2.0 3.0 2.0 4.0 3.0 2.0 3.0 3.0 2.0
	CCoSp4	3.5	0.8		1.0 2.0 2.0 4.0 3.0 3.0 2.0 3.0 1.0
	StSq4	3.9	1.39		3.0 4.0 3.0 3.0 4.0 4.0 4.0 3.0 4.0
	3Lz+3T	10.1	2.19		4.0 4.0 3.0 4.0 4.0 4.0 4.0 3.0 3.0
	3F	5.83	1.67	x	4.0 4.0 2.0 3.0 3.0 3.0 4.0 3.0 2.0
	LSp4	2.7	1.08		4.0 5.0 4.0 4.0 4.0 3.0 4.0 4.0 4.0
	3Lz+2T+2Lo	9.79	1.69	x	3.0 4.0 2.0 4.0 3.0 3.0 3.0 2.0 -1.0
	FSSp3	2.6	0.74		3.0 4.0 3.0 3.0 3.0 2.0 3.0 3.0 1.0
	ChSq1	3.0	1.86		4.0 4.0 3.0 3.0 4.0 4.0 5.0 3.0 4.0
	3S	4.73	1.47	x	3.0 4.0 3.0 4.0 4.0 3.0 4.0 3.0 3.0
program components:
	Skating Skills	1.60 9.00 9.25 8.75 9.25 9.25 9.25 9.00 8.75 9.00 9.07
	Transitions	1.60 8.75 9.00 8.50 9.25 9.00 9.00 9.25 8.50 8.50 8.86
	Performance	1.60 9.00 9.00 8.75 9.25 9.50 9.25 9.00 9.00 8.75 9.04
	Composition	1.60 9.00 9.50 8.75 9.50 9.25 9.25 9.00 8.75 8.75 9.07
	Interpretation of the Music	1.60 9.25 9.25 9.00 9.50 9.50 9.25 9.25 8.50 9.00 9.21
deductions:

name: Alina ZAGITOVA
rank: 2
startingNbr: 4
elements:
	2A	3.3	0.99		2.0 3.0 4.0 4.0 3.0 3.0 3.0 3.0 2.0
	3Lz+1T	6.3	0.34		-1.0 0.0 2.0 1.0 2.0 0.0 0.0 1.0 0.0
	3S	4.3	1.23		2.0 3.0 3.0 3.0 3.0 3.0 3.0 3.0 1.0
	2A	3.3	1.13		3.0 4.0 4.0 4.0 4.0 3.0 3.0 3.0 2.0
	FCSp4	3.2	1.19		4.0 4.0 4.0 3.0 4.0 4.0 4.0 3.0 2.0
	ChSq1	3.0	1.71		4.0 3.0 4.0 4.0 3.0 3.0 4.0 3.0 3.0
	3Lz+3Lo	11.88	1.43	x	3.0 1.0 3.0 3.0 3.0 3.0 2.0 2.0 1.0
	3F+2T+2Lo	9.13	0.91	x	1.0 1.0 2.0 3.0 3.0 2.0 1.0 2.0 -1.0
	3F	5.83	1.82	x	3.0 3.0 4.0 4.0 4.0 3.0 3.0 4.0 1.0
	CCoSp4	3.5	1.2		4.0 4.0 4.0 4.0 3.0 3.0 3.0 3.0 3.0
	StSq4	3.9	1.56		4.0 4.0 4.0 4.0 4.0 3.0 4.0 4.0 4.0
	FCCoSp4	3.5	1.25		3.0 4.0 3.0 4.0 4.0 3.0 4.0 4.0 3.0
program components:
	Skating Skills	1.60 9.00 8.75 9.25 9.25 9.25 9.00 9.00 9.00 8.25 9.04
	Transitions	1.60 9.25 8.75 9.50 9.00 8.75 9.00 8.75 9.25 9.00 9.00
	Performance	1.60 9.00 8.50 9.50 9.25 9.00 8.75 9.00 9.25 9.00 9.04
	Composition	1.60 9.00 9.25 9.50 9.25 9.25 9.00 9.25 9.25 9.00 9.18
	Interpretation of the Music	1.60 9.25 9.00 9.25 9.50 9.25 8.75 9.25 9.25 9.00 9.18
deductions:

name: Elizaveta TUKTAMYSHEVA
rank: 3
startingNbr: 5
elements:
	3A	8.0	-1.14		-2.0 -1.0 0.0 0.0 -3.0 -1.0 -4.0 -2.0 -1.0
	3Lz+3T	10.1	1.52		3.0 3.0 2.0 3.0 2.0 3.0 2.0 3.0 2.0
	3F	5.3	1.51		2.0 4.0 3.0 3.0 3.0 2.0 3.0 3.0 3.0
	3S+2A+SEQ	6.08	1.29		3.0 3.0 2.0 3.0 3.0 3.0 3.0 3.0 3.0
	LSp4	2.7	0.66		2.0 2.0 3.0 3.0 2.0 2.0 2.0 3.0 3.0
	StSq3	3.3	0.66		1.0 2.0 2.0 3.0 2.0 2.0 3.0 2.0 1.0
	2A+3T+2T	9.68	1.08	x	3.0 3.0 2.0 4.0 2.0 3.0 3.0 2.0 2.0
	3Lz	6.49	1.85	x	3.0 3.0 3.0 4.0 3.0 3.0 3.0 4.0 2.0
	3Lo	5.39	1.12	x	1.0 3.0 2.0 3.0 2.0 3.0 2.0 3.0 1.0
	ChSq1	3.0	1.64		3.0 4.0 4.0 3.0 2.0 3.0 4.0 4.0 2.0
	FSSp4	3.0	0.73		2.0 3.0 3.0 2.0 1.0 3.0 2.0 3.0 2.0
	CCoSp4	3.5	0.6		3.0 2.0 2.0 2.0 2.0 1.0 2.0 1.0 1.0
program components:
	Skating Skills	1.60 8.25 8.50 8.75 8.50 8.25 8.50 8.00 8.75 7.00 8.39
	Transitions	1.60 7.50 8.50 8.50 8.25 7.50 8.00 7.75 8.25 6.00 7.96
	Performance	1.60 8.50 8.75 8.50 8.50 8.25 8.50 8.25 9.00 7.00 8.46
	Composition	1.60 8.25 8.75 8.75 8.25 8.00 8.50 8.00 8.50 7.00 8.32
	Interpretation of the Music	1.60 8.50 9.00 8.75 8.50 8.25 8.25 8.50 8.75 6.75 8.50
deductions:

name: Kaori SAKAMOTO
rank: 4
startingNbr: 3
elements:
	3F+3T	9.5	1.51		3.0 3.0 2.0 4.0 3.0 3.0 2.0 3.0 3.0
	2A	3.3	1.08		2.0 4.0 3.0 3.0 4.0 4.0 3.0 3.0 3.0
	3Lz	5.9	1.69		1.0 4.0 2.0 3.0 3.0 3.0 3.0 3.0 3.0
	FSSp4	3.0	0.69		2.0 4.0 1.0 2.0 2.0 2.0 3.0 3.0 2.0
	StSq4	3.9	1.0		2.0 3.0 2.0 3.0 3.0 3.0 3.0 2.0 2.0
	3S	4.3	1.35		3.0 3.0 3.0 4.0 3.0 4.0 3.0 3.0 3.0
	2A+3T+2T	9.68	-1.8	x	-3.0 -4.0 -3.0 -4.0 -5.0 -5.0 -5.0 -5.0 -4.0
	3F+2T	7.26	1.29	x	1.0 3.0 2.0 3.0 3.0 2.0 2.0 2.0 3.0
	CCoSp4	3.5	1.0		3.0 3.0 2.0 3.0 3.0 3.0 3.0 3.0 1.0
	ChSq1	3.0	1.57		4.0 4.0 2.0 4.0 3.0 3.0 3.0 2.0 3.0
	3Lo	5.39	1.54	x	4.0 3.0 3.0 3.0 3.0 4.0 3.0 2.0 3.0
	FCCoSp4	3.5	1.3		4.0 4.0 4.0 4.0 4.0 3.0 4.0 3.0 3.0
program components:
	Skating Skills	1.60 8.50 9.00 8.50 8.50 8.25 8.75 8.50 8.75 9.25 8.64
	Transitions	1.60 8.25 8.75 8.25 8.00 8.00 8.50 8.25 8.50 8.75 8.36
	Performance	1.60 8.75 9.00 8.50 8.25 8.25 8.75 8.25 8.75 8.50 8.54
	Composition	1.60 8.50 8.75 8.50 8.50 8.25 8.50 8.50 8.50 8.50 8.50
	Interpretation of the Music	1.60 8.50 9.00 8.25 8.50 8.50 8.25 8.50 8.50 8.50 8.46
deductions:
	falls: 1

name: Sofia SAMODUROVA
rank: 5
startingNbr: 1
elements:
	3F+3T	9.5	1.29		2.0 3.0 3.0 4.0 3.0 2.0 2.0 2.0 2.0
	3Lz	5.9	1.01		2.0 3.0 2.0 2.0 2.0 1.0 1.0 2.0 1.0
	3Lo	4.9	0.98		2.0 3.0 1.0 3.0 2.0 2.0 2.0 2.0 1.0
	StSq4	3.9	0.78		2.0 2.0 2.0 2.0 2.0 3.0 2.0 1.0 2.0
	FSSp4	3.0	0.81		3.0 3.0 3.0 2.0 2.0 3.0 3.0 3.0 2.0
	3S	4.3	0.92		2.0 2.0 2.0 3.0 2.0 3.0 2.0 2.0 2.0
	2A+3T	8.25	1.32	x	3.0 3.0 4.0 3.0 3.0 4.0 3.0 3.0 3.0
	3F	5.83	1.14	x	2.0 2.0 2.0 3.0 2.0 3.0 2.0 2.0 2.0
	2A+2T+2Lo	6.93	0.61	x	2.0 2.0 1.0 3.0 2.0 3.0 2.0 1.0 1.0
	ChSq1	3.0	0.93		2.0 3.0 1.0 2.0 2.0 3.0 1.0 2.0 1.0
	LSp4	2.7	0.77		3.0 3.0 3.0 3.0 3.0 3.0 2.0 2.0 4.0
	CCoSp4	3.5	0.55		2.0 0.0 2.0 2.0 2.0 2.0 1.0 1.0 1.0
program components:
	Skating Skills	1.60 8.00 7.75 7.75 8.25 8.00 8.25 7.25 8.25 7.50 7.93
	Transitions	1.60 7.50 7.75 7.50 8.00 7.50 8.00 6.75 7.75 7.00 7.57
	Performance	1.60 8.50 8.00 8.00 8.50 8.25 8.50 7.50 8.00 7.00 8.11
	Composition	1.60 8.00 8.00 7.75 8.25 7.75 8.25 7.25 8.25 7.50 7.93
	Interpretation of the Music	1.60 8.25 8.25 7.75 8.25 8.25 8.25 7.50 7.75 7.00 8.00
deductions:

name: Satoko MIYAHARA
rank: 6
startingNbr: 2
elements:
	3S	4.3	0.98		3.0 2.0 2.0 3.0 3.0 2.0 2.0 2.0 2.0
	3Lz<+3T	8.63	0.0	<	0.0 0.0 0.0 0.0 1.0 0.0 0.0 0.0 -3.0
	CCoSp4	3.5	0.9		3.0 2.0 3.0 3.0 3.0 2.0 2.0 4.0 2.0
	3Lo	4.9	1.47		3.0 3.0 3.0 3.0 3.0 3.0 3.0 3.0 3.0
	FCSp4	3.2	0.96		4.0 3.0 3.0 3.0 3.0 3.0 3.0 3.0 2.0
	StSq3	3.3	1.13		4.0 3.0 3.0 4.0 3.0 4.0 3.0 3.0 4.0
	3Lz<<	2.1	-0.57	<<	-3.0 -2.0 -3.0 -2.0 -4.0 -2.0 -3.0 -3.0 -3.0
	2A+3T	8.25	0.9	x	3.0 3.0 1.0 3.0 2.0 2.0 2.0 1.0 2.0
	ChSq1	3.0	1.86		4.0 4.0 3.0 4.0 3.0 3.0 4.0 4.0 4.0
	3F<+2T+2Lo	7.68	-0.74	! x	-1.0 -2.0 -3.0 -2.0 0.0 -2.0 -3.0 -3.0 0.0
	2A	3.63	0.8	x	3.0 4.0 1.0 3.0 3.0 2.0 2.0 2.0 2.0
	LSp4	2.7	1.35		5.0 5.0 5.0 5.0 5.0 5.0 5.0 5.0 5.0
program components:
	Skating Skills	1.60 8.75 8.50 8.75 8.75 8.50 8.50 8.50 8.75 8.50 8.61
	Transitions	1.60 8.75 8.50 9.00 8.50 8.25 8.25 8.50 8.50 8.25 8.46
	Performance	1.60 9.00 8.75 9.00 8.75 8.75 8.50 8.50 9.25 8.75 8.79
	Composition	1.60 9.25 9.00 9.00 9.00 8.50 8.50 8.75 8.50 8.25 8.75
	Interpretation of the Music	1.60 9.25 8.75 8.75 8.75 8.75 8.50 9.00 9.00 9.00 8.86
deductions:

