event name: ISU Grand Prix of Figure Skating Final 2018
event type: MEN SHORT PROGRAM
name: Nathan CHEN
rank: 1
startingNbr: 4
elements:
	3A	8.0	2.63		4.0 4.0 4.0 3.0 3.0 3.0 1.0 3.0 3.0
	4F	11.0	3.77		4.0 4.0 3.0 5.0 3.0 4.0 2.0 3.0 3.0
	CCSp4	3.2	0.69		3.0 2.0 2.0 2.0 1.0 4.0 0.0 3.0 2.0
	4T+COMBO	10.45	-4.75	x	-5.0 -5.0 -5.0 -5.0 -5.0 -5.0 -5.0 -5.0 -5.0
	FSSp4	3.0	0.77		3.0 3.0 2.0 3.0 3.0 3.0 2.0 2.0 2.0
	StSq4	3.9	1.67		4.0 4.0 4.0 5.0 5.0 4.0 4.0 5.0 4.0
	CCoSp4	3.5	0.95		3.0 4.0 3.0 3.0 2.0 3.0 2.0 2.0 3.0
program components:
	Skating Skills	1.00 9.00 8.75 8.75 8.50 9.00 8.75 9.00 9.25 9.00 8.89
	Transitions	1.00 9.00 8.75 8.50 8.75 8.50 8.50 8.75 8.75 8.75 8.68
	Performance	1.00 8.75 8.50 8.50 9.25 8.75 8.75 9.25 9.00 8.50 8.79
	Composition	1.00 9.00 8.75 8.75 9.25 9.25 8.75 8.75 9.25 9.00 8.96
	Interpretation of the Music	1.00 9.00 8.75 8.50 9.00 9.00 8.75 9.00 9.00 8.75 8.89
deductions:

name: Shoma UNO
rank: 2
startingNbr: 6
elements:
	4F<	8.25	-3.66	<	-5.0 -4.0 -5.0 -4.0 -5.0 -3.0 -5.0 -4.0 -4.0
	4T+2T	10.8	2.17		3.0 1.0 3.0 3.0 2.0 3.0 0.0 2.0 2.0
	FCSp4	3.2	0.91		3.0 3.0 2.0 3.0 4.0 3.0 2.0 3.0 3.0
	3A	8.8	2.86	x	4.0 4.0 3.0 3.0 3.0 5.0 1.0 4.0 4.0
	CSSp4	3.0	0.94		4.0 3.0 3.0 2.0 4.0 3.0 2.0 4.0 3.0
	StSq3	3.3	1.41		4.0 4.0 3.0 5.0 5.0 5.0 4.0 4.0 4.0
	CCoSp4	3.5	1.4		5.0 4.0 4.0 4.0 4.0 4.0 2.0 4.0 4.0
program components:
	Skating Skills	1.00 9.00 8.50 8.50 9.75 9.25 9.00 9.25 9.25 8.75 9.00
	Transitions	1.00 8.75 8.50 7.75 9.00 9.00 8.75 9.00 9.00 8.25 8.75
	Performance	1.00 8.75 8.75 8.00 9.25 9.00 9.00 9.25 9.25 8.50 8.93
	Composition	1.00 9.00 9.00 7.75 9.00 9.50 9.00 9.50 9.00 9.00 9.07
	Interpretation of the Music	1.00 8.75 8.75 7.75 9.25 9.25 9.25 9.25 9.25 8.75 9.04
deductions:

name: Michal BREZINA
rank: 3
startingNbr: 3
elements:
	4S+2T	11.0	0.83		1.0 1.0 1.0 1.0 1.0 0.0 0.0 1.0 1.0
	3F	5.3	1.67		3.0 3.0 3.0 4.0 3.0 3.0 1.0 3.0 4.0
	CCSp4	3.2	0.78		3.0 3.0 2.0 2.0 3.0 4.0 1.0 2.0 2.0
	FSSp4	3.0	0.9		3.0 3.0 3.0 4.0 3.0 3.0 2.0 3.0 3.0
	3A	8.8	1.83	x	2.0 3.0 3.0 3.0 1.0 2.0 0.0 3.0 2.0
	StSq3	3.3	1.18		3.0 3.0 3.0 4.0 4.0 5.0 3.0 4.0 4.0
	CCoSp4	3.5	0.85		4.0 3.0 3.0 2.0 2.0 2.0 2.0 2.0 3.0
program components:
	Skating Skills	1.00 8.50 8.75 8.50 8.75 9.00 8.75 8.75 8.75 8.75 8.71
	Transitions	1.00 8.00 8.50 8.00 8.00 8.50 8.50 8.50 8.00 8.50 8.29
	Performance	1.00 8.25 8.50 8.50 9.00 9.00 8.75 9.00 8.75 8.75 8.75
	Composition	1.00 8.50 8.50 8.00 8.50 8.75 8.75 8.75 8.50 8.75 8.61
	Interpretation of the Music	1.00 8.25 8.75 8.50 8.50 9.00 9.00 9.00 8.75 8.50 8.71
deductions:

name: Junhwan CHA
rank: 4
startingNbr: 2
elements:
	4S<	7.28	0.0	<	1.0 0.0 -1.0 2.0 1.0 0.0 -1.0 0.0 -1.0
	3Lz+3Lo	10.8	0.93		3.0 2.0 0.0 1.0 2.0 3.0 0.0 2.0 1.0
	FCSp4	3.2	0.78		3.0 2.0 2.0 3.0 3.0 3.0 0.0 2.0 2.0
	3A	8.8	1.71	x	3.0 3.0 1.0 3.0 3.0 4.0 0.0 0.0 2.0
	CSSp4	3.0	0.9		3.0 3.0 2.0 3.0 4.0 3.0 1.0 4.0 3.0
	StSq4	3.9	1.5		4.0 4.0 3.0 5.0 4.0 5.0 1.0 4.0 3.0
	CCoSp4	3.5	1.05		3.0 4.0 3.0 1.0 3.0 3.0 3.0 3.0 3.0
program components:
	Skating Skills	1.00 8.75 8.25 8.00 8.50 8.50 8.75 7.75 8.50 8.00 8.36
	Transitions	1.00 8.50 8.00 7.50 7.75 8.00 8.50 7.75 8.50 7.75 8.04
	Performance	1.00 8.75 8.00 8.00 8.25 9.25 9.00 8.00 8.75 8.25 8.43
	Composition	1.00 8.75 8.50 7.50 8.50 8.50 8.75 8.00 8.75 8.50 8.50
	Interpretation of the Music	1.00 8.75 8.50 7.50 8.25 8.50 9.00 8.25 8.50 8.00 8.39
deductions:

name: Sergei VORONOV
rank: 5
startingNbr: 5
elements:
	4T	9.5	-1.22		-2.0 -1.0 -1.0 -2.0 -1.0 -3.0 -1.0 -1.0 -1.0
	3Lo+3T	9.1	0.28		2.0 0.0 0.0 0.0 2.0 -2.0 0.0 1.0 1.0
	FCSp4	3.2	0.78		3.0 2.0 2.0 4.0 2.0 3.0 2.0 3.0 2.0
	3A	8.8	1.03	x	2.0 2.0 2.0 0.0 1.0 2.0 1.0 0.0 1.0
	CSSp4	3.0	0.39		1.0 2.0 1.0 0.0 2.0 2.0 0.0 1.0 2.0
	StSq3	3.3	0.71		3.0 2.0 3.0 1.0 3.0 2.0 1.0 2.0 2.0
	CCoSp3	3.0	0.69		3.0 3.0 3.0 0.0 2.0 2.0 0.0 3.0 3.0
program components:
	Skating Skills	1.00 8.25 8.25 8.25 7.75 8.25 8.50 8.75 8.25 8.50 8.32
	Transitions	1.00 8.00 8.00 7.75 7.50 7.75 7.25 7.75 7.50 8.00 7.75
	Performance	1.00 8.25 8.00 8.25 8.00 8.25 8.25 8.50 8.00 8.25 8.18
	Composition	1.00 8.25 8.25 8.00 8.00 8.25 8.00 8.00 7.75 8.25 8.11
	Interpretation of the Music	1.00 8.00 8.00 8.00 7.75 8.00 8.25 8.25 7.75 8.50 8.04
deductions:

name: Keegan MESSING
rank: 6
startingNbr: 1
elements:
	4T<+3T	11.33	-1.02	<	0.0 -2.0 -2.0 -2.0 0.0 -1.0 -2.0 -2.0 -1.0
	FCSp4	3.2	1.1		4.0 3.0 3.0 4.0 3.0 4.0 3.0 3.0 4.0
	3A<	6.0	-1.2	<	-2.0 -3.0 -1.0 -1.0 -2.0 -2.0 -3.0 -2.0 -2.0
	StSq2	2.6	0.59		3.0 3.0 2.0 1.0 3.0 3.0 1.0 2.0 2.0
	CSSp3	2.6	0.59		3.0 0.0 3.0 3.0 3.0 3.0 0.0 2.0 2.0
	3Lz	6.49	1.85	x	2.0 4.0 3.0 3.0 4.0 4.0 1.0 3.0 3.0
	CCoSp2	2.5	0.93		4.0 4.0 4.0 4.0 4.0 5.0 0.0 4.0 2.0
program components:
	Skating Skills	1.00 8.50 8.00 8.50 7.75 8.75 8.50 8.00 8.50 8.25 8.32
	Transitions	1.00 8.00 8.00 8.25 8.00 8.75 8.25 8.50 8.50 8.00 8.21
	Performance	1.00 8.50 8.25 8.75 8.25 9.00 8.75 8.75 8.50 8.25 8.54
	Composition	1.00 8.50 8.50 8.50 8.25 8.75 8.50 8.75 8.50 8.25 8.50
	Interpretation of the Music	1.00 8.50 8.50 8.50 7.75 8.75 8.75 8.50 8.25 8.00 8.43
deductions:

