event name: ISU Grand Prix of Figure Skating Final 2018
event type: LADIES SHORT PROGRAM
name: Rika KIHIRA
rank: 1
startingNbr: 3
elements:
	3A	8.0	2.51		3.0 2.0 3.0 3.0 4.0 3.0 5.0 3.0 3.0
	3F+3T	9.5	1.74		4.0 3.0 2.0 4.0 3.0 3.0 4.0 3.0 3.0
	FSSp2	2.3	0.59		3.0 3.0 1.0 3.0 2.0 2.0 4.0 2.0 3.0
	3Lz	6.49	2.36	x	5.0 4.0 3.0 3.0 4.0 4.0 5.0 4.0 4.0
	CCoSp4	3.5	1.35		4.0 5.0 3.0 4.0 4.0 4.0 4.0 3.0 4.0
	StSq4	3.9	1.34		4.0 3.0 3.0 3.0 4.0 3.0 4.0 3.0 4.0
	LSp4	2.7	1.08		4.0 4.0 4.0 4.0 4.0 4.0 4.0 4.0 4.0
program components:
	Skating Skills	0.80 9.00 9.00 8.25 9.00 9.00 8.75 8.75 8.50 9.00 8.86
	Transitions	0.80 9.00 8.50 8.00 8.75 8.75 8.50 8.50 8.00 8.25 8.46
	Performance	0.80 9.50 9.00 8.50 9.00 9.00 9.00 9.25 8.50 9.00 8.96
	Composition	0.80 9.25 8.75 8.25 9.25 9.00 8.75 9.00 8.25 8.75 8.82
	Interpretation of the Music	0.80 9.50 8.75 8.25 9.00 9.25 8.50 9.25 8.25 8.75 8.82
deductions:

name: Alina ZAGITOVA
rank: 2
startingNbr: 6
elements:
	3Lz+3Lo	10.8	1.85		3.0 2.0 3.0 3.0 3.0 4.0 4.0 3.0 3.0
	FCSp4	3.2	1.05		4.0 3.0 3.0 3.0 3.0 3.0 4.0 4.0 3.0
	StSq4	3.9	1.34		3.0 3.0 4.0 4.0 3.0 3.0 4.0 4.0 3.0
	2A	3.3	0.8		2.0 2.0 3.0 3.0 3.0 2.0 2.0 3.0 1.0
	LSp4	2.7	0.81		3.0 2.0 3.0 4.0 3.0 2.0 4.0 4.0 2.0
	3F	5.83	1.97	x	4.0 3.0 4.0 3.0 4.0 4.0 5.0 4.0 2.0
	CCoSp4	3.5	1.05		4.0 2.0 3.0 2.0 3.0 3.0 3.0 5.0 3.0
program components:
	Skating Skills	0.80 9.00 9.00 9.25 9.25 9.00 8.75 8.50 9.25 8.00 8.96
	Transitions	0.80 9.25 8.50 9.25 9.00 8.75 8.50 8.25 9.25 8.50 8.82
	Performance	0.80 9.25 8.75 9.50 9.25 8.75 8.75 8.75 9.50 8.50 9.00
	Composition	0.80 9.00 8.75 9.50 9.00 8.75 9.00 8.50 9.50 8.75 8.96
	Interpretation of the Music	0.80 9.25 8.75 9.25 9.00 9.00 9.00 8.50 9.50 9.00 9.04
deductions:

name: Elizaveta TUKTAMYSHEVA
rank: 3
startingNbr: 2
elements:
	3A<	6.0	-1.8	<	-3.0 -4.0 -2.0 -2.0 -3.0 -3.0 -5.0 -2.0 -4.0
	3T+3T	8.4	1.26		3.0 2.0 3.0 3.0 3.0 3.0 4.0 3.0 3.0
	FSSp4	3.0	0.51		2.0 2.0 1.0 3.0 2.0 1.0 2.0 2.0 1.0
	LSp4	2.7	0.5		2.0 3.0 2.0 2.0 2.0 1.0 2.0 2.0 1.0
	3Lz	6.49	1.77	x	4.0 2.0 3.0 3.0 3.0 3.0 3.0 3.0 3.0
	StSq4	3.9	1.17		3.0 3.0 3.0 2.0 3.0 3.0 4.0 3.0 3.0
	CCoSp4	3.5	0.85		3.0 2.0 3.0 2.0 2.0 1.0 3.0 2.0 3.0
program components:
	Skating Skills	0.80 8.25 8.00 8.50 8.50 8.25 8.00 7.50 8.25 7.00 8.11
	Transitions	0.80 7.75 8.25 8.25 8.00 7.75 7.25 7.25 8.00 6.50 7.75
	Performance	0.80 8.50 8.50 8.75 8.25 8.25 7.75 7.50 8.50 7.25 8.18
	Composition	0.80 8.25 8.50 8.50 8.25 8.25 8.00 7.75 8.50 7.25 8.21
	Interpretation of the Music	0.80 8.50 8.75 8.50 8.25 8.50 7.75 7.50 8.75 7.25 8.25
deductions:

name: Kaori SAKAMOTO
rank: 4
startingNbr: 5
elements:
	3F+3T	9.5	1.36		3.0 2.0 2.0 3.0 3.0 1.0 3.0 2.0 3.0
	2A	3.3	0.99		3.0 3.0 3.0 3.0 3.0 3.0 4.0 3.0 3.0
	CCoSp3	3.0	0.34		2.0 -1.0 0.0 2.0 2.0 1.0 -1.0 2.0 2.0
	StSq3	3.3	0.66		2.0 2.0 2.0 3.0 2.0 2.0 2.0 2.0 2.0
	3Lo	5.39	1.68	x	4.0 4.0 3.0 3.0 3.0 3.0 5.0 3.0 4.0
	FCSp4	3.2	0.96		3.0 4.0 3.0 3.0 3.0 3.0 3.0 3.0 2.0
	LSp4	2.7	0.85		2.0 3.0 3.0 3.0 4.0 3.0 4.0 3.0 3.0
program components:
	Skating Skills	0.80 8.50 8.50 8.25 8.50 8.25 8.00 8.25 8.50 8.25 8.36
	Transitions	0.80 8.25 8.25 8.00 8.25 7.75 7.50 7.75 8.00 7.75 7.96
	Performance	0.80 8.50 8.50 8.50 8.50 8.25 8.25 8.25 8.75 8.00 8.39
	Composition	0.80 8.25 8.25 8.50 8.75 8.00 8.00 8.50 8.25 7.75 8.25
	Interpretation of the Music	0.80 8.50 8.50 8.25 8.75 8.50 7.75 8.00 8.50 7.50 8.29
deductions:

name: Sofia SAMODUROVA
rank: 5
startingNbr: 1
elements:
	3F+3T	9.5	1.36		3.0 2.0 3.0 2.0 3.0 2.0 3.0 2.0 3.0
	FCSp4	3.2	0.87		2.0 3.0 3.0 2.0 2.0 3.0 4.0 2.0 4.0
	StSq3	3.3	0.8		3.0 3.0 2.0 2.0 3.0 2.0 3.0 2.0 2.0
	3Lo	4.9	1.05		1.0 3.0 2.0 1.0 3.0 2.0 2.0 3.0 2.0
	2A	3.63	0.9	x	2.0 4.0 3.0 2.0 3.0 3.0 3.0 3.0 2.0
	LSp4	2.7	0.46		2.0 3.0 1.0 2.0 2.0 0.0 1.0 2.0 2.0
	CCoSp4	3.5	0.95		3.0 3.0 2.0 2.0 4.0 2.0 4.0 2.0 3.0
program components:
	Skating Skills	0.80 8.25 8.00 7.75 8.00 7.75 7.50 7.50 8.00 7.50 7.79
	Transitions	0.80 8.25 8.00 7.75 7.50 7.75 7.25 7.00 7.75 7.00 7.57
	Performance	0.80 8.50 8.25 7.50 7.75 8.00 7.75 7.25 8.25 7.50 7.86
	Composition	0.80 8.25 8.00 7.75 7.75 7.75 7.75 7.50 8.00 7.25 7.79
	Interpretation of the Music	0.80 8.50 8.25 7.50 8.00 8.00 7.75 7.25 8.25 7.50 7.89
deductions:

name: Satoko MIYAHARA
rank: 6
startingNbr: 4
elements:
	3Lz<	4.43	-0.89	<	-2.0 -1.0 -2.0 -2.0 -1.0 -2.0 -3.0 -2.0 -3.0
	FCSp4	3.2	0.78		4.0 3.0 2.0 2.0 2.0 3.0 2.0 3.0 2.0
	2A	3.3	0.9		3.0 3.0 3.0 2.0 3.0 3.0 4.0 2.0 2.0
	3Lo+2T	6.82	1.05	x	3.0 3.0 1.0 2.0 2.0 2.0 3.0 1.0 2.0
	CCoSp4	3.5	1.15		4.0 3.0 2.0 2.0 3.0 4.0 4.0 3.0 4.0
	StSq3	3.3	1.18		4.0 3.0 3.0 3.0 4.0 4.0 5.0 3.0 4.0
	LSp4	2.7	1.16		5.0 4.0 4.0 4.0 4.0 4.0 5.0 4.0 5.0
program components:
	Skating Skills	0.80 9.00 8.75 8.75 8.75 8.50 8.50 8.75 8.75 8.25 8.68
	Transitions	0.80 9.25 8.50 8.75 8.75 8.25 8.75 8.50 8.50 8.25 8.57
	Performance	0.80 9.00 8.75 9.00 9.00 8.50 8.50 8.25 8.75 8.50 8.71
	Composition	0.80 9.25 8.75 9.00 9.00 8.50 9.00 8.50 9.00 8.50 8.82
	Interpretation of the Music	0.80 9.25 9.00 9.00 9.25 8.75 8.75 8.75 8.75 8.75 8.89
deductions:

