event name: ISU Grand Prix of Figure Skating Final 2018
event type: PAIRS FREE SKATING
name: Vanessa JAMES / Morgan CIPRES
rank: 1
startingNbr: 2
elements:
	3Tw3	5.7	1.79		3.0 1.0 3.0 4.0 4.0 3.0 2.0 3.0 4.0
	3T+2T+2T	6.8	1.14		3.0 1.0 1.0 2.0 5.0 3.0 3.0 4.0 3.0
	3S	4.3	1.6		3.0 3.0 4.0 3.0 5.0 4.0 4.0 4.0 4.0
	3Li4	5.1	2.11		4.0 4.0 4.0 4.0 4.0 4.0 5.0 5.0 4.0
	PCoSp4	4.5	1.41		4.0 3.0 3.0 3.0 3.0 3.0 3.0 4.0 3.0
	3FTh	5.3	2.04		4.0 4.0 3.0 3.0 5.0 4.0 4.0 4.0 4.0
	ChSq1	3.0	2.14		4.0 3.0 4.0 4.0 4.0 5.0 4.0 5.0 5.0
	5ALi4	7.0	2.9		5.0 3.0 3.0 4.0 4.0 4.0 5.0 5.0 4.0
	3STh	4.4	0.94		3.0 0.0 3.0 1.0 3.0 1.0 2.0 2.0 3.0
	FiDs3	3.5	1.15		4.0 0.0 3.0 3.0 5.0 3.0 3.0 3.0 4.0
	5BLi3	6.2	2.57		4.0 3.0 4.0 5.0 4.0 5.0 4.0 4.0 4.0
program components:
#	Info	GOE J1 J2 J3 J4 J5 J6 J7 J8 J9 Ref
	Skating Skills	1.60 9.25 9.00 9.00 9.00 9.25 9.50 9.25 9.00 9.25 9.14
	Transitions	1.60 9.00 8.50 8.75 8.50 9.00 9.50 9.50 9.00 9.25 9.00
	Performance	1.60 9.50 8.75 9.25 8.75 9.50 9.75 9.50 9.50 9.50 9.36
	Composition	1.60 9.00 9.00 9.00 9.00 9.50 10.00 9.50 9.25 9.50 9.25
	Interpretation of the Music	1.60 9.25 9.00 9.00 9.25 9.50 9.75 9.50 9.50 9.50 9.36
deductions:
	time violation: -1.00

name: Cheng PENG / Yang JIN
rank: 2
startingNbr: 6
elements:
	2S	1.3	0.22		1.0 2.0 2.0 2.0 2.0 3.0 0.0 3.0 0.0
	3T+2T	5.5	0.84		3.0 1.0 1.0 3.0 3.0 1.0 2.0 2.0 2.0
	3Tw3	5.7	1.71		3.0 3.0 3.0 3.0 2.0 4.0 2.0 4.0 3.0
	3LoTh	5.0	2.14		4.0 5.0 4.0 4.0 4.0 5.0 5.0 4.0 4.0
	BiDs3	3.5	1.0		2.0 2.0 3.0 3.0 3.0 3.0 3.0 3.0 3.0
	ChSq1	3.0	1.79		3.0 3.0 4.0 4.0 3.0 4.0 4.0 4.0 3.0
	3STh	4.4	1.95		4.0 4.0 4.0 4.0 5.0 5.0 5.0 5.0 4.0
	5RLi4	7.0	2.3		3.0 3.0 3.0 4.0 2.0 4.0 3.0 4.0 3.0
	PCoSp4	4.5	1.48		3.0 2.0 3.0 4.0 3.0 4.0 3.0 4.0 3.0
	5ALi4	7.0	2.8		4.0 4.0 4.0 4.0 4.0 5.0 4.0 4.0 3.0
	4Li4	5.1	1.89		4.0 3.0 4.0 4.0 3.0 4.0 4.0 4.0 3.0
program components:
	Skating Skills	1.60 8.75 8.75 8.75 9.00 8.75 9.25 8.75 9.00 8.75 8.82
	Transitions	1.60 8.50 8.50 8.75 8.75 8.50 9.00 9.00 9.00 8.75 8.75
	Performance	1.60 9.00 8.75 9.00 9.00 8.75 9.25 9.25 9.25 9.00 9.04
	Composition	1.60 8.75 8.75 8.75 9.00 8.50 9.00 9.25 9.00 8.75 8.86
	Interpretation of the Music	1.60 9.00 8.50 9.00 9.25 8.50 9.00 9.25 9.25 8.75 8.96
deductions:

name: Evgenia TARASOVA / Vladimir MOROZOV
rank: 3
startingNbr: 4
elements:
	3Tw4	6.0	2.83		5.0 5.0 4.0 4.0 5.0 5.0 5.0 5.0 4.0
	3S	4.3	1.23		4.0 3.0 2.0 1.0 3.0 2.0 3.0 3.0 4.0
	3T+1T+2T	5.9	-0.96		-2.0 -1.0 -3.0 -3.0 -3.0 -2.0 -3.0 -1.0 -2.0
	ChSq1	3.0	1.36		2.0 2.0 3.0 3.0 3.0 3.0 3.0 3.0 2.0
	3FTh	5.3	-1.51		-3.0 -2.0 -3.0 -4.0 -3.0 -1.0 -3.0 -2.0 -4.0
	5RLi4	7.0	1.7		3.0 3.0 2.0 0.0 2.0 3.0 4.0 1.0 3.0
	FiDs3	3.5	1.2		3.0 4.0 3.0 3.0 3.0 4.0 4.0 4.0 3.0
	PCoSp4	4.5	1.35		3.0 3.0 3.0 4.0 1.0 3.0 3.0 3.0 3.0
	3LoTh	5.0	2.14		4.0 5.0 4.0 4.0 4.0 5.0 4.0 4.0 5.0
	5ALi3	6.6	2.36		4.0 4.0 4.0 4.0 3.0 4.0 3.0 3.0 3.0
	3Li4	5.1	1.82		4.0 4.0 3.0 2.0 3.0 4.0 4.0 3.0 4.0
program components:
	Skating Skills	1.60 8.75 9.25 9.00 8.75 8.50 9.25 9.00 8.75 8.75 8.89
	Transitions	1.60 8.50 9.00 8.75 8.75 8.50 8.75 9.25 8.75 8.75 8.75
	Performance	1.60 8.75 8.75 8.75 8.50 8.50 8.75 8.75 8.75 8.75 8.71
	Composition	1.60 8.75 9.25 8.75 8.75 8.75 8.75 9.25 9.00 9.00 8.89
	Interpretation of the Music	1.60 8.75 9.00 8.75 8.75 8.75 8.75 8.75 9.00 8.75 8.79
deductions:

name: Natalia ZABIIAKO / Alexander ENBERT
rank: 4
startingNbr: 5
elements:
	3Tw2	5.4	1.0		2.0 2.0 3.0 4.0 1.0 2.0 1.0 2.0 1.0
	3T+2T+2Lo	7.2	0.96		2.0 3.0 0.0 3.0 2.0 2.0 2.0 3.0 2.0
	3S<	3.23	-1.62	<	-5.0 -5.0 -5.0 -5.0 -5.0 -5.0 -4.0 -5.0 -5.0
	PCoSp4	4.5	1.22		2.0 3.0 3.0 3.0 1.0 3.0 2.0 3.0 3.0
	3FTh	5.3	0.23		1.0 1.0 -1.0 1.0 2.0 -1.0 -1.0 0.0 3.0
	4Li4	5.1	1.53		3.0 3.0 3.0 3.0 2.0 3.0 3.0 3.0 3.0
	5RLi4	7.0	2.1		3.0 3.0 3.0 3.0 3.0 4.0 3.0 3.0 3.0
	3LoTh	5.0	1.93		4.0 4.0 3.0 3.0 4.0 4.0 4.0 4.0 4.0
	ChSq1	3.0	1.0		2.0 2.0 1.0 3.0 3.0 1.0 1.0 3.0 2.0
	5ALi	0.0	0.0		0.0 0.0 0.0 0.0 0.0 0.0 0.0 0.0 0.0
	FiDs4	3.8	0.87		2.0 2.0 2.0 2.0 3.0 3.0 2.0 3.0 2.0
program components:
	Skating Skills	1.60 8.50 8.75 9.00 8.50 8.50 8.25 8.25 8.75 8.50 8.54
	Transitions	1.60 8.25 8.50 8.50 8.25 8.00 7.75 8.00 8.50 8.00 8.21
	Performance	1.60 8.50 8.50 8.50 8.25 8.25 8.00 8.25 8.50 8.25 8.36
	Composition	1.60 8.25 8.75 8.75 8.50 8.50 8.00 8.00 8.75 8.00 8.39
	Interpretation of the Music	1.60 8.25 8.75 8.75 8.50 8.25 8.00 8.25 8.75 8.50 8.46
deductions:

name: Daria PAVLIUCHENKO / Denis KHODYKIN
rank: 5
startingNbr: 1
elements:
	3Fe<	3.18	-1.36	e	-3.0 -4.0 -4.0 -5.0 -5.0 -5.0 -5.0 -4.0 -3.0
	3T+2T+2T	6.8	0.42		2.0 2.0 0.0 0.0 2.0 1.0 0.0 2.0 0.0
	3Tw4	6.0	1.8		3.0 3.0 3.0 3.0 3.0 3.0 3.0 3.0 3.0
	ChSq1	3.0	0.93		2.0 2.0 2.0 2.0 3.0 2.0 0.0 2.0 1.0
	3FTh	5.3	1.36		3.0 3.0 3.0 2.0 2.0 3.0 2.0 3.0 2.0
	5RLi4	7.0	1.1		2.0 2.0 3.0 1.0 0.0 2.0 2.0 1.0 1.0
	3LoTh	5.0	1.43		4.0 3.0 3.0 2.0 2.0 4.0 2.0 3.0 3.0
	5ALi4	7.0	1.2		2.0 2.0 2.0 2.0 1.0 2.0 1.0 2.0 1.0
	4Li4	5.1	0.87		3.0 3.0 3.0 0.0 0.0 3.0 1.0 2.0 0.0
	FoDs3	4.3	0.61		2.0 1.0 2.0 1.0 2.0 2.0 1.0 1.0 1.0
	PCoSp4	4.5	0.77		2.0 2.0 2.0 1.0 1.0 3.0 1.0 2.0 2.0
program components:
	Skating Skills	1.60 7.75 7.50 7.50 7.25 7.50 7.50 7.00 7.50 7.75 7.50
	Transitions	1.60 7.50 7.00 7.50 6.75 7.25 7.25 7.00 7.25 7.50 7.25
	Performance	1.60 7.75 7.25 7.75 7.00 7.75 7.75 6.50 7.50 7.75 7.54
	Composition	1.60 7.75 7.50 7.75 6.75 7.50 7.50 6.75 7.75 7.25 7.43
	Interpretation of the Music	1.60 7.75 7.00 7.25 7.25 7.50 7.25 6.50 7.50 7.50 7.32
deductions:

name: Nicole DELLA MONICA / Matteo GUARISE
rank: 6
startingNbr: 3
elements:
	2S	1.3	-0.24		-2.0 -2.0 -1.0 -3.0 -2.0 -1.0 -2.0 -2.0 -2.0
	3Tw3	5.7	0.65		1.0 1.0 0.0 2.0 1.0 1.0 1.0 2.0 1.0
	3LoTh	5.0	-2.5		-5.0 -5.0 -4.0 -5.0 -5.0 -5.0 -5.0 -5.0 -5.0
	FiDs3	3.5	0.8		3.0 3.0 2.0 1.0 1.0 3.0 2.0 3.0 2.0
	3T<+COMBO	3.15	-1.58	<	-5.0 -5.0 -5.0 -5.0 -5.0 -5.0 -5.0 -5.0 -5.0
	5RLi3	6.6	1.51		3.0 2.0 4.0 3.0 1.0 2.0 1.0 2.0 3.0
	ChSq1	3.0	1.21		2.0 3.0 3.0 3.0 1.0 3.0 1.0 2.0 3.0
	3STh	4.4	1.32		3.0 4.0 3.0 4.0 2.0 3.0 2.0 2.0 4.0
	5ALi4	7.0	2.2		3.0 3.0 3.0 4.0 1.0 3.0 4.0 3.0 3.0
	4Li4	5.1	1.68		3.0 3.0 3.0 3.0 2.0 4.0 4.0 3.0 4.0
	PCoSp4	4.5	1.29		3.0 2.0 3.0 3.0 2.0 3.0 3.0 3.0 3.0
program components:
	Skating Skills	1.60 8.50 8.25 8.00 8.25 7.25 7.75 8.00 8.25 8.50 8.14
	Transitions	1.60 8.00 8.00 7.50 8.25 7.00 7.75 8.25 8.00 8.25 7.96
	Performance	1.60 8.25 7.50 7.50 8.00 7.00 7.50 7.75 8.00 8.00 7.75
	Composition	1.60 8.25 8.50 7.75 8.00 7.25 7.75 8.50 8.50 8.50 8.18
	Interpretation of the Music	1.60 8.25 8.25 8.00 8.25 7.00 7.75 8.25 8.25 8.25 8.14
deductions:
	falls: -2.0

