event name: ISU GP Helsinki 2018
event type: PAIRS FREE SKATING
name: Natalia ZABIIAKO / Alexander ENBERT
rank: 1
startingNbr: 8
elements:
	3Tw3	5.7	1.55		3.0 4.0 3.0 3.0 2.0 3.0 2.0 2.0 3.0
	3T+2T+2Lo	7.2	0.9		1.0 2.0 2.0 2.0 3.0 2.0 2.0 2.0 3.0
	3S	4.3	-2.15		-4.0 -5.0 -5.0 -5.0 -5.0 -5.0 -5.0 -5.0 -5.0
	PCoSp4	4.5	0.84		2.0 2.0 1.0 1.0 2.0 2.0 2.0 2.0 2.0
	3FTh	5.3	-0.45		-1.0 1.0 -1.0 0.0 -2.0 -1.0 -1.0 -2.0 0.0
	4Li4	5.1	1.38		3.0 2.0 3.0 2.0 3.0 3.0 3.0 2.0 3.0
	5RLi4	7.0	1.7		2.0 3.0 3.0 2.0 2.0 3.0 2.0 2.0 3.0
	3LoTh	5.0	1.64		3.0 3.0 4.0 2.0 3.0 4.0 3.0 3.0 4.0
	ChSq1	3.0	0.64		1.0 2.0 2.0 0.0 3.0 2.0 1.0 0.0 1.0
	5ALi4	7.0	1.8		2.0 3.0 4.0 2.0 3.0 3.0 2.0 2.0 3.0
	FiDs3	3.5	1.05		3.0 3.0 3.0 3.0 3.0 4.0 3.0 3.0 3.0
program components:
	Skating Skills	1.60 8.00 8.25 8.25 8.00 8.25 9.00 8.00 8.25 8.25 8.18
	Transitions	1.60 8.25 8.00 7.75 7.50 8.00 8.50 8.25 6.75 8.00 7.96
	Performance	1.60 8.25 8.25 8.50 7.50 8.25 8.75 8.00 8.25 8.75 8.32
	Composition	1.60 8.25 8.50 8.25 8.00 8.25 8.75 8.25 7.75 8.50 8.29
	Interpretation of the Music	1.60 8.00 8.50 8.25 7.75 8.50 9.00 7.75 7.50 8.25 8.14
deductions:
	falls: -1.0

name: Daria PAVLIUCHENKO / Denis KHODYKIN
rank: 2
startingNbr: 5
elements:
	3F	5.3	-0.23	!	-1.0 0.0 0.0 0.0 1.0 0.0 -2.0 -2.0 0.0
	3T+2T+2T	6.8	0.9		1.0 2.0 3.0 2.0 3.0 2.0 1.0 2.0 4.0
	3Tw4	6.0	1.89		3.0 2.0 3.0 3.0 3.0 4.0 3.0 3.0 4.0
	ChSq1	3.0	0.64		1.0 2.0 1.0 1.0 2.0 1.0 1.0 0.0 4.0
	3FTh	5.3	1.74		3.0 3.0 4.0 4.0 3.0 3.0 4.0 3.0 3.0
	5RLi2	6.2	0.0		0.0 2.0 -1.0 -1.0 -1.0 2.0 -1.0 1.0 0.0
	3LoTh	5.0	1.71		4.0 2.0 3.0 3.0 3.0 3.0 4.0 4.0 4.0
	5ALi4	7.0	0.6		1.0 2.0 1.0 0.0 0.0 3.0 -2.0 1.0 1.0
	4Li2	4.3	-1.04		-4.0 0.0 0.0 -2.0 -3.0 -2.0 -4.0 -4.0 -2.0
	FoDs2	3.9	0.22		0.0 1.0 1.0 0.0 0.0 1.0 1.0 2.0 -1.0
	PCoSp4	4.5	0.64		0.0 1.0 1.0 2.0 1.0 2.0 1.0 2.0 2.0
program components:
	Skating Skills	1.60 7.25 7.75 7.25 7.00 7.25 7.25 7.25 6.50 7.75 7.29
	Transitions	1.60 7.00 7.50 7.00 6.75 7.50 7.00 7.00 5.75 8.00 7.11
	Performance	1.60 6.75 7.50 7.75 5.75 7.50 7.00 7.00 6.25 8.25 7.11
	Composition	1.60 7.00 7.75 7.50 7.00 7.25 7.50 7.25 6.75 7.75 7.32
	Interpretation of the Music	1.60 6.75 7.75 7.00 6.00 7.50 7.25 7.25 5.50 7.75 7.07
deductions:

name: Nicole DELLA MONICA / Matteo GUARISE
rank: 3
startingNbr: 7
elements:
	2S+COMBO	1.3	-0.63		-4.0 -5.0 -5.0 -5.0 -4.0 -5.0 -5.0 -5.0 -5.0
	3Tw3	5.7	1.22		2.0 3.0 2.0 1.0 2.0 2.0 2.0 2.0 3.0
	3LoTh	5.0	-0.86		-2.0 -2.0 -2.0 -1.0 -1.0 -2.0 0.0 -3.0 -2.0
	FiDs3	3.5	0.95		2.0 2.0 4.0 2.0 4.0 2.0 2.0 4.0 3.0
	2T	1.3	-0.28		-2.0 -2.0 0.0 -1.0 -2.0 -2.0 -4.0 -4.0 -2.0
	5RLi3	6.6	1.7		2.0 2.0 4.0 2.0 3.0 3.0 3.0 2.0 3.0
	ChSq1	3.0	1.07		2.0 3.0 3.0 1.0 3.0 3.0 2.0 1.0 1.0
	3STh	4.4	-0.57		-1.0 0.0 -2.0 -3.0 -2.0 -1.0 0.0 -1.0 -2.0
	5ALi3	6.6	2.36		3.0 4.0 4.0 3.0 4.0 4.0 3.0 3.0 4.0
	4Li4	5.1	1.68		4.0 3.0 4.0 3.0 3.0 4.0 3.0 3.0 3.0
	PCoSp4	4.5	1.22		2.0 3.0 3.0 3.0 3.0 3.0 2.0 1.0 3.0
program components:
#	Info	GOE J1 J2 J3 J4 J5 J6 J7 J8 J9 Ref
	Skating Skills	1.60 8.25 8.50 8.25 7.50 8.25 8.25 8.00 7.25 8.00 8.07
	Transitions	1.60 8.00 8.50 8.00 7.25 8.00 8.00 7.50 6.75 7.75 7.79
	Performance	1.60 8.00 8.25 7.75 7.50 8.50 7.75 7.25 6.75 8.50 7.86
	Composition	1.60 8.25 8.50 8.50 7.50 8.25 8.25 8.00 7.75 8.25 8.18
	Interpretation of the Music	1.60 8.00 8.50 8.00 7.25 8.50 8.00 7.50 7.50 8.00 7.93
deductions:
	time violation: -1.00

name: Tae Ok RYOM / Ju Sik KIM
rank: 4
startingNbr: 3
elements:
	3Tw3	5.7	1.55		2.0 3.0 3.0 -2.0 3.0 2.0 3.0 3.0 3.0
	3T+2T+2T<	6.48	0.12	<	-1.0 -2.0 -1.0 1.0 2.0 -1.0 0.0 2.0 3.0
	5RLi3	6.6	1.7		2.0 2.0 3.0 1.0 3.0 3.0 2.0 3.0 3.0
	2A<<	1.1	-0.39	<<	-3.0 -4.0 -5.0 -3.0 -5.0 -3.0 -3.0 -4.0 -3.0
	FiDs4	3.8	0.87		3.0 2.0 3.0 1.0 1.0 2.0 2.0 3.0 3.0
	3STh	4.4	-0.06		0.0 -1.0 3.0 -1.0 0.0 -1.0 2.0 -1.0 0.0
	5ALi3	6.6	1.51		2.0 2.0 3.0 2.0 2.0 3.0 2.0 2.0 3.0
	3LoTh	5.0	1.0		2.0 1.0 3.0 2.0 0.0 2.0 2.0 2.0 3.0
	ChSq1	3.0	0.36		1.0 1.0 1.0 0.0 2.0 2.0 1.0 -1.0 -1.0
	3Li4	5.1	0.95		2.0 2.0 3.0 1.0 2.0 3.0 1.0 1.0 2.0
	PCoSp4	4.5	0.64		1.0 2.0 2.0 1.0 1.0 2.0 1.0 1.0 3.0
program components:
	Skating Skills	1.60 7.25 7.50 7.25 6.50 7.50 7.50 6.75 7.25 7.00 7.21
	Transitions	1.60 7.75 7.00 7.25 6.00 7.25 7.00 6.50 6.50 6.75 6.89
	Performance	1.60 7.50 7.25 7.50 6.50 7.25 7.50 6.50 7.25 7.25 7.21
	Composition	1.60 7.25 7.50 7.50 6.25 7.25 7.25 7.00 7.50 7.00 7.25
	Interpretation of the Music	1.60 7.25 7.25 7.25 5.75 7.50 7.25 6.50 6.50 6.75 6.96
deductions:

name: Miriam ZIEGLER / Severin KIEFER
rank: 5
startingNbr: 6
elements:
	3Tw1	5.1	-0.29		-1.0 0.0 -2.0 -2.0 1.0 1.0 -2.0 -1.0 3.0
	3T+2T+2T	6.8	0.84		2.0 1.0 2.0 2.0 3.0 2.0 2.0 1.0 3.0
	2S	1.3	-0.52		-5.0 -1.0 -4.0 -5.0 -3.0 -3.0 -5.0 -4.0 -4.0
	5RLi4	7.0	1.1		0.0 1.0 0.0 1.0 2.0 2.0 2.0 3.0 3.0
	3FTh	5.3	1.44		2.0 2.0 3.0 2.0 3.0 3.0 3.0 3.0 3.0
	FiDs4	3.8	0.98		3.0 2.0 3.0 2.0 2.0 2.0 3.0 3.0 3.0
	PCoSp2V	2.63	0.26		0.0 2.0 1.0 1.0 1.0 0.0 1.0 1.0 3.0
	5ALi4	7.0	1.8		2.0 3.0 3.0 2.0 3.0 3.0 2.0 2.0 4.0
	ChSq1	3.0	1.14		3.0 2.0 3.0 1.0 3.0 2.0 2.0 2.0 2.0
	3STh	4.4	0.75		0.0 3.0 3.0 0.0 1.0 2.0 1.0 2.0 3.0
	3Li	0.0	0.0		0.0 0.0 0.0 0.0 0.0 0.0 0.0 0.0 0.0
program components:
#	Info	GOE J1 J2 J3 J4 J5 J6 J7 J8 J9 Ref
	Skating Skills	1.60 7.25 7.75 7.50 6.75 7.50 7.50 7.50 6.75 8.00 7.39
	Transitions	1.60 7.25 7.25 7.25 6.50 6.75 6.75 7.50 7.00 7.50 7.11
	Performance	1.60 7.00 7.50 7.50 6.50 7.25 6.75 7.00 7.25 8.00 7.18
	Composition	1.60 7.25 7.50 7.75 6.50 6.75 7.25 7.50 7.75 7.75 7.39
	Interpretation of the Music	1.60 7.00 7.75 7.75 6.75 7.50 7.00 7.50 7.00 7.75 7.36
deductions:

name: Deanna STELLATO-DUDEK / Nathan BARTHOLOMAY
rank: 6
startingNbr: 4
elements:
	3Tw2	5.4	0.0		0.0 -1.0 1.0 0.0 1.0 -2.0 0.0 -1.0 2.0
	1STh	1.1	-0.41		-3.0 -4.0 -4.0 -4.0 -3.0 -3.0 -4.0 -4.0 -5.0
	1S+COMBO	0.4	-0.16		-4.0 -4.0 -5.0 -5.0 -3.0 -5.0 -3.0 -4.0 -3.0
	2T	1.3	-0.26		-2.0 0.0 -2.0 -1.0 -2.0 -2.0 -3.0 -2.0 -3.0
	5ALi4	7.0	1.7		3.0 1.0 3.0 2.0 3.0 2.0 1.0 3.0 4.0
	3LoTh	5.0	-0.93		-2.0 -2.0 -2.0 -1.0 -2.0 -3.0 -1.0 -2.0 -2.0
	FiDs3	3.5	0.5		2.0 1.0 2.0 1.0 2.0 1.0 0.0 1.0 3.0
	5RLi4	7.0	1.8		3.0 2.0 2.0 3.0 3.0 2.0 2.0 3.0 4.0
	ChSq1	3.0	0.93		2.0 2.0 2.0 2.0 3.0 2.0 2.0 0.0 1.0
	3Li2	4.3	0.98		3.0 2.0 2.0 2.0 3.0 2.0 2.0 1.0 3.0
	PCoSp4	4.5	1.09		3.0 2.0 2.0 2.0 4.0 2.0 2.0 2.0 4.0
program components:
	Skating Skills	1.60 7.25 7.00 7.25 6.25 7.25 6.75 7.00 6.00 7.00 6.93
	Transitions	1.60 7.25 6.75 6.50 6.50 7.25 6.50 6.75 5.25 7.25 6.79
	Performance	1.60 7.00 7.00 6.50 6.25 7.50 6.25 6.50 5.75 7.50 6.71
	Composition	1.60 8.00 7.25 6.75 6.50 7.50 6.75 7.25 6.25 7.00 7.00
	Interpretation of the Music	1.60 7.00 7.25 7.00 6.50 7.50 6.50 7.00 6.00 7.50 6.96
deductions:

name: Miu SUZAKI / Ryuichi KIHARA
rank: 7
startingNbr: 2
elements:
	3Tw1	5.1	-2.04		-3.0 -5.0 -4.0 -3.0 -4.0 -4.0 -5.0 -4.0 -4.0
	3F<	3.98	-1.88	<	-5.0 -5.0 -5.0 -4.0 -5.0 -4.0 -4.0 -5.0 -5.0
	3T+2T+2T	6.8	0.24		0.0 1.0 0.0 2.0 2.0 0.0 0.0 0.0 1.0
	3FTh	5.3	-2.57		-5.0 -5.0 -4.0 -4.0 -5.0 -5.0 -5.0 -5.0 -5.0
	5SLi3	5.8	1.08		2.0 1.0 2.0 2.0 2.0 1.0 2.0 2.0 2.0
	PCoSp4	4.5	0.58		1.0 0.0 1.0 2.0 2.0 0.0 2.0 1.0 2.0
	5ALi3	6.6	1.23		1.0 0.0 2.0 2.0 2.0 2.0 2.0 2.0 3.0
	3STh	4.4	0.0		1.0 0.0 -1.0 1.0 0.0 0.0 0.0 0.0 -1.0
	ChSq1	3.0	0.64		2.0 1.0 0.0 0.0 2.0 2.0 1.0 1.0 2.0
	4Li4	5.1	0.95		2.0 0.0 2.0 3.0 2.0 2.0 1.0 1.0 3.0
	FiDs3	3.5	0.6		3.0 1.0 2.0 2.0 1.0 1.0 2.0 1.0 3.0
program components:
	Skating Skills	1.60 7.50 6.25 6.00 6.00 5.75 6.00 5.50 6.25 6.75 6.14
	Transitions	1.60 7.00 5.75 5.50 5.75 5.50 5.75 5.50 5.50 5.75 5.64
	Performance	1.60 7.25 6.00 5.50 6.25 5.75 5.50 6.00 6.50 6.50 6.07
	Composition	1.60 7.25 6.25 5.75 6.00 5.50 6.00 6.00 6.25 6.00 6.04
	Interpretation of the Music	1.60 7.00 6.00 5.50 6.00 5.75 5.75 5.50 5.50 6.25 5.82
deductions:
	falls: -1.0

name: Laura BARQUERO / Aritz MAESTU
rank: 8
startingNbr: 1
elements:
	3S+2T	5.6	-0.92		-2.0 -2.0 -2.0 -2.0 -2.0 -2.0 -3.0 -3.0 -1.0
	3Tw3	5.7	0.49		2.0 0.0 2.0 -1.0 1.0 1.0 2.0 0.0 0.0
	5ALi1	5.8	-1.24		-3.0 -1.0 -1.0 -2.0 -3.0 -1.0 -4.0 -3.0 -2.0
	3FTh	5.3	-0.23		-1.0 -1.0 1.0 2.0 -1.0 0.0 0.0 -1.0 -1.0
	ChSq1	3.0	0.64		1.0 1.0 1.0 0.0 2.0 2.0 1.0 1.0 2.0
	2A	3.3	-0.24		-2.0 -1.0 -1.0 0.0 -1.0 0.0 -1.0 -1.0 0.0
	3LoTh	5.0	-0.14		0.0 -1.0 0.0 0.0 -1.0 0.0 0.0 -1.0 0.0
	5RLi3	6.6	-0.28		0.0 -1.0 0.0 1.0 0.0 -1.0 -2.0 0.0 -1.0
	3Li4	5.1	-0.44		-1.0 -1.0 -1.0 0.0 -1.0 1.0 -2.0 -1.0 -1.0
	FiDs3	3.5	0.35		1.0 1.0 1.0 2.0 -2.0 -1.0 2.0 1.0 2.0
	PCoSp4	4.5	0.19		0.0 1.0 1.0 1.0 0.0 0.0 0.0 0.0 2.0
program components:
	Skating Skills	1.60 5.75 6.25 6.50 6.25 5.50 6.00 5.75 5.25 5.50 5.86
	Transitions	1.60 6.25 6.00 6.00 5.75 5.25 5.75 5.50 4.25 5.75 5.71
	Performance	1.60 6.25 6.25 6.25 6.00 5.25 5.75 5.50 5.75 6.00 5.93
	Composition	1.60 6.00 6.00 6.25 6.50 5.25 6.00 6.00 6.00 6.00 6.04
	Interpretation of the Music	1.60 5.75 6.50 6.00 6.00 5.25 5.75 6.00 4.75 6.25 5.86
deductions:

