event name: ISU GP Helsinki 2018
event type: LADIES SHORT PROGRAM
name: Alina ZAGITOVA
rank: 1
startingNbr: 9
elements:
	3Lz+1Lo*	5.9	-2.95	*	-5.0 -5.0 -5.0 -5.0 -5.0 -5.0 -5.0 -5.0 -5.0
	FCSp4	3.2	1.05		3.0 3.0 4.0 3.0 3.0 4.0 4.0 3.0 3.0
	StSq4	3.9	1.56		4.0 4.0 3.0 4.0 4.0 4.0 4.0 4.0 4.0
	2A	3.3	0.99		3.0 3.0 3.0 3.0 3.0 4.0 3.0 2.0 3.0
	LSp4	2.7	0.93		4.0 5.0 3.0 3.0 3.0 4.0 4.0 3.0 3.0
	3F	5.83	1.97	x	3.0 4.0 3.0 4.0 4.0 5.0 4.0 3.0 4.0
	CCoSp4	3.5	1.25		4.0 4.0 4.0 2.0 4.0 5.0 3.0 3.0 3.0
program components:
	Skating Skills	0.80 9.00 8.50 9.00 8.75 9.00 9.25 8.25 8.75 9.50 8.89
	Transitions	0.80 9.00 8.75 8.75 8.50 9.00 9.25 8.25 9.25 9.50 8.93
	Performance	0.80 8.50 8.75 9.00 9.00 8.75 9.50 8.50 8.75 9.25 8.86
	Composition	0.80 9.00 8.75 9.25 9.00 9.00 9.50 8.75 9.00 9.25 9.04
	Interpretation of the Music	0.80 9.25 8.50 9.25 9.00 8.75 9.50 8.50 8.75 9.50 9.00
deductions:

name: Yuna SHIRAIWA
rank: 2
startingNbr: 7
elements:
	3Lz+3T	10.1	0.42	!	1.0 0.0 1.0 1.0 1.0 0.0 1.0 -1.0 1.0
	FSSp2	2.3	-0.26		-3.0 2.0 -3.0 -3.0 1.0 1.0 -1.0 -2.0 -1.0
	CCoSp4	3.5	0.85		3.0 2.0 1.0 2.0 3.0 3.0 2.0 2.0 3.0
	2A	3.3	0.94		3.0 3.0 2.0 2.0 3.0 3.0 3.0 3.0 3.0
	StSq2	2.6	0.67		3.0 4.0 2.0 2.0 3.0 2.0 3.0 2.0 3.0
	3Lo	5.39	1.19	x	3.0 3.0 2.0 2.0 3.0 1.0 3.0 0.0 3.0
	CSp2	1.8	0.49		2.0 3.0 4.0 3.0 3.0 2.0 3.0 2.0 3.0
program components:
	Skating Skills	0.80 7.50 7.50 7.75 7.75 7.75 7.50 7.50 8.25 7.75 7.64
	Transitions	0.80 7.25 7.25 7.25 7.50 7.50 7.25 7.25 7.75 7.75 7.39
	Performance	0.80 8.00 8.25 7.75 7.50 8.00 7.75 7.75 8.00 8.25 7.93
	Composition	0.80 7.75 7.75 7.50 7.50 7.50 7.50 7.25 7.25 8.00 7.54
	Interpretation of the Music	0.80 7.50 8.00 7.50 7.50 7.75 7.50 7.50 7.25 8.00 7.61
deductions:

name: Loena HENDRICKX
rank: 3
startingNbr: 8
elements:
	3Lz+3T<	9.05	-0.42	<	-1.0 1.0 -2.0 0.0 -1.0 -2.0 -1.0 -1.0 1.0
	FSSp4	3.0	0.47		0.0 2.0 1.0 2.0 2.0 2.0 1.0 2.0 1.0
	CCoSp4	3.5	1.15		4.0 4.0 3.0 4.0 3.0 3.0 2.0 3.0 3.0
	2A	3.3	0.66		1.0 3.0 2.0 2.0 2.0 2.0 2.0 2.0 2.0
	3F<	4.38	-1.65	< x	-5.0 -3.0 -4.0 -3.0 -5.0 -4.0 -5.0 -5.0 -3.0
	StSq4	3.9	1.17		3.0 3.0 3.0 4.0 2.0 3.0 3.0 3.0 3.0
	LSp4	2.7	0.93		4.0 4.0 2.0 4.0 3.0 4.0 3.0 3.0 3.0
program components:
	Skating Skills	0.80 8.00 7.75 7.00 8.25 7.50 7.50 7.25 8.00 7.75 7.68
	Transitions	0.80 7.75 7.50 7.25 8.00 7.50 7.25 6.75 8.25 7.75 7.57
	Performance	0.80 7.25 7.75 7.50 8.25 8.00 7.50 7.25 8.50 8.00 7.75
	Composition	0.80 8.00 7.75 7.75 8.25 7.50 7.75 7.00 8.75 8.00 7.86
	Interpretation of the Music	0.80 8.00 8.00 7.50 8.25 7.75 7.75 7.50 8.25 8.25 7.93
deductions:

name: Stanislava KONSTANTINOVA
rank: 4
startingNbr: 11
elements:
	3Lz+3T	10.1	1.52		1.0 3.0 3.0 3.0 3.0 3.0 3.0 1.0 2.0
	LSp4	2.7	0.66		2.0 3.0 2.0 2.0 3.0 4.0 3.0 2.0 2.0
	FCSp3	2.8	0.64		1.0 2.0 2.0 2.0 3.0 3.0 2.0 3.0 2.0
	2A	3.3	0.52		2.0 3.0 1.0 1.0 2.0 2.0 2.0 1.0 1.0
	3F<<	1.98	-0.9	<< x	-5.0 -5.0 -5.0 -5.0 -5.0 -5.0 -5.0 -5.0 -5.0
	CCoSp4	3.5	1.0		3.0 3.0 3.0 2.0 4.0 3.0 3.0 2.0 3.0
	StSq4	3.9	0.95		2.0 3.0 1.0 2.0 4.0 4.0 3.0 2.0 1.0
program components:
	Skating Skills	0.80 7.75 7.75 7.50 8.00 7.75 8.25 7.25 7.75 8.00 7.79
	Transitions	0.80 7.50 7.50 7.25 7.75 7.50 8.00 7.00 7.75 7.75 7.57
	Performance	0.80 7.50 7.50 7.50 8.00 7.75 8.00 7.25 8.00 7.00 7.64
	Composition	0.80 7.75 7.75 7.50 7.75 8.00 8.25 7.75 8.00 7.75 7.82
	Interpretation of the Music	0.80 8.00 8.25 7.25 7.75 7.75 8.25 7.50 7.75 7.50 7.79
deductions:
	falls: 1

name: Emmi PELTONEN
rank: 5
startingNbr: 3
elements:
	3T+3T	8.4	0.36		1.0 2.0 1.0 -2.0 1.0 -1.0 1.0 1.0 2.0
	3Lo	4.9	-0.21		-1.0 2.0 -1.0 -1.0 0.0 -1.0 0.0 -1.0 1.0
	FSSp2	2.3	0.3		-2.0 2.0 0.0 2.0 1.0 2.0 3.0 1.0 1.0
	LSp3	2.4	0.17		0.0 1.0 2.0 1.0 0.0 2.0 0.0 1.0 0.0
	2A	3.63	0.8	x	2.0 3.0 3.0 3.0 2.0 2.0 2.0 3.0 2.0
	StSq1	1.8	0.69		4.0 4.0 4.0 4.0 4.0 4.0 3.0 4.0 3.0
	CCoSp4	3.5	0.85		2.0 3.0 1.0 3.0 2.0 3.0 2.0 2.0 3.0
program components:
	Skating Skills	0.80 7.00 7.25 7.50 7.50 7.50 7.50 6.25 8.00 7.25 7.36
	Transitions	0.80 7.00 7.25 7.75 7.25 7.00 7.25 6.50 8.25 7.00 7.21
	Performance	0.80 6.50 7.50 7.75 7.50 7.75 7.75 7.00 8.75 7.50 7.54
	Composition	0.80 7.00 7.50 8.00 7.50 7.50 7.50 7.25 8.50 7.75 7.57
	Interpretation of the Music	0.80 7.25 7.75 8.25 7.75 8.00 8.00 7.00 8.75 7.75 7.82
deductions:

name: Daria PANENKOVA
rank: 6
startingNbr: 2
elements:
	FCSp4	3.2	0.64		3.0 2.0 3.0 2.0 2.0 2.0 2.0 1.0 1.0
	3Lo	4.9	1.05		2.0 3.0 2.0 2.0 2.0 3.0 2.0 2.0 2.0
	2A	3.3	0.42		1.0 2.0 1.0 1.0 1.0 2.0 1.0 0.0 2.0
	3Lz+3T<	9.96	-1.85	< x	-4.0 -4.0 -3.0 -4.0 -3.0 -3.0 -2.0 -3.0 -1.0
	CCoSp3	3.0	0.69		2.0 2.0 2.0 2.0 1.0 3.0 3.0 3.0 2.0
	StSq3	3.3	0.47		1.0 1.0 2.0 1.0 2.0 2.0 2.0 1.0 1.0
	LSp4	2.7	0.23		-1.0 1.0 1.0 0.0 1.0 2.0 3.0 0.0 1.0
program components:
	Skating Skills	0.80 5.75 6.25 6.75 7.00 6.75 7.00 6.50 6.50 7.00 6.68
	Transitions	0.80 6.00 6.00 6.25 6.50 6.25 6.75 6.00 6.50 6.50 6.29
	Performance	0.80 6.25 6.75 6.50 7.00 6.75 6.75 6.75 6.75 6.50 6.68
	Composition	0.80 6.00 6.50 6.75 7.25 6.50 7.00 6.50 6.50 6.75 6.64
	Interpretation of the Music	0.80 6.25 6.25 6.25 7.00 7.00 6.75 6.75 6.25 6.25 6.50
deductions:

name: Kaori SAKAMOTO
rank: 7
startingNbr: 10
elements:
	3F	5.3	-2.65		-5.0 -5.0 -5.0 -5.0 -5.0 -5.0 -5.0 -5.0 -3.0
	2A	3.3	1.18		4.0 4.0 3.0 4.0 3.0 2.0 4.0 4.0 3.0
	CCoSp4	3.5	0.8		1.0 3.0 2.0 2.0 2.0 2.0 3.0 3.0 2.0
	StSq3	3.3	1.04		3.0 4.0 3.0 3.0 3.0 2.0 3.0 4.0 3.0
	3Lo+3T<<	6.82	-2.45	<< x	-5.0 -5.0 -5.0 -5.0 -5.0 -5.0 -5.0 -5.0 -5.0
	FCSp3	2.8	0.6		2.0 3.0 2.0 2.0 2.0 2.0 2.0 2.0 3.0
	LSp4	2.7	0.69		3.0 3.0 2.0 3.0 3.0 2.0 2.0 2.0 3.0
program components:
	Skating Skills	0.80 8.00 8.25 8.50 8.50 8.50 8.00 8.00 8.75 9.00 8.36
	Transitions	0.80 7.00 8.25 8.00 8.25 8.25 7.50 7.50 8.50 8.50 8.04
	Performance	0.80 7.00 7.50 7.75 8.25 7.75 7.50 7.75 8.25 8.50 7.82
	Composition	0.80 7.25 8.25 8.25 8.50 8.00 7.75 7.50 8.50 8.50 8.11
	Interpretation of the Music	0.80 7.50 8.50 8.00 8.50 7.75 7.75 7.75 8.25 8.50 8.07
deductions:
	falls: 2

name: Hanul KIM
rank: 8
startingNbr: 1
elements:
	3Lz+3T<	9.05	-1.1	<	-1.0 -2.0 -2.0 -2.0 -2.0 -2.0 -2.0 -3.0 1.0
	CCoSp4	3.5	0.75		2.0 4.0 2.0 2.0 2.0 2.0 2.0 3.0 2.0
	FSSp3	2.6	0.26		1.0 1.0 1.0 0.0 0.0 0.0 2.0 2.0 2.0
	3Lo<	3.68	-0.37	<	-1.0 -2.0 -1.0 -1.0 -2.0 -2.0 0.0 0.0 1.0
	2A	3.63	0.85	x	1.0 2.0 2.0 3.0 3.0 2.0 3.0 3.0 3.0
	StSq2	2.6	0.37		2.0 2.0 1.0 2.0 1.0 2.0 1.0 1.0 1.0
	LSp4	2.7	0.85		2.0 5.0 3.0 4.0 4.0 3.0 2.0 3.0 3.0
program components:
	Skating Skills	0.80 6.50 6.50 6.50 7.00 6.50 5.75 6.00 7.25 7.25 6.61
	Transitions	0.80 6.50 6.25 5.75 6.75 6.25 5.50 5.25 7.00 7.00 6.29
	Performance	0.80 6.75 7.25 6.25 7.25 7.00 5.75 5.75 7.25 7.25 6.79
	Composition	0.80 6.50 6.50 6.25 7.25 6.50 5.50 5.50 7.00 7.00 6.46
	Interpretation of the Music	0.80 6.00 6.25 6.00 7.25 6.50 6.00 6.00 7.00 6.75 6.36
deductions:

name: Angela WANG
rank: 9
startingNbr: 4
elements:
	1F*	0.0	0.0	*	0.0 0.0 0.0 0.0 0.0 0.0 0.0 0.0 0.0
	3Lo+2T	6.2	0.35		0.0 1.0 1.0 1.0 1.0 0.0 1.0 0.0 2.0
	FCSp4	3.2	0.69		2.0 2.0 1.0 3.0 2.0 2.0 3.0 2.0 2.0
	StSq3	3.3	0.8		2.0 3.0 2.0 3.0 3.0 2.0 2.0 2.0 3.0
	2A	3.63	0.42	x	2.0 1.0 1.0 2.0 1.0 2.0 1.0 1.0 1.0
	CCoSp4	3.5	0.6		2.0 3.0 1.0 2.0 2.0 1.0 2.0 1.0 2.0
	LSp4	2.7	0.42		2.0 2.0 2.0 2.0 2.0 1.0 1.0 1.0 1.0
program components:
	Skating Skills	0.80 6.75 7.00 7.25 7.25 7.25 6.75 6.75 7.25 7.25 7.07
	Transitions	0.80 6.00 6.50 7.00 6.75 7.00 6.50 6.25 6.75 7.25 6.68
	Performance	0.80 7.00 6.75 7.00 7.25 7.50 6.50 6.50 7.00 7.25 6.96
	Composition	0.80 7.00 7.00 7.25 7.00 7.50 6.75 6.50 7.25 7.50 7.11
	Interpretation of the Music	0.80 6.75 7.25 7.25 7.25 7.75 6.50 6.75 7.00 7.50 7.11
deductions:

name: Viveca LINDFORS
rank: 10
startingNbr: 5
elements:
	3Lz	5.9	-1.77		-3.0 -3.0 -3.0 -3.0 -3.0 -3.0 -4.0 -2.0 -3.0
	3F+2T	6.6	-1.29	!	-3.0 -2.0 -2.0 -2.0 -3.0 -2.0 -3.0 -3.0 -2.0
	FCSp4	3.2	0.46		1.0 2.0 1.0 2.0 1.0 1.0 2.0 1.0 2.0
	StSq2	2.6	0.56		2.0 2.0 1.0 2.0 2.0 3.0 2.0 3.0 2.0
	2A	3.63	0.05	x	0.0 0.0 0.0 1.0 0.0 1.0 0.0 0.0 0.0
	CCoSp4	3.5	0.5		1.0 1.0 1.0 2.0 2.0 1.0 1.0 2.0 2.0
	LSp3	2.4	0.31		-1.0 2.0 1.0 0.0 1.0 2.0 2.0 1.0 2.0
program components:
	Skating Skills	0.80 6.00 6.75 6.00 7.00 6.75 6.50 6.50 8.00 7.00 6.64
	Transitions	0.80 6.25 6.50 6.25 6.75 6.50 6.25 6.00 7.50 6.75 6.46
	Performance	0.80 5.75 6.75 5.75 6.75 6.75 6.00 6.25 7.75 7.00 6.46
	Composition	0.80 6.25 6.50 6.50 7.00 6.75 6.50 6.25 8.00 7.25 6.68
	Interpretation of the Music	0.80 6.00 6.25 6.25 6.75 7.00 6.25 6.50 7.75 7.50 6.64
deductions:

name: Rika HONGO
rank: 11
startingNbr: 6
elements:
	3T<+3T<	6.3	-0.81	<	-3.0 1.0 -3.0 -2.0 -5.0 -3.0 -2.0 -3.0 -2.0
	FCSp4	3.2	0.27		1.0 0.0 1.0 1.0 1.0 1.0 1.0 0.0 2.0
	3F<	3.98	-1.99	<	-5.0 -5.0 -5.0 -5.0 -5.0 -5.0 -5.0 -5.0 -5.0
	LSp3	2.4	0.24		0.0 1.0 1.0 1.0 1.0 1.0 1.0 1.0 1.0
	2A	3.63	0.66	x	2.0 2.0 2.0 2.0 2.0 2.0 3.0 2.0 2.0
	CCoSp3V	2.25	0.39		2.0 2.0 2.0 1.0 1.0 2.0 2.0 1.0 2.0
	StSq2	2.6	0.67		2.0 2.0 3.0 1.0 3.0 4.0 2.0 3.0 3.0
program components:
	Skating Skills	0.80 6.75 7.00 6.75 7.25 6.75 7.50 7.00 7.75 7.50 7.11
	Transitions	0.80 7.00 6.00 6.50 7.00 6.50 7.00 6.25 7.50 7.00 6.75
	Performance	0.80 7.00 6.75 7.00 7.00 7.25 7.00 6.75 7.75 8.00 7.11
	Composition	0.80 7.25 6.50 7.00 7.25 7.00 7.50 7.00 8.00 7.75 7.25
	Interpretation of the Music	0.80 6.75 7.00 7.25 7.00 7.00 7.25 7.25 7.50 8.00 7.18
deductions:
	falls: 1

