event name: ISU GP Helsinki 2018
event type: MEN FREE SKATING
name: Yuzuru HANYU
rank: 1
startingNbr: 10
elements:
	4Lo<	7.88	-2.14	<	-3.0 -3.0 -3.0 -2.0 -3.0 -4.0 -3.0 -1.0 -2.0
	4S	9.7	3.74		4.0 4.0 4.0 4.0 3.0 4.0 3.0 4.0 4.0
	FCCoSp4	3.5	1.15		3.0 4.0 3.0 4.0 3.0 4.0 3.0 2.0 3.0
	StSq3	3.3	1.13		4.0 3.0 3.0 4.0 4.0 3.0 3.0 4.0 3.0
	3Lo	4.9	1.47		3.0 3.0 3.0 3.0 2.0 4.0 3.0 3.0 3.0
	4T<	7.13	-0.41	<	-1.0 0.0 0.0 -1.0 0.0 -2.0 -1.0 0.0 -1.0
	4T+3A+SEQ	15.4	-0.14	x	1.0 0.0 -1.0 -1.0 -2.0 1.0 -1.0 2.0 0.0
	3F+3T	10.45	1.59	x	3.0 3.0 3.0 3.0 3.0 2.0 3.0 3.0 4.0
	3A+1Eu+3S	14.08	2.17	x	3.0 3.0 2.0 2.0 3.0 3.0 1.0 4.0 3.0
	ChSq1	3.0	1.57		5.0 3.0 4.0 3.0 3.0 2.0 3.0 2.0 4.0
	FCSSp4	3.0	0.99		3.0 3.0 5.0 3.0 4.0 4.0 3.0 3.0 3.0
	CCoSp4	3.5	1.05		3.0 4.0 3.0 3.0 2.0 3.0 2.0 4.0 3.0
program components:
	Skating Skills	2.00 9.50 9.50 9.50 9.25 9.25 9.25 9.25 9.25 9.25 9.32
	Transitions	2.00 9.00 9.25 9.00 9.00 9.00 9.25 9.00 9.25 8.75 9.07
	Performance	2.00 9.00 9.50 9.50 8.75 9.25 8.75 9.00 9.50 9.00 9.14
	Composition	2.00 9.25 9.75 9.50 9.50 9.25 9.00 9.00 9.75 9.25 9.36
	Interpretation of the Music	2.00 9.25 9.75 9.75 9.25 9.00 9.25 9.00 9.50 9.25 9.32
deductions:

name: Michal BREZINA
rank: 2
startingNbr: 11
elements:
	4S+2T	11.0	2.49		3.0 3.0 3.0 3.0 2.0 4.0 2.0 2.0 2.0
	3A	8.0	-4.0		-5.0 -5.0 -5.0 -5.0 -5.0 -4.0 -5.0 -5.0 -5.0
	3F	5.3	1.59		3.0 3.0 3.0 3.0 3.0 4.0 3.0 3.0 2.0
	FSSp4	3.0	0.81		2.0 4.0 3.0 3.0 2.0 4.0 3.0 2.0 2.0
	StSq4	3.9	1.34		4.0 4.0 2.0 4.0 3.0 4.0 3.0 3.0 3.0
	FCCoSp4	3.5	0.85		2.0 3.0 3.0 3.0 1.0 5.0 2.0 2.0 2.0
	3Lz	5.9	1.85		3.0 4.0 3.0 4.0 3.0 3.0 3.0 2.0 3.0
	3A+2T	10.23	1.14	x	1.0 3.0 2.0 1.0 0.0 1.0 1.0 2.0 2.0
	3F+2T*+2Lo	7.7	0.83	* x	2.0 3.0 2.0 2.0 1.0 0.0 1.0 1.0 2.0
	3Lo	5.39	1.47	x	3.0 3.0 3.0 3.0 1.0 3.0 4.0 3.0 3.0
	ChSq1	3.0	1.71		4.0 3.0 3.0 4.0 2.0 4.0 3.0 3.0 5.0
	CCoSp2	2.5	0.61		2.0 2.0 2.0 3.0 3.0 3.0 2.0 2.0 3.0
program components:
	Skating Skills	2.00 8.50 8.75 8.50 8.50 8.25 9.00 8.75 8.25 8.50 8.54
	Transitions	2.00 8.25 8.25 8.00 8.50 8.00 8.25 8.50 7.75 8.25 8.21
	Performance	2.00 8.50 8.75 9.00 8.75 8.25 9.25 8.75 8.50 8.75 8.71
	Composition	2.00 8.75 8.25 8.50 8.50 8.50 9.00 8.75 8.25 8.75 8.57
	Interpretation of the Music	2.00 9.00 8.75 8.75 8.75 8.50 8.75 8.75 8.50 9.00 8.75
deductions:
	falls: 1

name: Junhwan CHA
rank: 3
startingNbr: 6
elements:
	4T	9.5	1.49		1.0 2.0 2.0 1.0 0.0 1.0 2.0 2.0 2.0
	4S<	7.28	-3.64	<	-5.0 -5.0 -5.0 -5.0 -5.0 -4.0 -5.0 -5.0 -5.0
	3Lz+3Lo	10.8	1.43		2.0 3.0 2.0 3.0 2.0 2.0 1.0 3.0 3.0
	StSq4	3.9	1.17		4.0 3.0 2.0 4.0 3.0 4.0 3.0 2.0 2.0
	FCSp4	3.2	0.73		3.0 3.0 2.0 2.0 2.0 4.0 2.0 2.0 2.0
	ChSq1	3.0	1.29		4.0 3.0 3.0 3.0 1.0 3.0 2.0 2.0 2.0
	3A<+2T<	6.98	-1.71	<	-3.0 -4.0 -3.0 -3.0 -4.0 -2.0 -2.0 -3.0 -2.0
	3A	8.8	1.71	x	2.0 3.0 2.0 2.0 2.0 1.0 2.0 2.0 3.0
	3F+1Eu+3S<	9.93	0.0	< x	2.0 -1.0 -1.0 0.0 0.0 0.0 -1.0 1.0 1.0
	3Lo	5.39	0.98	x	2.0 3.0 2.0 2.0 2.0 1.0 3.0 1.0 2.0
	CCoSp3	3.0	0.94		3.0 4.0 3.0 3.0 3.0 4.0 3.0 2.0 3.0
	CSSp4	3.0	0.9		3.0 4.0 3.0 3.0 3.0 2.0 2.0 3.0 4.0
program components:
	Skating Skills	2.00 8.50 7.50 8.25 8.00 8.25 8.50 8.25 7.75 7.75 8.11
	Transitions	2.00 8.00 7.75 7.75 8.25 8.25 8.00 7.75 7.25 7.50 7.86
	Performance	2.00 8.25 8.00 8.25 8.00 8.50 8.50 8.00 8.00 8.25 8.18
	Composition	2.00 8.50 7.75 8.50 8.50 8.25 8.75 8.00 8.50 8.25 8.36
	Interpretation of the Music	2.00 8.50 8.00 8.25 8.25 8.25 8.00 8.00 8.25 8.00 8.14
deductions:
	falls: 1

name: Mikhail KOLYADA
rank: 4
startingNbr: 8
elements:
	4S<	7.28	-3.64	<	-5.0 -5.0 -5.0 -5.0 -5.0 -4.0 -5.0 -5.0 -5.0
	4T	9.5	-4.21		-4.0 -4.0 -5.0 -5.0 -4.0 -3.0 -4.0 -5.0 -5.0
	3A+2T	9.3	2.29		3.0 3.0 3.0 3.0 2.0 4.0 3.0 2.0 3.0
	FSSp4	3.0	0.99		3.0 3.0 3.0 4.0 4.0 3.0 3.0 2.0 4.0
	ChSq1	3.0	1.36		3.0 2.0 3.0 2.0 3.0 2.0 3.0 3.0 3.0
	3A	8.0	1.14		2.0 1.0 2.0 1.0 1.0 3.0 1.0 2.0 1.0
	3Lo	5.39	1.47	x	3.0 3.0 4.0 3.0 2.0 4.0 3.0 1.0 3.0
	3Lz+1Eu+2S	8.47	1.1	x	2.0 2.0 2.0 2.0 1.0 2.0 1.0 2.0 2.0
	3Lz+2T	7.92	1.43	x	3.0 3.0 3.0 2.0 2.0 2.0 2.0 2.0 3.0
	StSq2	2.6	-0.11		0.0 -1.0 -2.0 0.0 0.0 -2.0 -1.0 2.0 1.0
	CCSp4	3.2	1.05		4.0 2.0 4.0 2.0 3.0 4.0 4.0 3.0 3.0
	CCoSp4	3.5	1.0		3.0 2.0 3.0 3.0 3.0 4.0 3.0 3.0 2.0
program components:
	Skating Skills	2.00 9.00 8.75 8.75 8.50 8.75 8.25 8.25 8.25 8.50 8.54
	Transitions	2.00 8.75 8.25 8.50 8.25 8.75 7.75 7.75 8.00 8.00 8.21
	Performance	2.00 8.25 8.25 8.50 7.50 8.75 8.50 7.75 8.50 8.00 8.25
	Composition	2.00 8.75 8.25 8.75 8.50 9.25 8.25 8.25 8.50 8.25 8.46
	Interpretation of the Music	2.00 8.75 8.50 8.75 8.00 8.75 8.75 8.00 8.75 8.25 8.54
deductions:
	falls: 2

name: Boyang JIN
rank: 5
startingNbr: 9
elements:
	4Lz	11.5	3.29		2.0 3.0 3.0 3.0 3.0 3.0 2.0 3.0 3.0
	4S	9.7	-4.85		-5.0 -5.0 -5.0 -5.0 -5.0 -3.0 -5.0 -5.0 -5.0
	4T<	7.13	-3.57	<	-5.0 -5.0 -5.0 -5.0 -5.0 -5.0 -5.0 -5.0 -5.0
	FCSp3	2.8	0.44		2.0 2.0 2.0 2.0 1.0 0.0 1.0 2.0 1.0
	StSq2	2.6	0.52		2.0 2.0 1.0 3.0 1.0 3.0 3.0 2.0 1.0
	4T+2T	10.8	-0.41		-1.0 -1.0 1.0 0.0 -2.0 -1.0 0.0 1.0 -1.0
	3A<	6.6	-3.0	< x	-5.0 -5.0 -5.0 -5.0 -5.0 -5.0 -5.0 -5.0 -5.0
	3A+REP	6.16	-2.51	x	-2.0 -3.0 -3.0 -2.0 -4.0 -4.0 -3.0 -4.0 -3.0
	3Lz+3T	11.11	-0.25	x	-1.0 -1.0 0.0 -1.0 0.0 -3.0 0.0 2.0 0.0
	CSSp4	3.0	0.47		1.0 3.0 1.0 2.0 2.0 1.0 2.0 2.0 1.0
	CCoSp3	3.0	0.39		1.0 1.0 1.0 2.0 1.0 0.0 2.0 2.0 1.0
	ChSq1	3.0	1.29		3.0 4.0 2.0 3.0 3.0 2.0 2.0 3.0 1.0
program components:
	Skating Skills	2.00 8.50 8.25 8.25 8.00 7.75 7.75 8.25 8.00 7.75 8.04
	Transitions	2.00 7.75 7.75 7.75 7.00 6.75 7.50 7.50 7.25 6.75 7.36
	Performance	2.00 7.00 7.75 8.00 7.00 6.75 7.00 7.50 7.50 7.25 7.29
	Composition	2.00 7.50 8.00 8.00 7.25 7.00 7.25 8.00 8.25 7.25 7.61
	Interpretation of the Music	2.00 7.75 8.50 8.25 7.50 7.00 8.00 7.75 8.00 7.00 7.75
deductions:
	falls: 3

name: Alexei KRASNOZHON
rank: 6
startingNbr: 5
elements:
	3A	8.0	0.23		0.0 1.0 1.0 0.0 -1.0 1.0 0.0 0.0 0.0
	3A+2T	9.3	0.91		1.0 2.0 1.0 1.0 1.0 1.0 0.0 2.0 1.0
	3F+2T	6.6	0.45		1.0 1.0 1.0 2.0 1.0 0.0 0.0 1.0 1.0
	2A	3.3	0.09		0.0 0.0 2.0 1.0 0.0 1.0 0.0 0.0 0.0
	FCSp3	2.8	0.0		0.0 0.0 0.0 0.0 -1.0 0.0 0.0 0.0 0.0
	StSq2	2.6	0.33		2.0 2.0 2.0 2.0 1.0 0.0 0.0 1.0 1.0
	3F+3Lo	11.22	0.68	x	1.0 1.0 1.0 2.0 1.0 2.0 0.0 1.0 2.0
	3Lz	6.49	-0.51	x	0.0 -1.0 0.0 -1.0 -1.0 -2.0 -1.0 -1.0 -1.0
	3S	4.73	0.68	x	2.0 2.0 2.0 2.0 1.0 1.0 1.0 1.0 2.0
	ChSq1	3.0	0.43		1.0 3.0 2.0 1.0 1.0 1.0 0.0 0.0 0.0
	CSSp3	2.6	0.3		1.0 0.0 2.0 1.0 1.0 2.0 1.0 1.0 1.0
	CCoSp3	3.0	0.17		1.0 2.0 1.0 0.0 0.0 0.0 0.0 1.0 1.0
program components:
	Skating Skills	2.00 7.50 7.00 7.50 7.00 7.50 6.75 6.25 7.00 6.75 7.07
	Transitions	2.00 7.00 6.50 7.25 7.00 7.25 6.50 6.00 6.00 6.50 6.68
	Performance	2.00 7.25 6.50 7.50 6.50 7.50 7.00 6.25 6.50 7.00 6.89
	Composition	2.00 7.25 7.00 7.25 6.75 7.50 7.50 6.25 6.75 7.25 7.11
	Interpretation of the Music	2.00 7.50 6.75 7.50 7.00 7.50 7.00 6.00 7.00 6.50 7.04
deductions:

name: Andrei LAZUKIN
rank: 7
startingNbr: 7
elements:
	2T	1.3	0.09		2.0 1.0 0.0 1.0 0.0 -2.0 1.0 1.0 1.0
	4T+3T	13.7	1.49		2.0 1.0 2.0 1.0 2.0 1.0 1.0 2.0 2.0
	3A+2T	9.3	-1.26		-1.0 -2.0 -1.0 -1.0 -2.0 -3.0 -2.0 0.0 -2.0
	FCSp4	3.2	0.82		2.0 4.0 3.0 3.0 2.0 3.0 3.0 1.0 2.0
	3A	8.0	-1.14		-1.0 -3.0 -2.0 -1.0 -1.0 -2.0 -1.0 -1.0 -2.0
	StSq2	2.6	0.3		0.0 2.0 2.0 0.0 2.0 0.0 1.0 1.0 2.0
	3F<+1Eu+2S	6.36	-0.69	< x	-1.0 -2.0 -1.0 -2.0 -2.0 -2.0 -2.0 -1.0 -2.0
	3Lz<	4.87	-0.76	< x	-2.0 -3.0 -1.0 -1.0 -2.0 -2.0 -2.0 -2.0 -1.0
	3Lo	5.39	0.35	x	0.0 2.0 2.0 0.0 0.0 0.0 1.0 1.0 1.0
	CSSp3	2.6	0.37		2.0 2.0 2.0 1.0 1.0 3.0 1.0 1.0 1.0
	ChSq1	3.0	0.5		0.0 2.0 1.0 1.0 2.0 1.0 0.0 1.0 1.0
	CCoSp3V	2.25	0.32		0.0 2.0 2.0 1.0 2.0 2.0 1.0 2.0 0.0
program components:
	Skating Skills	2.00 7.50 7.75 7.75 7.25 7.50 7.00 7.50 7.50 7.50 7.50
	Transitions	2.00 7.00 7.25 7.75 7.50 7.50 7.00 7.00 7.25 7.00 7.21
	Performance	2.00 7.00 7.50 7.75 7.00 7.50 7.25 7.25 7.25 7.25 7.29
	Composition	2.00 7.00 7.50 8.00 7.25 7.50 7.25 7.25 7.50 7.25 7.36
	Interpretation of the Music	2.00 7.25 7.75 8.00 7.00 7.75 7.50 7.00 7.75 7.50 7.50
deductions:
	time violation: -1.00

name: Alexei BYCHENKO
rank: 8
startingNbr: 4
elements:
	3Lz+3T	10.1	1.43		3.0 4.0 2.0 3.0 2.0 2.0 3.0 2.0 2.0
	3A+2T	9.3	1.37		2.0 3.0 2.0 2.0 2.0 1.0 2.0 1.0 1.0
	3Lo	4.9	0.91		1.0 2.0 2.0 2.0 2.0 2.0 2.0 2.0 1.0
	CCoSp3	3.0	0.21		1.0 1.0 2.0 1.0 1.0 -2.0 0.0 1.0 0.0
	StSq2	2.6	0.59		3.0 3.0 2.0 3.0 2.0 0.0 3.0 2.0 1.0
	2A	3.3	0.71		3.0 2.0 3.0 2.0 2.0 3.0 1.0 2.0 1.0
	3A	8.8	-2.74	x	-3.0 -3.0 -3.0 -3.0 -4.0 -3.0 -4.0 -5.0 -4.0
	FCSp2	2.3	-0.1		0.0 0.0 1.0 0.0 -2.0 -1.0 -1.0 0.0 -1.0
	2Lz+1Eu+2S	4.29	0.18	x	1.0 1.0 1.0 2.0 1.0 -2.0 0.0 1.0 1.0
	ChSq1	3.0	0.36		1.0 1.0 2.0 2.0 0.0 0.0 0.0 1.0 0.0
	2F	1.98	0.03	x	0.0 0.0 1.0 1.0 0.0 0.0 0.0 0.0 0.0
	CSSp2	2.3	-0.07		0.0 -1.0 1.0 0.0 -2.0 0.0 0.0 0.0 -1.0
program components:
	Skating Skills	2.00 7.75 7.50 7.75 6.75 7.25 6.25 6.50 7.50 6.50 7.11
	Transitions	2.00 7.50 7.00 7.00 6.25 6.75 5.75 6.00 7.25 5.75 6.57
	Performance	2.00 7.50 7.50 7.75 6.75 7.25 6.25 6.50 7.25 6.25 7.00
	Composition	2.00 7.75 7.25 8.00 7.25 7.25 6.50 6.75 7.50 6.75 7.21
	Interpretation of the Music	2.00 7.75 7.75 7.75 7.00 7.25 6.50 6.50 7.50 6.50 7.18
deductions:

name: Keiji TANAKA
rank: 9
startingNbr: 3
elements:
	4S	9.7	-4.85		-5.0 -5.0 -5.0 -5.0 -5.0 -4.0 -5.0 -5.0 -5.0
	1A	1.1	0.05		1.0 1.0 2.0 0.0 0.0 -1.0 0.0 0.0 1.0
	2T	1.3	0.07		0.0 1.0 1.0 1.0 0.0 0.0 0.0 1.0 1.0
	CSSp4	3.0	0.56		2.0 3.0 2.0 2.0 2.0 1.0 0.0 2.0 2.0
	StSq3	3.3	0.66		2.0 3.0 2.0 2.0 2.0 2.0 1.0 2.0 2.0
	3A	8.0	1.49		1.0 3.0 2.0 2.0 3.0 2.0 0.0 2.0 1.0
	3Lz	6.49	-1.43	x	-1.0 -3.0 -3.0 -2.0 -2.0 -3.0 -3.0 -1.0 -3.0
	3F+2T	7.26	0.61	x	1.0 2.0 2.0 1.0 1.0 1.0 1.0 1.0 1.0
	FCSp4	3.2	0.55		2.0 2.0 2.0 2.0 1.0 1.0 3.0 0.0 2.0
	3Lo	5.39	0.21	x	0.0 1.0 0.0 1.0 -1.0 0.0 0.0 1.0 2.0
	ChSq1	3.0	1.36		3.0 3.0 3.0 3.0 2.0 3.0 3.0 2.0 2.0
	CCoSp4	3.5	0.4		0.0 1.0 2.0 1.0 0.0 -1.0 2.0 3.0 2.0
program components:
	Skating Skills	2.00 7.50 7.50 7.50 7.75 7.75 6.75 7.00 7.75 7.75 7.54
	Transitions	2.00 7.00 7.25 7.25 7.25 7.00 6.00 6.50 7.50 6.75 7.00
	Performance	2.00 7.00 7.25 6.75 6.75 7.25 6.75 6.50 7.50 7.25 7.00
	Composition	2.00 7.25 7.50 7.75 7.00 7.50 6.25 6.75 8.00 7.50 7.32
	Interpretation of the Music	2.00 7.50 7.25 7.25 7.25 7.50 7.00 6.75 8.25 7.25 7.29
deductions:
	falls: 1

name: Phillip HARRIS
rank: 10
startingNbr: 1
elements:
	3A+2T	9.3	1.6		2.0 2.0 2.0 2.0 2.0 2.0 2.0 1.0 2.0
	3Lz+3T	10.1	-2.78		-5.0 -4.0 -4.0 -5.0 -5.0 -4.0 -5.0 -5.0 -5.0
	3A	8.0	-0.69		-1.0 0.0 -3.0 -1.0 -1.0 -1.0 -1.0 0.0 -1.0
	CCSp3	2.8	0.24		0.0 1.0 2.0 1.0 -1.0 2.0 1.0 0.0 1.0
	2F+1Eu<+3S	6.48	-0.31	<	0.0 -1.0 -1.0 0.0 -2.0 0.0 -1.0 -1.0 -1.0
	FSSp4	3.0	0.47		1.0 2.0 1.0 2.0 2.0 1.0 2.0 1.0 2.0
	StSq2	2.6	0.19		0.0 0.0 1.0 2.0 1.0 1.0 0.0 0.0 2.0
	2Lo	1.87	0.02	x	1.0 0.0 1.0 0.0 0.0 0.0 0.0 0.0 0.0
	3Lz	6.49	-0.17	x	0.0 -1.0 -1.0 -1.0 0.0 1.0 0.0 0.0 0.0
	2A	3.63	0.38	x	1.0 2.0 2.0 1.0 1.0 1.0 1.0 0.0 1.0
	ChSq1	3.0	-0.21		-1.0 0.0 0.0 -1.0 0.0 0.0 -1.0 1.0 -1.0
	CCoSp2	2.5	0.32		1.0 2.0 1.0 1.0 2.0 1.0 0.0 2.0 1.0
program components:
	Skating Skills	2.00 6.50 6.25 6.75 7.00 6.50 7.00 6.50 6.75 7.00 6.71
	Transitions	2.00 6.00 6.25 6.25 7.00 6.25 6.75 6.00 6.25 6.50 6.32
	Performance	2.00 6.00 6.50 6.50 6.50 6.25 7.25 6.25 6.75 6.50 6.46
	Composition	2.00 6.50 6.25 7.00 6.75 6.50 6.75 6.25 6.75 6.75 6.61
	Interpretation of the Music	2.00 6.50 6.50 7.00 7.25 6.50 7.00 6.00 7.00 7.25 6.82
deductions:
	falls: 1

name: Valtter VIRTANEN
rank: 11
startingNbr: 2
elements:
	4T<	7.13	-3.57	<	-5.0 -5.0 -5.0 -5.0 -5.0 -4.0 -5.0 -5.0 -5.0
	3Lo	4.9	0.42		1.0 2.0 1.0 1.0 1.0 1.0 0.0 0.0 1.0
	3Lo+3T<	8.05	-0.84	<	-1.0 -2.0 -2.0 -1.0 -2.0 -2.0 -1.0 -2.0 -2.0
	3Lz<	4.43	-1.14	<	-2.0 -4.0 -3.0 -2.0 -3.0 -3.0 -2.0 -3.0 -2.0
	FCSp3	2.8	0.52		2.0 2.0 1.0 2.0 2.0 2.0 2.0 1.0 3.0
	StSq2	2.6	0.33		2.0 2.0 1.0 1.0 2.0 1.0 1.0 1.0 1.0
	3S<	3.55	-0.46	< x	0.0 -2.0 -2.0 -1.0 -2.0 -2.0 -1.0 -1.0 -1.0
	3T	4.62	0.3	x	1.0 1.0 1.0 0.0 1.0 0.0 0.0 1.0 1.0
	1A	1.21	-0.2	x	-1.0 -2.0 -2.0 -2.0 -2.0 -3.0 -2.0 -1.0 -2.0
	FCCoSp2	2.5	0.11		0.0 1.0 0.0 2.0 0.0 -2.0 0.0 1.0 1.0
	ChSq1	3.0	0.43		2.0 2.0 2.0 1.0 1.0 0.0 0.0 0.0 0.0
	CCoSp4	3.5	0.25		0.0 1.0 1.0 1.0 1.0 0.0 0.0 1.0 1.0
program components:
	Skating Skills	2.00 6.25 6.00 5.75 5.75 6.50 6.50 6.25 6.00 6.50 6.18
	Transitions	2.00 6.00 5.75 5.75 5.75 6.00 6.50 6.00 5.50 6.25 5.93
	Performance	2.00 6.00 6.00 6.25 5.50 6.25 7.00 6.25 5.75 6.00 6.07
	Composition	2.00 6.50 6.25 6.00 6.50 6.50 7.25 6.75 6.25 6.75 6.50
	Interpretation of the Music	2.00 6.50 6.00 6.50 6.25 6.50 6.75 6.50 6.25 6.25 6.39
deductions:

