event name: ISU GP Helsinki 2018
event type: LADIES FREE SKATING
name: Alina ZAGITOVA
rank: 1
startingNbr: 9
elements:
	2A	3.3	0.9		2.0 2.0 2.0 2.0 3.0 4.0 4.0 4.0 2.0
	3Lz+3T	10.1	1.77		3.0 3.0 0.0 3.0 3.0 3.0 3.0 3.0 3.0
	3S	4.3	1.29		3.0 4.0 3.0 3.0 3.0 3.0 3.0 2.0 3.0
	2A	3.3	0.99		3.0 4.0 3.0 3.0 2.0 3.0 3.0 3.0 3.0
	FCSp4	3.2	1.1		4.0 4.0 3.0 3.0 3.0 4.0 3.0 4.0 3.0
	ChSq1	3.0	1.14		2.0 2.0 2.0 2.0 2.0 3.0 3.0 4.0 2.0
	3Lz<+3Lo<	8.92	-1.14	< x	-3.0 -2.0 -4.0 -1.0 -4.0 -2.0 -3.0 -2.0 -2.0
	3F+2T+2Lo	9.13	1.06	x	1.0 2.0 2.0 2.0 2.0 2.0 3.0 1.0 3.0
	3F	5.83	1.51	x	2.0 3.0 3.0 3.0 3.0 3.0 4.0 1.0 3.0
	CCoSp4	3.5	1.2		3.0 4.0 3.0 4.0 3.0 4.0 4.0 2.0 3.0
	StSq4	3.9	1.23		3.0 4.0 3.0 3.0 4.0 4.0 3.0 2.0 2.0
	FCCoSp4	3.5	1.25		5.0 4.0 3.0 3.0 4.0 4.0 4.0 3.0 3.0
program components:
	Skating Skills	1.60 9.00 8.50 8.75 9.00 9.00 9.00 8.75 8.75 8.75 8.86
	Transitions	1.60 9.00 9.00 8.75 8.75 8.75 9.00 8.75 9.25 8.50 8.86
	Performance	1.60 8.75 9.50 9.00 9.00 9.00 9.25 9.00 9.50 8.75 9.07
	Composition	1.60 9.25 9.25 9.25 9.00 9.00 9.00 9.25 9.25 8.75 9.14
	Interpretation of the Music	1.60 9.00 9.25 9.00 9.00 9.25 9.25 9.25 9.25 8.75 9.14
deductions:

name: Kaori SAKAMOTO
rank: 2
startingNbr: 5
elements:
	3F+3T	9.5	1.44		2.0 3.0 3.0 3.0 3.0 2.0 4.0 2.0 3.0
	2A	3.3	1.04		3.0 4.0 3.0 2.0 3.0 3.0 3.0 4.0 3.0
	3Lze	4.43	-0.44	e	-1.0 -1.0 -1.0 0.0 -1.0 -2.0 0.0 -1.0 -2.0
	FSSp4	3.0	0.6		2.0 2.0 2.0 2.0 2.0 2.0 2.0 3.0 2.0
	StSq4	3.9	1.34		4.0 4.0 3.0 3.0 3.0 3.0 3.0 4.0 4.0
	3S	4.3	1.41		3.0 4.0 3.0 3.0 3.0 3.0 4.0 4.0 3.0
	2A+3T+2T	9.68	1.5	x	4.0 3.0 4.0 2.0 3.0 4.0 4.0 4.0 3.0
	3F+2T	7.26	1.21	x	2.0 3.0 2.0 2.0 2.0 2.0 3.0 2.0 3.0
	CCoSp4	3.5	0.85		3.0 1.0 3.0 2.0 2.0 3.0 1.0 3.0 3.0
	ChSq1	3.0	0.43		0.0 -1.0 -1.0 1.0 0.0 2.0 2.0 3.0 2.0
	3Lo	5.39	1.47	x	2.0 3.0 3.0 2.0 3.0 3.0 4.0 3.0 4.0
	FCCoSp4	3.5	1.35		4.0 4.0 4.0 3.0 4.0 4.0 4.0 3.0 4.0
program components:
	Skating Skills	1.60 8.00 7.75 8.25 8.75 8.50 8.25 8.25 9.50 8.75 8.39
	Transitions	1.60 7.50 7.75 8.00 8.50 8.00 8.00 8.00 9.25 8.50 8.11
	Performance	1.60 8.00 8.50 8.25 8.75 8.25 8.50 8.50 9.50 8.75 8.50
	Composition	1.60 7.75 8.25 8.25 8.75 8.25 8.25 8.25 9.50 9.00 8.43
	Interpretation of the Music	1.60 8.25 8.50 8.00 8.75 8.50 8.50 8.50 9.25 9.00 8.57
deductions:

name: Stanislava KONSTANTINOVA
rank: 3
startingNbr: 7
elements:
	3Lz+3T	10.1	1.18		2.0 3.0 2.0 2.0 3.0 2.0 2.0 1.0 1.0
	2A+1Eu+3S	8.1	0.92		2.0 3.0 2.0 2.0 2.0 2.0 2.0 3.0 2.0
	3Lo	4.9	1.05		2.0 3.0 1.0 2.0 2.0 2.0 3.0 2.0 2.0
	StSq4	3.9	0.95		3.0 3.0 1.0 3.0 2.0 3.0 3.0 2.0 1.0
	2A	3.3	0.71		2.0 3.0 2.0 2.0 3.0 2.0 2.0 2.0 2.0
	3F+2T	7.26	1.06	x	2.0 3.0 2.0 2.0 2.0 2.0 2.0 1.0 2.0
	3Lz	6.49	0.59	x	0.0 2.0 1.0 1.0 0.0 2.0 2.0 0.0 1.0
	LSp4	2.7	0.62		1.0 2.0 3.0 2.0 3.0 3.0 2.0 2.0 2.0
	3F	5.83	1.29	x	2.0 3.0 2.0 2.0 3.0 2.0 3.0 3.0 2.0
	CCoSp4	3.5	1.05		3.0 4.0 3.0 3.0 3.0 3.0 2.0 3.0 3.0
	ChSq1	3.0	1.0		2.0 1.0 2.0 2.0 2.0 3.0 2.0 2.0 2.0
	FCSp4	3.2	0.87		3.0 4.0 2.0 3.0 3.0 3.0 3.0 1.0 2.0
program components:
	Skating Skills	1.60 7.75 7.75 7.50 8.75 7.75 8.00 7.50 7.25 7.50 7.68
	Transitions	1.60 7.25 7.25 7.25 8.50 7.50 7.75 7.00 7.00 6.75 7.29
	Performance	1.60 7.50 8.50 8.00 8.75 8.00 8.25 7.75 7.50 7.00 7.93
	Composition	1.60 8.00 7.75 7.75 8.75 7.75 8.00 7.75 7.25 7.00 7.75
	Interpretation of the Music	1.60 8.25 8.00 7.50 8.75 7.75 8.25 7.50 7.00 6.75 7.75
deductions:

name: Loena HENDRICKX
rank: 4
startingNbr: 11
elements:
	3Lz+3T<	9.05	-0.59	<	0.0 -2.0 -1.0 0.0 -2.0 -1.0 -1.0 -2.0 0.0
	3F	5.3	0.83		2.0 3.0 2.0 1.0 2.0 1.0 1.0 0.0 2.0
	2A	3.3	0.61		2.0 1.0 2.0 2.0 2.0 2.0 1.0 2.0 3.0
	3Lz	5.9	1.1		3.0 1.0 2.0 2.0 2.0 1.0 2.0 0.0 3.0
	CCoSp4	3.5	1.1		4.0 3.0 4.0 3.0 3.0 3.0 3.0 3.0 3.0
	StSq4	3.9	1.17		4.0 3.0 3.0 3.0 3.0 3.0 3.0 3.0 3.0
	3F<+2T+1Lo	6.36	-0.86	< x	-2.0 -3.0 -2.0 -2.0 -3.0 -2.0 -2.0 -2.0 -1.0
	2A+2Lo	5.5	0.28	x	0.0 0.0 0.0 2.0 1.0 2.0 1.0 0.0 2.0
	3S	4.73	0.55	x	1.0 2.0 1.0 2.0 2.0 0.0 1.0 0.0 2.0
	LSp4	2.7	1.04		5.0 4.0 3.0 4.0 4.0 4.0 3.0 4.0 4.0
	ChSq1	3.0	1.43		4.0 3.0 3.0 2.0 2.0 3.0 2.0 4.0 3.0
	FCCoSp4	3.5	1.05		4.0 3.0 3.0 3.0 3.0 3.0 3.0 3.0 3.0
program components:
	Skating Skills	1.60 8.00 7.75 7.50 8.50 7.50 7.75 7.50 8.50 7.75 7.82
	Transitions	1.60 8.25 7.25 7.75 8.25 7.25 7.75 7.00 8.25 7.50 7.71
	Performance	1.60 8.00 8.25 7.75 8.50 7.75 8.00 7.25 8.50 8.00 8.04
	Composition	1.60 8.25 7.75 8.00 8.50 7.75 7.75 7.50 8.50 8.00 8.00
	Interpretation of the Music	1.60 8.50 8.25 8.25 8.75 7.75 8.25 7.25 8.25 8.00 8.18
deductions:

name: Yuna SHIRAIWA
rank: 5
startingNbr: 10
elements:
	3Lz+3T<	9.05	-0.51	<	-1.0 -2.0 -1.0 1.0 -1.0 -2.0 0.0 -1.0 0.0
	2A	3.3	0.8		2.0 3.0 2.0 2.0 3.0 3.0 3.0 2.0 2.0
	FSSp3	2.6	0.52		2.0 2.0 2.0 1.0 2.0 2.0 2.0 2.0 2.0
	StSq3	3.3	0.94		4.0 3.0 2.0 3.0 3.0 2.0 4.0 3.0 2.0
	3F	5.3	0.15	!	0.0 0.0 1.0 1.0 0.0 0.0 1.0 0.0 0.0
	2A	3.3	0.66		2.0 2.0 2.0 2.0 2.0 2.0 3.0 2.0 2.0
	FCSp4	3.2	0.87		3.0 3.0 3.0 2.0 3.0 2.0 3.0 3.0 2.0
	ChSq1	3.0	0.93		1.0 2.0 2.0 1.0 1.0 2.0 3.0 3.0 2.0
	3Lz+3T<	9.96	-0.51	< x	-1.0 -2.0 -1.0 0.0 -1.0 -2.0 0.0 -1.0 0.0
	3S<+2T+2Lo	6.85	-0.32	< x	-1.0 -2.0 0.0 0.0 -2.0 -2.0 -1.0 -1.0 1.0
	CCoSp4	3.5	1.05		3.0 3.0 3.0 3.0 3.0 2.0 3.0 3.0 3.0
	3Lo	5.39	1.26	x	2.0 3.0 2.0 2.0 3.0 2.0 3.0 3.0 3.0
program components:
	Skating Skills	1.60 8.00 7.75 8.00 8.25 7.75 8.00 7.75 8.50 7.50 7.93
	Transitions	1.60 7.50 7.50 7.75 8.00 7.25 7.75 7.50 8.50 7.25 7.61
	Performance	1.60 8.25 8.50 7.50 8.25 7.75 7.75 8.00 8.75 7.50 8.00
	Composition	1.60 7.75 8.25 7.75 8.50 7.50 7.75 8.25 8.75 7.25 7.96
	Interpretation of the Music	1.60 8.00 8.25 7.50 8.25 7.25 8.00 8.25 8.75 7.00 7.93
deductions:

name: Viveca LINDFORS
rank: 6
startingNbr: 2
elements:
	3Lz+3T	10.1	1.18		1.0 2.0 1.0 2.0 2.0 2.0 2.0 3.0 3.0
	3Lo<	3.68	-1.84	<	-5.0 -5.0 -5.0 -5.0 -5.0 -5.0 -5.0 -5.0 -5.0
	3F	5.3	1.06		1.0 2.0 2.0 2.0 2.0 1.0 3.0 3.0 2.0
	FCSp3	2.8	0.52		2.0 2.0 2.0 2.0 2.0 1.0 1.0 2.0 2.0
	ChSq1	3.0	0.86		1.0 2.0 1.0 2.0 2.0 2.0 1.0 4.0 2.0
	3Lz+2T	7.2	0.51		0.0 0.0 1.0 1.0 1.0 2.0 1.0 0.0 2.0
	2A	3.63	0.14	x	1.0 0.0 0.0 1.0 0.0 0.0 2.0 0.0 1.0
	StSq3	3.3	0.57		2.0 2.0 1.0 2.0 2.0 2.0 1.0 2.0 1.0
	2S	1.43	0.09	x	1.0 0.0 1.0 2.0 1.0 0.0 1.0 0.0 1.0
	2A	3.63	-0.99	x	-3.0 -3.0 -3.0 -2.0 -4.0 -3.0 -3.0 -4.0 -2.0
	LSp3	2.4	0.55		3.0 3.0 3.0 2.0 2.0 2.0 2.0 2.0 2.0
	CCoSp4	3.5	1.05		4.0 3.0 3.0 3.0 3.0 3.0 3.0 3.0 3.0
program components:
	Skating Skills	1.60 6.25 6.75 6.50 7.50 6.75 6.50 6.25 7.25 7.25 6.75
	Transitions	1.60 6.25 6.25 6.25 7.25 6.75 6.25 5.75 7.00 6.75 6.50
	Performance	1.60 6.50 6.75 6.50 7.25 7.00 6.50 6.25 7.50 6.75 6.75
	Composition	1.60 6.75 6.50 6.75 7.50 7.00 6.50 6.75 7.50 7.00 6.89
	Interpretation of the Music	1.60 6.50 6.50 6.75 7.50 7.25 6.75 6.50 7.00 7.25 6.86
deductions:
	falls: 1

name: Rika HONGO
rank: 7
startingNbr: 1
elements:
	3F	5.3	0.0		-1.0 0.0 0.0 0.0 1.0 0.0 0.0 -1.0 2.0
	3F+REP	3.71	0.61		0.0 2.0 1.0 1.0 1.0 2.0 1.0 0.0 2.0
	3Lz<	4.43	-1.2	!	-3.0 -2.0 -3.0 -1.0 -4.0 -1.0 -3.0 -4.0 -3.0
	FCSp4	3.2	0.27		1.0 1.0 2.0 0.0 1.0 1.0 1.0 -1.0 1.0
	StSq2	2.6	0.33		0.0 1.0 1.0 1.0 2.0 2.0 2.0 2.0 0.0
	2A+2T+2Lo<	5.88	-0.24	<	-1.0 -2.0 -1.0 -1.0 0.0 -1.0 0.0 -1.0 0.0
	FCCoSp4	3.5	0.4		1.0 0.0 1.0 2.0 1.0 1.0 1.0 1.0 2.0
	3S+2T	6.16	0.49	x	1.0 0.0 2.0 2.0 2.0 0.0 1.0 0.0 2.0
	3S<	3.55	-0.51	< x	-1.0 -2.0 -2.0 -1.0 -2.0 -2.0 -1.0 -2.0 0.0
	3T	4.62	0.48	x	1.0 0.0 2.0 1.0 1.0 1.0 2.0 0.0 2.0
	CCoSp4	3.5	0.35		2.0 1.0 1.0 0.0 2.0 1.0 1.0 0.0 1.0
	ChSq1	3.0	1.21		2.0 1.0 2.0 2.0 3.0 2.0 3.0 3.0 3.0
program components:
	Skating Skills	1.60 6.75 6.75 7.00 7.00 7.00 7.50 7.00 7.00 7.25 7.00
	Transitions	1.60 5.75 5.50 6.50 6.50 6.75 7.00 6.50 6.50 6.00 6.36
	Performance	1.60 6.50 6.75 7.00 6.75 7.25 7.50 6.75 7.00 6.00 6.86
	Composition	1.60 5.75 5.75 7.25 7.00 7.00 7.25 7.00 6.75 6.25 6.71
	Interpretation of the Music	1.60 6.25 6.25 6.75 6.50 7.00 7.50 7.25 6.75 6.50 6.71
deductions:

name: Hanul KIM
rank: 8
startingNbr: 4
elements:
	3Lz+3T<<	7.2	-1.6	<<	-2.0 -3.0 -2.0 -2.0 -3.0 -3.0 -3.0 -3.0 -3.0
	3Lo<+2T	4.98	-0.42	<	-1.0 -2.0 -1.0 0.0 -2.0 -2.0 -1.0 -1.0 0.0
	1Fe	0.38	-0.12	e	-3.0 -4.0 -3.0 -1.0 -4.0 -3.0 -3.0 -3.0 -4.0
	StSq3	3.3	0.57		2.0 2.0 1.0 2.0 1.0 2.0 2.0 2.0 1.0
	3Lo<	3.68	-0.42	<	-1.0 -2.0 -1.0 1.0 -2.0 -2.0 -1.0 -1.0 0.0
	3Lz	6.49	1.01	x	2.0 1.0 2.0 2.0 2.0 2.0 2.0 1.0 1.0
	2A	3.63	0.75	x	2.0 2.0 2.0 3.0 2.0 2.0 3.0 3.0 1.0
	2A+2T+2Lo	6.93	0.61	x	2.0 0.0 2.0 2.0 1.0 2.0 2.0 2.0 3.0
	LSp4	2.7	1.08		5.0 4.0 4.0 4.0 4.0 4.0 4.0 4.0 3.0
	ChSq1	3.0	1.0		1.0 2.0 2.0 2.0 1.0 2.0 2.0 3.0 3.0
	CCoSp4	3.5	0.9		3.0 3.0 1.0 3.0 2.0 2.0 2.0 3.0 3.0
	FSSp2	2.3	0.23		1.0 1.0 1.0 1.0 1.0 0.0 1.0 1.0 2.0
program components:
	Skating Skills	1.60 7.00 6.50 7.00 7.75 6.50 6.25 6.25 7.00 7.25 6.79
	Transitions	1.60 6.00 6.25 7.00 7.75 6.50 6.00 6.00 6.75 7.00 6.50
	Performance	1.60 7.00 6.50 6.75 8.00 6.75 6.00 6.25 7.00 6.50 6.68
	Composition	1.60 6.25 6.25 7.25 8.00 6.75 6.50 6.50 6.75 7.00 6.71
	Interpretation of the Music	1.60 6.75 6.25 6.50 7.75 6.25 6.50 6.25 6.50 6.75 6.50
deductions:

name: Daria PANENKOVA
rank: 9
startingNbr: 8
elements:
	2A	3.3	0.47		2.0 1.0 1.0 1.0 1.0 2.0 2.0 1.0 2.0
	3Lz+3T<<	7.2	-2.95	<<	-5.0 -5.0 -5.0 -2.0 -5.0 -5.0 -5.0 -5.0 -5.0
	3S<	3.23	-1.62	<	-5.0 -5.0 -5.0 -5.0 -5.0 -5.0 -5.0 -5.0 -5.0
	2A	3.3	0.33		1.0 1.0 1.0 1.0 1.0 1.0 2.0 0.0 1.0
	StSq2	2.6	0.11		1.0 1.0 0.0 1.0 -1.0 1.0 1.0 0.0 -1.0
	3Lz+3T<	9.96	-1.52	< x	-2.0 -3.0 -2.0 -2.0 -3.0 -3.0 -3.0 -3.0 -2.0
	3F+2T+2T	8.69	-0.3	! x	0.0 -2.0 0.0 0.0 -1.0 -1.0 0.0 -1.0 -1.0
	FSSp4	3.0	0.43		1.0 1.0 2.0 1.0 2.0 1.0 3.0 2.0 1.0
	3Lo	5.39	0.21	x	0.0 0.0 -1.0 0.0 1.0 1.0 2.0 0.0 1.0
	ChSq1	3.0	0.0		0.0 0.0 -1.0 0.0 0.0 1.0 0.0 0.0 0.0
	CCoSp4	3.5	0.45		1.0 1.0 2.0 1.0 1.0 1.0 2.0 1.0 2.0
	FCCoSp4	3.5	0.7		1.0 2.0 2.0 2.0 2.0 2.0 3.0 2.0 2.0
program components:
	Skating Skills	1.60 6.75 6.50 7.00 7.75 6.50 7.00 6.50 6.25 6.50 6.68
	Transitions	1.60 6.00 6.00 6.50 7.50 6.25 6.75 6.00 5.50 5.75 6.18
	Performance	1.60 6.75 6.50 6.75 7.50 6.50 6.75 6.00 5.75 4.75 6.43
	Composition	1.60 6.75 6.25 6.75 7.50 6.50 7.00 6.25 6.00 5.25 6.50
	Interpretation of the Music	1.60 6.25 6.25 6.50 7.50 6.00 6.75 6.50 5.50 4.75 6.25
deductions:
	falls: 1

name: Emmi PELTONEN
rank: 10
startingNbr: 6
elements:
	3T+3T	8.4	1.32		4.0 4.0 3.0 3.0 3.0 2.0 3.0 3.0 3.0
	2Lz	2.1	-0.3		-1.0 -2.0 -2.0 -2.0 -1.0 -2.0 -1.0 -1.0 0.0
	3Lo	4.9	-2.45		-5.0 -5.0 -5.0 -5.0 -5.0 -5.0 -5.0 -5.0 -5.0
	2A+1Eu+2S	5.1	0.42		1.0 1.0 1.0 2.0 2.0 1.0 1.0 2.0 1.0
	FSSp2	2.3	0.33		1.0 1.0 2.0 2.0 0.0 1.0 2.0 1.0 2.0
	2Fe	1.49	-0.39	e x	-3.0 -3.0 -3.0 0.0 -2.0 -3.0 -3.0 -3.0 -3.0
	2Lo	1.87	-0.05	x	0.0 -1.0 0.0 0.0 0.0 -1.0 0.0 -1.0 0.0
	2A<	2.73	-0.25	< x	-1.0 -2.0 0.0 0.0 -2.0 -2.0 -1.0 -1.0 0.0
	StSq2	2.6	0.63		3.0 3.0 1.0 2.0 3.0 3.0 2.0 3.0 1.0
	CCoSp4	3.5	0.6		1.0 1.0 2.0 2.0 2.0 2.0 3.0 1.0 2.0
	ChSq1	3.0	1.57		3.0 3.0 3.0 2.0 3.0 3.0 3.0 4.0 4.0
	LSp2	1.9	0.35		2.0 2.0 2.0 1.0 1.0 2.0 2.0 2.0 3.0
program components:
	Skating Skills	1.60 7.00 7.50 7.25 7.75 7.50 7.25 7.00 7.25 7.25 7.29
	Transitions	1.60 6.75 6.75 7.50 7.75 7.25 7.00 6.25 7.50 7.25 7.14
	Performance	1.60 6.00 6.75 7.00 7.50 7.75 7.00 7.00 7.50 6.75 7.07
	Composition	1.60 7.00 7.25 7.50 7.75 7.75 7.50 7.25 7.75 7.25 7.46
	Interpretation of the Music	1.60 7.25 7.50 7.25 7.50 7.75 7.00 7.50 7.25 7.50 7.39
deductions:
	falls: 1

name: Angela WANG
rank: 11
startingNbr: 3
elements:
	3F+3T	9.5	1.14		3.0 2.0 2.0 2.0 2.0 2.0 2.0 1.0 3.0
	1Lz	0.6	0.0		0.0 0.0 -1.0 0.0 0.0 0.0 0.0 0.0 0.0
	2A<+2T	3.78	-0.29	<	-1.0 -2.0 -1.0 -1.0 -2.0 -2.0 -1.0 0.0 0.0
	2A+2T	4.6	0.47		2.0 1.0 2.0 1.0 1.0 1.0 2.0 1.0 2.0
	FCCoSp3	3.0	0.69		2.0 3.0 2.0 2.0 2.0 2.0 3.0 3.0 2.0
	ChSq1	3.0	1.07		2.0 2.0 2.0 2.0 1.0 3.0 2.0 2.0 3.0
	CCoSp4	3.5	0.75		3.0 2.0 2.0 2.0 1.0 2.0 3.0 2.0 2.0
	3Lz<<	2.31	-1.05	<< x	-5.0 -5.0 -5.0 -5.0 -5.0 -5.0 -5.0 -5.0 -5.0
	2T*	0.0	0.0	* x	0.0 0.0 0.0 0.0 0.0 0.0 0.0 0.0 0.0
	2S	1.43	0.06	x	1.0 0.0 0.0 1.0 2.0 0.0 1.0 0.0 0.0
	StSq4	3.9	0.78		3.0 2.0 1.0 3.0 1.0 2.0 2.0 2.0 2.0
	FCSp4	3.2	0.41		2.0 1.0 2.0 2.0 0.0 1.0 1.0 -1.0 2.0
program components:
	Skating Skills	1.60 6.75 7.00 7.00 8.00 7.25 6.75 7.25 6.75 7.50 7.07
	Transitions	1.60 6.75 6.75 6.75 7.75 7.00 6.25 6.75 6.00 7.50 6.82
	Performance	1.60 6.50 6.50 6.50 7.75 6.50 6.25 6.75 5.75 6.50 6.50
	Composition	1.60 7.00 7.00 7.25 8.00 7.25 6.75 7.00 6.50 6.75 7.00
	Interpretation of the Music	1.60 7.25 6.75 7.00 8.00 6.75 6.50 7.50 5.75 7.00 6.96
deductions:
	falls: 2

