event name: ISU GP Helsinki 2018
event type: MEN SHORT PROGRAM
name: Yuzuru HANYU
rank: 1
startingNbr: 9
elements:
	4S	9.7	4.3		4.0 4.0 4.0 5.0 5.0 5.0 3.0 4.0 5.0
	3A	8.0	2.29		3.0 3.0 2.0 2.0 5.0 4.0 3.0 3.0 2.0
	4T+3T	15.07	1.36	x	1.0 1.0 1.0 2.0 4.0 2.0 1.0 2.0 0.0
	FCSp4	3.2	1.1		3.0 4.0 3.0 4.0 4.0 4.0 3.0 2.0 3.0
	CSSp4	3.0	1.16		3.0 4.0 3.0 3.0 5.0 5.0 4.0 4.0 4.0
	StSq3	3.3	1.51		4.0 5.0 5.0 4.0 5.0 4.0 5.0 3.0 5.0
	CCoSp4	3.5	1.6		4.0 5.0 5.0 4.0 5.0 5.0 4.0 5.0 4.0
program components:
	Skating Skills	1.00 9.50 9.50 9.50 9.50 9.75 9.50 9.50 9.00 9.50 9.50
	Transitions	1.00 9.25 9.50 9.50 9.25 9.50 9.50 9.25 9.25 9.50 9.39
	Performance	1.00 9.25 9.50 10.00 9.25 9.75 9.75 9.50 9.25 9.25 9.46
	Composition	1.00 9.50 9.50 9.75 9.50 9.75 10.00 9.50 9.75 9.75 9.64
	Interpretation of the Music	1.00 9.50 9.75 9.75 9.25 10.00 9.75 9.50 9.50 9.50 9.61
deductions:

name: Michal BREZINA
rank: 2
startingNbr: 6
elements:
	4S+3T	13.9	2.91		3.0 3.0 2.0 3.0 4.0 3.0 3.0 3.0 3.0
	3F	5.3	1.74		3.0 4.0 3.0 3.0 4.0 5.0 3.0 3.0 3.0
	CCSp3	2.8	0.68		2.0 3.0 2.0 2.0 3.0 3.0 3.0 2.0 2.0
	FSSp4	3.0	0.99		3.0 4.0 2.0 4.0 3.0 4.0 3.0 2.0 4.0
	3A	8.8	1.6	x	1.0 3.0 1.0 2.0 3.0 2.0 2.0 2.0 2.0
	StSq4	3.9	1.17		3.0 3.0 2.0 4.0 3.0 3.0 3.0 3.0 3.0
	CCoSp4	3.5	0.85		2.0 4.0 2.0 3.0 3.0 4.0 1.0 2.0 1.0
program components:
	Skating Skills	1.00 8.25 8.50 8.50 8.50 8.50 9.00 8.50 8.25 8.50 8.46
	Transitions	1.00 8.00 8.25 8.00 8.00 8.00 8.75 8.00 7.75 8.25 8.07
	Performance	1.00 8.25 8.75 8.75 8.50 8.25 9.25 8.50 8.50 8.75 8.57
	Composition	1.00 8.25 8.50 8.50 8.50 8.25 9.00 8.50 8.25 8.75 8.46
	Interpretation of the Music	1.00 8.25 8.50 8.50 8.75 8.50 9.25 8.50 8.50 9.00 8.61
deductions:

name: Boyang JIN
rank: 3
startingNbr: 7
elements:
	4Lz+3T<	14.65	-5.75	<	-5.0 -5.0 -5.0 -5.0 -5.0 -5.0 -5.0 -5.0 -5.0
	4T	9.5	1.9		2.0 3.0 1.0 1.0 3.0 1.0 2.0 3.0 2.0
	FCSp4	3.2	0.69		3.0 4.0 1.0 3.0 3.0 1.0 2.0 2.0 0.0
	3A	8.8	2.29	x	3.0 4.0 2.0 3.0 5.0 3.0 2.0 3.0 2.0
	CSSp4	3.0	0.64		2.0 3.0 2.0 1.0 3.0 2.0 2.0 2.0 2.0
	CCoSp3V	2.25	0.35		2.0 2.0 0.0 2.0 3.0 2.0 0.0 2.0 1.0
	StSq3	3.3	1.04		3.0 4.0 1.0 3.0 4.0 2.0 3.0 4.0 3.0
program components:
	Skating Skills	1.00 8.25 8.75 8.00 7.75 8.75 7.50 8.50 8.50 8.00 8.25
	Transitions	1.00 8.00 8.50 7.75 7.25 8.25 7.50 8.50 8.25 7.00 7.93
	Performance	1.00 8.00 8.50 8.25 8.50 8.75 8.25 8.25 8.50 7.50 8.32
	Composition	1.00 8.25 8.75 8.50 7.75 9.00 7.25 8.50 8.50 7.75 8.29
	Interpretation of the Music	1.00 8.50 9.00 8.25 7.75 9.00 7.25 8.50 8.75 7.50 8.32
deductions:
	falls: 1

name: Junhwan CHA
rank: 4
startingNbr: 4
elements:
	4S	9.7	3.33		3.0 4.0 2.0 3.0 4.0 4.0 4.0 3.0 3.0
	3Lz+3Lo<	9.58	-2.53	<	-3.0 -5.0 -4.0 -5.0 -5.0 -4.0 -4.0 -4.0 -4.0
	FCSp4	3.2	0.73		3.0 3.0 2.0 2.0 2.0 3.0 2.0 2.0 2.0
	3A<	6.6	-0.6	< x	-1.0 0.0 -1.0 -1.0 1.0 -3.0 -2.0 -1.0 -1.0
	CSSp4	3.0	0.86		3.0 4.0 1.0 3.0 4.0 2.0 2.0 3.0 3.0
	StSq4	3.9	1.28		3.0 3.0 3.0 3.0 4.0 3.0 2.0 4.0 4.0
	CCoSp4	3.5	0.95		2.0 3.0 2.0 3.0 4.0 3.0 2.0 3.0 3.0
program components:
	Skating Skills	1.00 8.25 7.75 8.00 7.50 8.50 7.50 8.00 7.75 8.25 7.93
	Transitions	1.00 8.25 7.50 7.50 7.25 8.25 6.75 7.50 7.50 8.00 7.64
	Performance	1.00 8.00 7.50 8.00 7.00 8.25 7.50 7.50 7.75 8.50 7.79
	Composition	1.00 8.25 7.75 8.25 7.50 8.50 7.50 7.50 8.00 8.50 7.96
	Interpretation of the Music	1.00 8.50 7.75 7.75 7.25 8.50 8.25 7.25 8.25 8.25 8.00
deductions:

name: Andrei LAZUKIN
rank: 5
startingNbr: 2
elements:
	4T	9.5	2.99		3.0 4.0 2.0 4.0 4.0 3.0 3.0 3.0 2.0
	3A	8.0	1.94		3.0 3.0 1.0 2.0 2.0 3.0 3.0 3.0 1.0
	FCSp4	3.2	0.91		3.0 3.0 2.0 3.0 3.0 2.0 3.0 3.0 4.0
	3F+3T	10.45	1.06	x	2.0 3.0 2.0 2.0 4.0 2.0 1.0 2.0 1.0
	StSq3	3.3	0.75		2.0 3.0 2.0 3.0 3.0 1.0 2.0 2.0 2.0
	CSSp4	3.0	0.47		1.0 2.0 1.0 2.0 2.0 2.0 1.0 3.0 1.0
	CCoSp	0.0	0.0		0.0 0.0 0.0 0.0 0.0 0.0 0.0 0.0 0.0
program components:
	Skating Skills	1.00 7.25 7.50 7.50 7.75 7.50 7.00 7.75 7.25 7.25 7.43
	Transitions	1.00 7.00 7.25 7.25 7.50 7.25 6.25 7.00 7.00 6.75 7.07
	Performance	1.00 7.50 7.50 8.00 8.00 7.75 7.00 7.50 7.50 7.50 7.61
	Composition	1.00 7.25 7.25 7.75 7.75 7.50 6.75 7.25 7.25 7.00 7.32
	Interpretation of the Music	1.00 7.50 7.75 7.75 7.50 7.50 6.50 7.50 7.50 7.50 7.54
deductions:

name: Mikhail KOLYADA
rank: 6
startingNbr: 11
elements:
	4T	9.5	-1.76		-1.0 -2.0 -2.0 -2.0 -1.0 -3.0 -1.0 -3.0 -2.0
	1Lz*+COMBO	0.0	0.0	*	0.0 0.0 0.0 0.0 0.0 0.0 0.0 0.0 0.0
	CCSp4	3.2	1.14		3.0 5.0 3.0 3.0 4.0 4.0 4.0 3.0 4.0
	3A	8.8	3.43	x	5.0 5.0 4.0 4.0 5.0 5.0 3.0 3.0 4.0
	StSq4	3.9	1.39		3.0 4.0 3.0 4.0 4.0 4.0 3.0 3.0 4.0
	FSSp4	3.0	1.11		3.0 4.0 3.0 4.0 5.0 4.0 4.0 3.0 4.0
	CCoSp4	3.5	1.3		3.0 4.0 3.0 4.0 5.0 4.0 3.0 4.0 4.0
program components:
	Skating Skills	1.00 9.00 8.75 9.00 8.75 9.25 8.75 8.50 8.75 9.25 8.89
	Transitions	1.00 8.75 8.50 8.50 8.75 9.00 7.75 8.00 8.50 8.75 8.54
	Performance	1.00 8.50 8.50 8.50 8.50 9.00 8.25 8.00 8.25 8.50 8.43
	Composition	1.00 9.00 8.50 8.75 8.75 9.25 8.75 8.50 8.50 8.75 8.71
	Interpretation of the Music	1.00 8.75 8.50 8.75 8.75 9.25 8.50 8.00 8.75 8.75 8.68
deductions:

name: Keiji TANAKA
rank: 7
startingNbr: 8
elements:
	4S<	7.28	-3.64	<	-5.0 -5.0 -5.0 -5.0 -5.0 -5.0 -5.0 -5.0 -5.0
	3Lz+3T	10.1	1.69		3.0 3.0 2.0 3.0 4.0 4.0 3.0 2.0 2.0
	FCSp4	3.2	0.78		2.0 4.0 2.0 3.0 4.0 2.0 2.0 2.0 2.0
	CSSp4	3.0	0.26		1.0 2.0 1.0 1.0 0.0 0.0 1.0 3.0 0.0
	3A	8.8	2.06	x	2.0 3.0 2.0 4.0 4.0 2.0 2.0 3.0 1.0
	StSq3	3.3	0.9		2.0 3.0 2.0 3.0 4.0 1.0 3.0 4.0 2.0
	CCoSp4	3.5	1.05		2.0 3.0 2.0 4.0 4.0 3.0 3.0 3.0 3.0
program components:
	Skating Skills	1.00 7.75 7.50 8.00 8.25 8.75 7.25 8.00 7.75 8.00 7.89
	Transitions	1.00 7.50 7.50 7.50 8.00 8.50 6.75 7.75 7.50 7.50 7.61
	Performance	1.00 7.50 7.25 7.75 8.00 8.50 7.75 8.00 8.00 8.00 7.86
	Composition	1.00 7.75 7.25 8.00 7.75 8.75 7.50 8.00 8.50 7.75 7.89
	Interpretation of the Music	1.00 7.75 7.75 8.25 8.00 8.75 7.50 8.00 8.50 8.25 8.07
deductions:
	falls: 1

name: Alexei KRASNOZHON
rank: 8
startingNbr: 3
elements:
	3F+3Lo	10.2	-0.08	!	0.0 0.0 -2.0 1.0 1.0 -2.0 0.0 0.0 0.0
	3A	8.0	1.26		2.0 2.0 1.0 2.0 2.0 1.0 1.0 2.0 1.0
	FCSp3	2.8	0.16		0.0 2.0 0.0 1.0 0.0 1.0 0.0 1.0 1.0
	3Lz	6.49	1.35	x	3.0 3.0 2.0 2.0 2.0 2.0 2.0 3.0 0.0
	CCoSp3	3.0	0.26		0.0 1.0 1.0 -1.0 1.0 2.0 0.0 2.0 1.0
	StSq2	2.6	0.11		0.0 0.0 0.0 1.0 1.0 1.0 -1.0 1.0 0.0
	CSSp4	3.0	0.51		1.0 2.0 2.0 -1.0 3.0 3.0 1.0 2.0 1.0
program components:
	Skating Skills	1.00 7.25 6.25 7.25 6.75 7.25 7.50 6.75 7.00 6.50 6.96
	Transitions	1.00 7.00 6.25 7.00 7.00 7.25 6.25 6.25 6.75 6.50 6.68
	Performance	1.00 7.25 6.50 7.50 6.50 7.50 6.75 6.25 6.75 7.00 6.89
	Composition	1.00 7.00 6.25 7.50 6.75 7.25 6.75 6.25 7.00 7.00 6.86
	Interpretation of the Music	1.00 7.00 6.75 7.50 6.75 7.50 7.00 6.25 7.25 6.75 7.00
deductions:

name: Alexei BYCHENKO
rank: 9
startingNbr: 10
elements:
	3F	5.3	1.44		3.0 4.0 2.0 3.0 3.0 3.0 3.0 2.0 1.0
	3A	8.0	-2.51		-3.0 -2.0 -3.0 -3.0 -4.0 -4.0 -3.0 -1.0 -4.0
	CCoSp3	3.0	0.17		1.0 2.0 1.0 -1.0 1.0 -1.0 1.0 1.0 0.0
	3Lz+3T	11.11	1.01	x	2.0 2.0 1.0 2.0 2.0 1.0 2.0 2.0 1.0
	FCSp3	2.8	0.32		1.0 2.0 1.0 2.0 1.0 0.0 1.0 1.0 1.0
	StSq2	2.6	0.63		3.0 3.0 2.0 3.0 3.0 1.0 3.0 2.0 1.0
	CSSp2	2.3	0.13		1.0 2.0 0.0 1.0 1.0 0.0 1.0 0.0 0.0
program components:
	Skating Skills	1.00 7.75 7.50 7.75 7.00 7.25 7.25 7.75 7.75 6.75 7.46
	Transitions	1.00 7.50 7.25 7.50 6.50 7.00 6.75 7.75 7.25 6.25 7.11
	Performance	1.00 7.50 7.50 8.00 7.50 7.50 7.00 8.00 7.25 7.25 7.50
	Composition	1.00 8.00 7.25 7.75 7.00 7.25 7.00 8.00 7.50 7.00 7.39
	Interpretation of the Music	1.00 8.00 7.50 8.25 7.25 7.75 7.00 8.00 7.75 7.50 7.68
deductions:

name: Phillip HARRIS
rank: 10
startingNbr: 1
elements:
	3A	8.0	0.11		0.0 -1.0 0.0 0.0 0.0 1.0 0.0 1.0 0.0
	3Lz	5.9	-1.85		-3.0 -3.0 -2.0 -4.0 -3.0 -3.0 -3.0 -4.0 -3.0
	FSSp2	2.3	0.46		2.0 2.0 1.0 2.0 3.0 3.0 1.0 2.0 2.0
	StSq2	2.6	0.45		1.0 1.0 1.0 3.0 2.0 2.0 0.0 3.0 2.0
	CCSp3	2.8	-0.2		0.0 2.0 -1.0 1.0 -2.0 -1.0 -2.0 0.0 -2.0
	2F+2T*	1.98	-0.9	* x	-5.0 -5.0 -5.0 -5.0 -5.0 -5.0 -5.0 -5.0 -5.0
	CCoSp4	3.5	0.55		1.0 2.0 1.0 2.0 2.0 2.0 1.0 2.0 0.0
program components:
	Skating Skills	1.00 6.25 6.50 7.00 7.00 6.75 7.25 6.50 6.50 6.75 6.71
	Transitions	1.00 6.75 6.25 6.50 7.00 6.75 7.00 6.00 6.00 7.25 6.61
	Performance	1.00 6.00 6.50 6.50 6.50 6.75 6.50 6.00 6.25 6.75 6.43
	Composition	1.00 6.50 6.25 6.75 7.00 7.00 7.25 6.25 6.50 7.50 6.75
	Interpretation of the Music	1.00 6.50 6.50 7.00 7.25 6.50 7.00 6.00 6.75 7.25 6.79
deductions:

name: Valtter VIRTANEN
rank: 11
startingNbr: 5
elements:
	3T+3T<	7.35	-2.04	<	-4.0 -5.0 -5.0 -4.0 -5.0 -5.0 -5.0 -5.0 -5.0
	1A*	0.0	0.0	*	0.0 0.0 0.0 0.0 0.0 0.0 0.0 0.0 0.0
	FCSp3	2.8	0.6		2.0 3.0 1.0 3.0 3.0 2.0 0.0 1.0 3.0
	CCoSp4	3.5	-0.05		0.0 0.0 0.0 -1.0 1.0 -1.0 -1.0 0.0 1.0
	2Lz*	0.0	0.0	* x	0.0 0.0 0.0 0.0 0.0 0.0 0.0 0.0 0.0
	StSq2	2.6	0.33		2.0 2.0 0.0 1.0 2.0 4.0 0.0 1.0 1.0
	CSSp3	2.6	0.0		0.0 0.0 -1.0 -2.0 2.0 1.0 0.0 1.0 -1.0
program components:
	Skating Skills	1.00 6.00 6.00 5.75 5.75 6.50 6.50 6.00 5.75 6.25 6.04
	Transitions	1.00 5.75 6.00 5.75 6.00 6.00 6.50 6.00 5.50 5.50 5.86
	Performance	1.00 5.75 5.75 5.75 5.50 6.00 6.50 6.00 5.75 5.75 5.82
	Composition	1.00 6.25 6.00 6.25 6.25 6.50 7.25 6.50 6.25 6.50 6.36
	Interpretation of the Music	1.00 6.75 6.00 6.25 6.50 6.25 7.00 6.25 6.00 6.75 6.39
deductions:

