event name: ISU GP Internationaux de France de Patinage 2018
event type: MEN SHORT PROGRAM
name: Jason BROWN
rank: 1
startingNbr: 10
elements:
	3F	5.3	2.5		5.0 5.0 3.0 4.0 5.0 5.0 5.0 4.0 5.0
	3A	8.0	2.51		3.0 4.0 3.0 3.0 4.0 3.0 3.0 3.0 2.0
	FSSp4	3.0	1.03		3.0 4.0 2.0 3.0 4.0 4.0 4.0 3.0 3.0
	CCoSp4	3.5	1.35		5.0 4.0 3.0 4.0 4.0 5.0 3.0 4.0 3.0
	3Lz+3T	11.11	2.19	x	4.0 4.0 3.0 3.0 5.0 4.0 4.0 4.0 3.0
	CCSp4	3.2	1.37		5.0 5.0 5.0 4.0 4.0 4.0 4.0 4.0 4.0
	StSq4	3.9	1.73		5.0 4.0 4.0 5.0 5.0 5.0 4.0 4.0 3.0
program components:
	Skating Skills	1.00 9.00 9.00 9.00 9.25 9.50 9.00 9.00 9.00 8.75 9.04
	Transitions	1.00 9.00 9.25 8.50 9.25 9.50 9.25 9.00 8.75 8.50 9.00
	Performance	1.00 9.25 9.25 9.00 9.50 9.75 9.50 9.25 9.00 8.50 9.25
	Composition	1.00 9.00 9.50 8.75 9.50 9.75 9.25 9.00 9.00 8.75 9.14
	Interpretation of the Music	1.00 9.25 9.00 9.00 9.75 9.75 9.50 9.25 9.25 8.75 9.29
deductions:

name: Alexander SAMARIN
rank: 2
startingNbr: 8
elements:
	4Lz	11.5	0.33		0.0 0.0 1.0 0.0 2.0 -2.0 1.0 0.0 0.0
	4T+2T	10.8	0.81		1.0 0.0 2.0 1.0 1.0 -2.0 2.0 1.0 0.0
	FCSp4	3.2	0.82		3.0 2.0 2.0 3.0 1.0 3.0 3.0 3.0 2.0
	3A	8.8	1.6	x	3.0 2.0 3.0 2.0 2.0 1.0 1.0 2.0 2.0
	CCoSp4	3.5	0.7		2.0 2.0 2.0 2.0 1.0 3.0 3.0 2.0 1.0
	StSq4	3.9	0.95		3.0 3.0 2.0 2.0 2.0 3.0 2.0 3.0 2.0
	CSSp4	3.0	0.34		1.0 -1.0 3.0 2.0 2.0 2.0 -1.0 0.0 2.0
program components:
	Skating Skills	1.00 9.00 8.00 8.50 8.25 8.50 8.50 8.00 8.00 8.25 8.29
	Transitions	1.00 8.50 7.75 8.00 8.50 8.00 7.50 7.00 7.50 7.75 7.86
	Performance	1.00 9.00 8.25 8.50 8.00 8.25 8.25 7.50 8.25 8.00 8.21
	Composition	1.00 8.75 7.75 8.25 8.25 8.25 8.00 7.75 8.00 8.25 8.11
	Interpretation of the Music	1.00 8.75 7.75 8.25 8.50 8.50 7.75 7.75 8.00 8.25 8.14
deductions:

name: Nathan CHEN
rank: 3
startingNbr: 9
elements:
	3A	8.0	1.26		2.0 1.0 2.0 1.0 2.0 0.0 2.0 2.0 1.0
	4F<	8.25	-4.13	!	-5.0 -5.0 -5.0 -5.0 -5.0 -5.0 -5.0 -5.0 -5.0
	CCSp3	2.8	0.52		2.0 1.0 2.0 3.0 1.0 2.0 1.0 3.0 2.0
	4T+3T	15.07	2.04	x	3.0 2.0 3.0 2.0 3.0 1.0 1.0 2.0 2.0
	FSSp4	3.0	0.9		4.0 3.0 3.0 4.0 3.0 3.0 2.0 3.0 2.0
	StSq2	2.6	1.08		5.0 4.0 4.0 4.0 4.0 4.0 4.0 5.0 4.0
	CCoSp3V	2.25	0.65		4.0 2.0 3.0 3.0 2.0 4.0 3.0 3.0 2.0
program components:
	Skating Skills	1.00 9.25 8.00 8.75 9.00 8.75 8.75 8.25 9.25 8.50 8.75
	Transitions	1.00 8.75 8.25 8.75 9.25 8.75 8.75 8.00 9.00 8.00 8.61
	Performance	1.00 8.75 8.50 8.75 9.00 8.50 8.00 8.50 9.00 8.25 8.61
	Composition	1.00 9.00 8.50 8.50 9.25 9.00 9.25 8.50 9.00 8.75 8.86
	Interpretation of the Music	1.00 9.00 8.75 8.75 9.50 8.75 8.75 8.75 9.00 8.75 8.82
deductions:
	falls: 1

name: Romain PONSART
rank: 4
startingNbr: 2
elements:
	4T	9.5	2.44		2.0 2.0 3.0 3.0 3.0 3.0 2.0 3.0 2.0
	3A	8.0	2.17		2.0 3.0 3.0 3.0 2.0 2.0 3.0 3.0 3.0
	FCSp3	2.8	0.64		2.0 2.0 2.0 2.0 1.0 4.0 3.0 3.0 2.0
	3Lz+3T	11.11	0.51	x	1.0 0.0 0.0 2.0 2.0 0.0 1.0 1.0 1.0
	CSSp4	3.0	0.56		1.0 1.0 2.0 2.0 2.0 2.0 2.0 2.0 2.0
	StSq3	3.3	0.61		2.0 1.0 1.0 3.0 1.0 3.0 2.0 3.0 1.0
	CCoSp3	3.0	0.43		1.0 1.0 2.0 2.0 1.0 2.0 0.0 1.0 2.0
program components:
	Skating Skills	1.00 7.25 7.00 7.50 7.25 7.00 7.50 7.00 7.75 7.50 7.29
	Transitions	1.00 7.00 7.25 7.25 7.50 6.50 6.25 7.00 7.50 7.00 7.07
	Performance	1.00 7.50 7.25 8.00 8.25 7.75 7.25 7.50 7.75 7.50 7.61
	Composition	1.00 7.25 7.50 7.50 7.75 7.25 6.75 7.25 7.50 7.50 7.39
	Interpretation of the Music	1.00 7.25 7.50 7.75 8.00 7.50 6.75 7.50 7.75 7.50 7.54
deductions:

name: Deniss VASILJEVS
rank: 5
startingNbr: 7
elements:
	3F	5.3	1.74		4.0 4.0 2.0 3.0 3.0 4.0 2.0 4.0 3.0
	3A<	6.0	-0.51	<	0.0 -1.0 -1.0 -2.0 -1.0 0.0 -1.0 0.0 -2.0
	FSSp4	3.0	1.07		4.0 3.0 3.0 3.0 4.0 5.0 4.0 4.0 3.0
	StSq3	3.3	1.13		5.0 3.0 4.0 3.0 3.0 4.0 2.0 4.0 3.0
	3Lz+3T	11.11	1.35	x	3.0 1.0 3.0 3.0 3.0 2.0 1.0 2.0 2.0
	CCSp4	3.2	0.87		4.0 2.0 4.0 3.0 1.0 2.0 2.0 3.0 3.0
	CCoSp4	3.5	1.0		4.0 2.0 4.0 3.0 2.0 4.0 0.0 3.0 2.0
program components:
	Skating Skills	1.00 8.50 7.50 8.50 7.75 8.00 7.00 7.50 7.75 8.25 7.89
	Transitions	1.00 8.75 7.25 8.50 7.50 8.25 7.50 7.25 7.75 8.25 7.86
	Performance	1.00 8.50 8.00 8.75 8.25 8.50 8.00 7.75 8.00 8.25 8.21
	Composition	1.00 8.75 7.50 8.50 8.00 8.00 8.50 7.50 8.00 8.00 8.07
	Interpretation of the Music	1.00 8.75 7.75 8.75 8.50 8.25 8.00 7.75 8.00 8.25 8.21
deductions:

name: Kevin AYMOZ
rank: 6
startingNbr: 3
elements:
	4T	9.5	0.0		0.0 -1.0 1.0 0.0 0.0 -1.0 0.0 1.0 0.0
	3Lz+3T	10.1	-1.85		-2.0 -3.0 -4.0 -3.0 -4.0 -4.0 -3.0 -2.0 -3.0
	CCSp4	3.2	0.73		3.0 2.0 2.0 3.0 2.0 3.0 2.0 2.0 1.0
	3A	8.8	0.8	x	2.0 0.0 1.0 1.0 2.0 0.0 1.0 1.0 1.0
	FSSp3	2.6	0.48		2.0 2.0 1.0 2.0 1.0 4.0 1.0 3.0 2.0
	CCoSp4	3.5	0.15		1.0 -1.0 1.0 1.0 0.0 0.0 -1.0 2.0 1.0
	StSq4	3.9	1.23		4.0 3.0 3.0 2.0 3.0 4.0 3.0 3.0 3.0
program components:
	Skating Skills	1.00 7.50 7.25 7.50 7.00 7.50 7.00 7.00 8.00 7.75 7.36
	Transitions	1.00 7.50 7.50 7.50 6.75 7.50 7.00 7.25 8.00 7.50 7.39
	Performance	1.00 7.50 8.00 7.75 6.50 8.00 7.75 7.25 8.25 7.50 7.68
	Composition	1.00 8.00 7.75 7.75 6.75 8.00 7.00 7.00 8.25 7.75 7.61
	Interpretation of the Music	1.00 7.75 8.00 8.00 7.25 8.25 7.50 7.50 8.25 7.75 7.82
deductions:

name: Boyang JIN
rank: 7
startingNbr: 11
elements:
	4Lz<	8.63	-4.32	<	-5.0 -5.0 -5.0 -5.0 -5.0 -5.0 -5.0 -5.0 -5.0
	4T+2T	10.8	-0.14		0.0 0.0 0.0 1.0 0.0 -2.0 0.0 0.0 -1.0
	FCSp4	3.2	0.46		2.0 1.0 2.0 3.0 1.0 1.0 1.0 2.0 1.0
	3A	8.8	1.71	x	2.0 2.0 2.0 3.0 2.0 1.0 2.0 3.0 2.0
	CSSp4	3.0	0.56		2.0 1.0 2.0 3.0 1.0 2.0 2.0 2.0 2.0
	CCoSp3	3.0	0.56		1.0 2.0 2.0 3.0 2.0 2.0 1.0 3.0 1.0
	StSq3	3.3	0.85		4.0 2.0 3.0 4.0 1.0 2.0 2.0 3.0 2.0
program components:
	Skating Skills	1.00 8.25 8.25 8.25 8.75 8.25 7.75 8.25 8.25 8.25 8.25
	Transitions	1.00 7.75 7.50 8.00 8.25 8.00 7.00 7.25 7.50 7.50 7.64
	Performance	1.00 8.25 8.00 8.25 8.50 8.25 7.25 7.75 8.00 7.75 8.04
	Composition	1.00 8.00 8.00 8.25 8.50 8.00 7.00 7.75 7.75 8.00 7.96
	Interpretation of the Music	1.00 8.25 7.50 8.50 8.75 8.50 7.50 8.00 8.00 8.00 8.11
deductions:
	falls: 1

name: Keiji TANAKA
rank: 8
startingNbr: 4
elements:
	4S	9.7	-2.91		-2.0 -3.0 -3.0 -3.0 -3.0 -3.0 -3.0 -3.0 -3.0
	3Lz+3T	10.1	2.11		4.0 4.0 3.0 4.0 4.0 4.0 4.0 2.0 2.0
	FCSp4	3.2	0.59		2.0 1.0 3.0 2.0 1.0 2.0 2.0 2.0 2.0
	CSSp3	2.6	0.33		2.0 0.0 2.0 1.0 1.0 2.0 0.0 3.0 1.0
	3A	8.8	-0.8	x	0.0 0.0 -1.0 -1.0 -1.0 -2.0 -2.0 -1.0 -1.0
	StSq2	2.6	0.71		4.0 3.0 2.0 2.0 4.0 3.0 2.0 3.0 2.0
	CCoSp4	3.5	0.7		3.0 1.0 2.0 2.0 2.0 2.0 2.0 3.0 1.0
program components:
	Skating Skills	1.00 7.75 8.00 7.75 7.25 8.00 7.75 7.50 7.75 8.00 7.79
	Transitions	1.00 7.25 7.25 7.50 7.75 7.50 7.00 7.00 7.25 7.75 7.36
	Performance	1.00 7.50 7.75 8.00 7.25 8.00 6.50 7.50 7.50 7.75 7.61
	Composition	1.00 7.75 7.50 8.00 7.50 7.75 6.75 7.75 7.50 8.00 7.68
	Interpretation of the Music	1.00 7.50 7.50 8.00 7.75 8.50 7.00 7.50 7.50 8.00 7.68
deductions:

name: Dmitri ALIEV
rank: 9
startingNbr: 6
elements:
	3Lz	5.9	1.6		3.0 3.0 3.0 2.0 2.0 1.0 3.0 3.0 3.0
	3A	8.0	2.29		4.0 3.0 3.0 2.0 2.0 3.0 3.0 3.0 3.0
	FCSp3	2.8	0.44		1.0 0.0 2.0 2.0 1.0 2.0 1.0 2.0 2.0
	4T<+COMBO	7.84	-3.57	< x	-5.0 -5.0 -5.0 -5.0 -5.0 -5.0 -5.0 -5.0 -5.0
	StSq4	3.9	1.17		3.0 4.0 3.0 3.0 2.0 4.0 3.0 2.0 3.0
	CCoSp3	3.0	0.51		2.0 1.0 2.0 2.0 1.0 3.0 1.0 2.0 2.0
	CSSp3	2.6	0.3		1.0 0.0 2.0 2.0 1.0 3.0 -1.0 1.0 1.0
program components:
	Skating Skills	1.00 8.25 7.50 8.25 7.25 8.00 8.00 7.50 8.00 8.25 7.93
	Transitions	1.00 8.00 7.75 8.00 7.75 7.75 7.75 7.25 7.75 7.75 7.79
	Performance	1.00 8.00 8.25 8.25 7.00 7.75 6.50 7.25 7.75 7.75 7.68
	Composition	1.00 8.50 8.00 8.50 7.50 8.00 7.25 7.25 7.50 8.25 7.86
	Interpretation of the Music	1.00 8.25 8.25 8.25 7.75 8.25 8.25 7.75 7.75 8.25 8.11
deductions:
	falls: 1

name: Daniel SAMOHIN
rank: 10
startingNbr: 5
elements:
	4T	9.5	-4.75		-5.0 -4.0 -5.0 -5.0 -5.0 -5.0 -5.0 -5.0 -5.0
	3A	8.0	1.83		3.0 2.0 3.0 2.0 2.0 2.0 2.0 2.0 3.0
	FCSp3	2.8	0.52		3.0 2.0 1.0 2.0 1.0 2.0 2.0 2.0 2.0
	3Lz+3T<	9.96	-2.53	< x	-3.0 -5.0 -4.0 -5.0 -5.0 -4.0 -4.0 -4.0 -4.0
	CCoSp3	3.0	0.73		4.0 3.0 1.0 3.0 2.0 2.0 1.0 3.0 3.0
	StSq2	2.6	0.74		4.0 3.0 3.0 3.0 2.0 2.0 3.0 3.0 3.0
	CSSp4	3.0	0.51		2.0 2.0 2.0 1.0 1.0 2.0 1.0 2.0 2.0
program components:
	Skating Skills	1.00 7.75 7.00 7.75 7.25 7.75 7.25 7.25 7.25 7.75 7.46
	Transitions	1.00 7.50 7.00 7.50 7.25 7.75 7.50 6.75 7.00 7.50 7.32
	Performance	1.00 7.50 7.25 7.75 7.00 7.50 7.25 7.25 7.25 7.75 7.39
	Composition	1.00 7.75 7.50 8.00 7.50 8.00 7.00 7.00 7.25 8.00 7.57
	Interpretation of the Music	1.00 7.75 7.25 8.00 7.75 8.00 7.00 7.50 7.50 8.00 7.68
deductions:
	falls: 1

name: Nicolas NADEAU
rank: 11
startingNbr: 1
elements:
	3A	8.0	-1.83		-1.0 -2.0 -2.0 -3.0 -3.0 -3.0 -1.0 -2.0 -3.0
	2T*	0.0	0.0	*	0.0 0.0 0.0 0.0 0.0 0.0 0.0 0.0 0.0
	StSq2	2.6	0.56		3.0 2.0 2.0 1.0 2.0 2.0 3.0 2.0 2.0
	CSSp4	3.0	0.77		3.0 2.0 3.0 2.0 2.0 3.0 3.0 3.0 2.0
	3Lo+2T*	5.39	0.28	* x	1.0 1.0 1.0 -5.0 1.0 -1.0 1.0 0.0 1.0
	FCSp2	2.3	0.13		0.0 0.0 1.0 1.0 1.0 -2.0 0.0 1.0 2.0
	CCoSp4	3.5	0.55		2.0 2.0 0.0 0.0 2.0 3.0 2.0 1.0 2.0
program components:
	Skating Skills	1.00 7.50 7.25 7.50 6.50 7.50 6.75 7.25 7.25 7.25 7.25
	Transitions	1.00 7.25 7.00 7.50 6.50 7.25 7.25 7.50 6.75 7.00 7.14
	Performance	1.00 7.25 7.50 7.75 6.00 7.25 7.00 7.00 7.00 7.25 7.18
	Composition	1.00 7.75 7.25 7.25 6.25 7.50 7.25 7.50 7.00 7.50 7.32
	Interpretation of the Music	1.00 7.50 7.25 7.50 6.50 7.75 7.00 7.50 7.25 7.25 7.32
deductions:

