event name: ISU GP Internationaux de France de Patinage 2018
event type: PAIRS SHORT PROGRAM
name: Aleksandra BOIKOVA / Dmitrii KOZLOVSKII
rank: 1
startingNbr: 7
elements:
	3S	4.3	1.47		4.0 4.0 3.0 3.0 3.0 3.0 4.0 3.0 4.0
	3Tw3	5.7	1.71		4.0 3.0 3.0 3.0 2.0 3.0 3.0 3.0 3.0
	3STh	4.4	1.57		5.0 3.0 4.0 3.0 4.0 3.0 3.0 4.0 4.0
	FCCoSp4	3.5	0.75		3.0 2.0 2.0 2.0 2.0 2.0 2.0 3.0 2.0
	4Li3	4.7	1.21		4.0 3.0 3.0 2.0 2.0 2.0 2.0 3.0 3.0
	BoDs1	3.5	0.0		0.0 1.0 1.0 2.0 1.0 -2.0 -2.0 0.0 -1.0
	StSq4	3.9	0.61		1.0 2.0 3.0 2.0 2.0 1.0 2.0 1.0 1.0
program components:
#	Info	GOE J1 J2 J3 J4 J5 J6 J7 J8 J9 Ref
	Skating Skills	0.80 8.00 7.75 8.00 8.00 6.75 7.25 7.75 8.25 8.25 7.86
	Transitions	0.80 7.75 8.00 7.75 7.75 7.25 7.00 7.50 8.25 8.00 7.71
	Performance	0.80 8.25 8.25 8.25 8.25 7.50 7.00 7.50 8.50 8.25 8.04
	Composition	0.80 8.25 7.75 8.00 8.00 7.50 7.25 7.50 8.25 8.25 7.89
	Interpretation of the Music	0.80 8.00 7.75 8.00 8.50 7.00 7.25 7.50 8.50 8.25 7.89
deductions:

name: Tae Ok RYOM / Ju Sik KIM
rank: 2
startingNbr: 3
elements:
	3Tw3	5.7	1.06		0.0 3.0 2.0 2.0 3.0 2.0 3.0 1.0 -1.0
	3T	4.2	1.14		2.0 4.0 3.0 3.0 4.0 2.0 1.0 2.0 3.0
	3LoTh	5.0	1.0		1.0 4.0 2.0 3.0 3.0 2.0 1.0 1.0 2.0
	FCCoSp3	3.0	0.69		2.0 3.0 2.0 2.0 3.0 3.0 2.0 2.0 1.0
	4Li4	5.1	1.09		1.0 3.0 3.0 2.0 2.0 2.0 2.0 2.0 2.0
	StSq4	3.9	1.17		2.0 3.0 3.0 3.0 3.0 3.0 3.0 3.0 3.0
	BoDs3	4.3	0.74		1.0 1.0 1.0 2.0 2.0 2.0 2.0 2.0 2.0
program components:
	Skating Skills	0.80 6.75 7.50 7.50 7.50 7.25 7.00 7.00 7.25 7.50 7.29
	Transitions	0.80 6.50 7.25 7.25 7.00 7.00 6.50 6.75 7.00 7.25 6.96
	Performance	0.80 7.00 8.00 7.50 7.75 8.00 7.50 7.25 7.25 7.50 7.54
	Composition	0.80 7.00 7.75 7.50 7.25 7.75 7.00 7.00 7.00 7.50 7.29
	Interpretation of the Music	0.80 6.75 7.50 7.25 7.75 7.50 7.00 7.00 7.25 7.50 7.29
deductions:

name: Vanessa JAMES / Morgan CIPRES
rank: 3
startingNbr: 6
elements:
	3Tw4	6.0	1.8		4.0 3.0 3.0 3.0 3.0 4.0 3.0 2.0 -1.0
	2T	1.3	-0.61		-4.0 -5.0 -5.0 -5.0 -5.0 -2.0 -4.0 -5.0 -5.0
	FCCoSp3	3.0	0.9		3.0 3.0 2.0 4.0 3.0 4.0 2.0 3.0 3.0
	4Li3	4.7	1.21		3.0 1.0 2.0 2.0 4.0 3.0 3.0 3.0 2.0
	BoDs1	3.5	0.7		2.0 2.0 1.0 2.0 3.0 3.0 2.0 2.0 1.0
	3FTh	5.3	-0.23		0.0 -1.0 -1.0 -1.0 0.0 1.0 1.0 -1.0 -1.0
	StSq4	3.9	1.17		3.0 2.0 3.0 3.0 4.0 3.0 3.0 3.0 3.0
program components:
#	Info	GOE J1 J2 J3 J4 J5 J6 J7 J8 J9 Ref
	Skating Skills	0.80 8.50 8.25 8.75 8.25 8.75 8.75 8.50 8.50 8.50 8.54
	Transitions	0.80 8.00 8.00 8.50 8.25 8.50 8.50 8.25 8.25 8.50 8.32
	Performance	0.80 8.00 7.75 8.25 7.75 8.00 8.50 8.25 8.50 8.50 8.18
	Composition	0.80 8.50 8.00 8.50 8.00 9.25 8.75 8.50 8.25 8.75 8.46
	Interpretation of the Music	0.80 8.25 8.00 8.25 8.50 8.50 8.75 8.50 8.75 8.75 8.50
deductions:
	time violation: -1.00

name: Tarah KAYNE / Danny O'SHEA
rank: 4
startingNbr: 5
elements:
	BoDs2	3.9	0.61		1.0 3.0 0.0 2.0 2.0 3.0 2.0 1.0 0.0
	3Tw2	5.4	0.23		0.0 1.0 -2.0 -2.0 2.0 1.0 1.0 1.0 1.0
	3S	4.3	-0.12		0.0 0.0 0.0 -2.0 0.0 -2.0 2.0 1.0 -1.0
	3STh	4.4	0.82		2.0 1.0 1.0 2.0 2.0 2.0 2.0 2.0 2.0
	CCoSp4	3.5	0.7		2.0 2.0 2.0 2.0 2.0 3.0 2.0 1.0 2.0
	StSq3	3.3	0.61		1.0 2.0 2.0 2.0 1.0 3.0 2.0 2.0 2.0
	4Li4	5.1	1.53		3.0 3.0 3.0 3.0 3.0 3.0 3.0 2.0 3.0
program components:
	Skating Skills	0.80 7.25 7.25 7.25 7.00 7.75 7.25 7.25 7.50 7.50 7.32
	Transitions	0.80 7.00 7.50 7.00 7.25 7.50 7.00 7.00 7.75 7.25 7.21
	Performance	0.80 7.25 7.75 7.25 6.75 7.25 7.50 7.25 7.50 7.75 7.39
	Composition	0.80 7.00 7.50 7.25 7.00 7.25 7.25 7.00 7.50 7.50 7.25
	Interpretation of the Music	0.80 7.25 7.75 7.00 7.25 7.00 7.25 7.25 7.50 7.50 7.29
deductions:

name: Camille RUEST / Andrew WOLFE
rank: 5
startingNbr: 1
elements:
	3Tw1	5.1	-1.24		-2.0 -2.0 -4.0 -2.0 -2.0 -3.0 -2.0 -3.0 -3.0
	3T	4.2	0.72		1.0 2.0 2.0 2.0 3.0 2.0 2.0 1.0 1.0
	4Li4	5.1	1.09		3.0 3.0 2.0 2.0 2.0 2.0 2.0 1.0 2.0
	3LoTh	5.0	-0.29		0.0 0.0 -1.0 -1.0 0.0 0.0 0.0 -2.0 -2.0
	FCCoSp4	3.5	0.3		0.0 1.0 2.0 1.0 2.0 1.0 1.0 0.0 -1.0
	StSq4	3.9	0.45		1.0 1.0 1.0 1.0 2.0 1.0 1.0 1.0 2.0
	BoDsB	3.1	0.44		1.0 3.0 1.0 1.0 3.0 1.0 1.0 2.0 1.0
program components:
#	Info	GOE J1 J2 J3 J4 J5 J6 J7 J8 J9 Ref
	Skating Skills	0.80 6.75 7.25 6.75 6.75 7.50 6.75 6.75 6.50 6.75 6.82
	Transitions	0.80 6.50 7.00 6.50 7.25 7.00 6.50 6.50 6.25 6.50 6.64
	Performance	0.80 6.75 7.50 6.50 6.75 7.50 6.50 6.75 6.25 6.75 6.79
	Composition	0.80 6.50 7.50 6.75 7.00 7.00 6.50 6.75 6.50 6.50 6.71
	Interpretation of the Music	0.80 6.50 7.25 6.50 6.75 7.00 6.25 6.50 6.50 6.75 6.64
deductions:

name: Audrey LU / Misha MITROFANOV
rank: 6
startingNbr: 4
elements:
	3Tw2	5.4	-0.69		0.0 -2.0 -3.0 -2.0 0.0 -2.0 0.0 -1.0 -2.0
	3LoTh	5.0	0.86		1.0 3.0 1.0 1.0 2.0 2.0 2.0 2.0 2.0
	4Li3	4.7	0.4		1.0 1.0 2.0 2.0 0.0 0.0 1.0 1.0 0.0
	3S	4.3	1.11		2.0 3.0 2.0 3.0 3.0 3.0 3.0 2.0 2.0
	CCoSp3	3.0	0.17		0.0 2.0 0.0 -1.0 1.0 2.0 1.0 1.0 -1.0
	StSq4	3.9	0.28		1.0 1.0 1.0 1.0 0.0 0.0 2.0 0.0 1.0
	BoDsB	3.1	-0.04		1.0 -1.0 0.0 -2.0 0.0 1.0 1.0 -1.0 -1.0
program components:
	Skating Skills	0.80 6.50 6.75 6.25 6.75 6.00 6.25 6.75 6.25 6.00 6.39
	Transitions	0.80 6.25 6.50 6.00 6.25 6.25 6.00 6.50 6.25 6.00 6.21
	Performance	0.80 6.50 6.50 6.25 6.50 6.50 6.00 6.75 6.50 6.25 6.43
	Composition	0.80 6.25 6.50 6.25 6.75 6.25 6.00 6.50 6.50 6.00 6.32
	Interpretation of the Music	0.80 6.00 6.75 6.00 6.50 5.75 5.75 6.50 6.25 6.25 6.18
deductions:

name: Minerva Fabienne HASE / Nolan SEEGERT
rank: 7
startingNbr: 2
elements:
	3Tw2	5.4	-1.85		-3.0 -3.0 -5.0 -3.0 -3.0 -4.0 -3.0 -4.0 -4.0
	3T	4.2	-2.1		-5.0 -5.0 -5.0 -5.0 -5.0 -5.0 -5.0 -5.0 -5.0
	3STh	4.4	0.38		1.0 0.0 1.0 2.0 1.0 0.0 2.0 1.0 -1.0
	4Li3	4.7	0.27		1.0 0.0 2.0 1.0 0.0 0.0 0.0 1.0 1.0
	BoDs2	3.9	0.72		2.0 2.0 1.0 3.0 2.0 2.0 1.0 2.0 2.0
	StSq3	3.3	0.38		0.0 1.0 1.0 1.0 1.0 1.0 2.0 1.0 2.0
	CCoSp4	3.5	-0.25		-1.0 -1.0 0.0 -1.0 -1.0 -1.0 0.0 0.0 -2.0
program components:
#	Info	GOE J1 J2 J3 J4 J5 J6 J7 J8 J9 Ref
	Skating Skills	0.80 6.75 7.00 6.75 6.50 7.50 6.75 7.00 6.50 7.00 6.82
	Transitions	0.80 6.50 7.25 6.50 6.75 6.75 6.50 6.50 6.25 7.00 6.64
	Performance	0.80 6.50 6.75 6.25 6.50 6.75 6.00 6.50 6.00 7.25 6.46
	Composition	0.80 6.75 6.75 6.50 7.00 7.25 6.75 6.75 6.50 7.00 6.79
	Interpretation of the Music	0.80 6.50 7.00 6.25 6.75 6.50 6.25 6.75 6.50 7.00 6.61
deductions:
	falls: -1.0

