event name: ISU GP Internationaux de France de Patinage 2018
event type: LADIES FREE SKATING
name: Rika KIHIRA
rank: 1
startingNbr: 11
elements:
	3A<	6.0	-1.03	<	-1.0 -2.0 -2.0 -2.0 -2.0 1.0 -1.0 -2.0 -3.0
	2A+3T	7.5	1.38		4.0 4.0 4.0 3.0 3.0 3.0 3.0 3.0 3.0
	3Lo	4.9	0.42		1.0 1.0 1.0 0.0 1.0 3.0 1.0 1.0 0.0
	CCoSp4	3.5	1.15		3.0 4.0 3.0 4.0 3.0 3.0 4.0 3.0 2.0
	StSq3	3.3	1.08		3.0 4.0 3.0 4.0 3.0 3.0 4.0 3.0 3.0
	3Lz+3T<	9.05	-0.67	<	-1.0 -2.0 -1.0 -2.0 -1.0 0.0 1.0 -2.0 -1.0
	3F	5.83	1.06	x	2.0 2.0 2.0 2.0 2.0 2.0 2.0 2.0 2.0
	LSp4	2.7	0.93		4.0 4.0 3.0 3.0 4.0 3.0 5.0 3.0 3.0
	3Lz+2T+2Lo	9.79	1.43	x	3.0 2.0 3.0 3.0 1.0 2.0 3.0 2.0 2.0
	FSSp3	2.6	0.67		3.0 3.0 1.0 3.0 2.0 2.0 3.0 3.0 2.0
	ChSq1	3.0	1.5		3.0 3.0 2.0 4.0 3.0 2.0 4.0 4.0 1.0
	3S	4.73	1.41	x	4.0 3.0 3.0 4.0 3.0 3.0 4.0 3.0 2.0
program components:
	Skating Skills	1.60 8.00 8.25 8.50 8.00 8.75 8.25 8.25 8.25 8.25 8.25
	Transitions	1.60 7.75 8.00 8.25 8.25 8.75 8.00 8.25 7.75 7.75 8.04
	Performance	1.60 8.50 8.25 8.75 8.25 9.25 8.25 8.50 8.25 8.00 8.39
	Composition	1.60 8.00 8.50 8.50 8.50 9.00 8.25 8.25 8.00 8.25 8.32
	Interpretation of the Music	1.60 8.25 8.50 8.25 8.50 8.75 8.00 8.25 8.25 8.00 8.29
deductions:

name: Bradie TENNELL
rank: 2
startingNbr: 7
elements:
	2A	3.3	0.8		2.0 1.0 3.0 3.0 3.0 3.0 2.0 2.0 2.0
	3Lz+3Lo<	9.58	-0.34	<	-1.0 -2.0 -1.0 -1.0 1.0 0.0 1.0 -1.0 -1.0
	3F	5.3	1.21		3.0 2.0 2.0 2.0 3.0 3.0 2.0 2.0 2.0
	2A	3.3	0.61		2.0 0.0 2.0 3.0 2.0 2.0 2.0 2.0 1.0
	LSp4	2.7	0.96		4.0 3.0 3.0 4.0 4.0 3.0 4.0 4.0 3.0
	StSq4	3.9	1.06		4.0 3.0 2.0 3.0 3.0 3.0 2.0 3.0 2.0
	3Lz+3T	11.11	1.18	x	4.0 1.0 3.0 2.0 3.0 3.0 2.0 0.0 0.0
	3F<+2T+2Lo	7.68	-0.57	< x	-1.0 -2.0 -1.0 -3.0 -1.0 0.0 -1.0 -2.0 -2.0
	3S	4.73	0.8	x	3.0 0.0 2.0 2.0 3.0 2.0 1.0 2.0 1.0
	ChSq1	3.0	1.64		4.0 3.0 2.0 4.0 5.0 3.0 4.0 3.0 2.0
	FCCoSp4	3.5	1.15		3.0 4.0 2.0 3.0 4.0 3.0 4.0 3.0 3.0
	CCoSp4	3.5	1.4		4.0 4.0 3.0 5.0 5.0 3.0 4.0 4.0 4.0
program components:
	Skating Skills	1.60 8.00 7.50 8.00 7.75 8.50 8.00 8.25 8.00 8.25 8.04
	Transitions	1.60 8.25 7.75 8.00 8.00 8.50 7.75 8.00 8.00 7.75 7.96
	Performance	1.60 8.25 8.25 8.50 8.50 9.25 8.00 8.50 8.25 8.25 8.36
	Composition	1.60 8.00 8.00 8.00 8.50 8.75 8.00 8.00 8.25 8.00 8.11
	Interpretation of the Music	1.60 8.25 8.00 8.25 8.00 9.00 8.00 8.25 8.00 7.75 8.11
deductions:

name: Mai MIHARA
rank: 3
startingNbr: 10
elements:
	3Lz+3T	10.1	1.52		3.0 2.0 3.0 4.0 2.0 3.0 3.0 2.0 0.0
	ChSq1	3.0	1.36		3.0 2.0 3.0 4.0 3.0 3.0 2.0 3.0 1.0
	2A	3.3	1.04		4.0 2.0 3.0 4.0 3.0 4.0 3.0 3.0 2.0
	3Lo	4.9	1.26		3.0 2.0 2.0 3.0 3.0 3.0 2.0 3.0 1.0
	CCoSp4	3.5	1.1		4.0 4.0 2.0 3.0 3.0 4.0 3.0 3.0 2.0
	3F	5.3	0.76		2.0 0.0 1.0 2.0 2.0 2.0 1.0 2.0 0.0
	2A+3T<	7.1	-0.33	< x	-1.0 -2.0 -1.0 -2.0 0.0 0.0 0.0 -1.0 -2.0
	FSSp4	3.0	0.73		3.0 1.0 2.0 3.0 2.0 3.0 3.0 3.0 1.0
	3Lz+2T+2Lo	9.79	1.01	x	2.0 2.0 1.0 2.0 2.0 2.0 2.0 1.0 0.0
	2S	1.43	0.07	x	1.0 0.0 0.0 1.0 2.0 2.0 0.0 0.0 0.0
	StSq3	3.3	1.18		4.0 4.0 3.0 4.0 4.0 3.0 4.0 3.0 1.0
	FCCoSp4	3.5	1.0		4.0 3.0 2.0 3.0 4.0 3.0 2.0 3.0 2.0
program components:
	Skating Skills	1.60 8.50 8.25 8.50 8.25 9.25 8.25 8.00 8.50 8.00 8.32
	Transitions	1.60 8.25 8.00 8.25 7.75 8.50 8.25 7.75 8.25 7.50 8.07
	Performance	1.60 8.50 8.25 8.50 8.00 9.25 8.50 8.25 8.50 7.75 8.36
	Composition	1.60 8.25 8.50 8.25 7.75 9.00 8.25 8.00 8.50 8.00 8.25
	Interpretation of the Music	1.60 8.50 8.00 8.00 7.75 8.75 8.25 8.25 8.75 7.75 8.21
deductions:

name: Stanislava KONSTANTINOVA
rank: 4
startingNbr: 1
elements:
	3Lz+3T	10.1	1.26		2.0 1.0 3.0 2.0 2.0 2.0 3.0 0.0 3.0
	2A+1Eu+3S	8.1	0.68		1.0 0.0 2.0 2.0 1.0 2.0 2.0 1.0 2.0
	3Lo	4.9	0.91		1.0 0.0 2.0 3.0 3.0 3.0 1.0 1.0 2.0
	StSq3	3.3	0.71		1.0 1.0 3.0 3.0 1.0 3.0 2.0 2.0 3.0
	2A	3.3	0.75		2.0 1.0 3.0 3.0 2.0 2.0 2.0 2.0 3.0
	3F+2T	7.26	0.83	x	1.0 0.0 2.0 2.0 1.0 1.0 2.0 2.0 2.0
	3Lz	6.49	0.84	x	1.0 0.0 2.0 1.0 1.0 2.0 2.0 1.0 3.0
	LSp4	2.7	0.46		1.0 1.0 2.0 2.0 2.0 2.0 2.0 1.0 2.0
	3F	5.83	0.08	! x	1.0 -1.0 0.0 0.0 2.0 -1.0 1.0 0.0 0.0
	CCoSp4	3.5	1.05		2.0 2.0 3.0 4.0 3.0 3.0 4.0 3.0 3.0
	ChSq1	3.0	1.21		2.0 1.0 3.0 4.0 3.0 3.0 3.0 1.0 2.0
	FCSp4	3.2	0.87		2.0 2.0 3.0 3.0 5.0 3.0 3.0 2.0 3.0
program components:
	Skating Skills	1.60 7.75 7.25 8.00 7.50 8.25 8.00 8.00 7.50 8.00 7.82
	Transitions	1.60 7.50 7.00 8.25 7.75 8.00 7.75 8.00 7.25 8.00 7.75
	Performance	1.60 8.00 7.25 8.25 8.50 8.50 8.25 8.50 7.50 8.50 8.21
	Composition	1.60 7.50 7.25 8.00 8.25 8.00 8.00 8.00 7.25 8.25 7.86
	Interpretation of the Music	1.60 7.50 7.00 8.25 8.00 8.25 8.00 8.25 7.75 8.25 8.00
deductions:

name: Evgenia MEDVEDEVA
rank: 5
startingNbr: 12
elements:
	2A	3.3	-1.65		-5.0 -5.0 -5.0 -5.0 -5.0 -5.0 -5.0 -5.0 -4.0
	3Lz	5.9	0.34		0.0 0.0 0.0 0.0 2.0 2.0 2.0 -1.0 0.0
	3F+2T+2T	7.9	0.76		2.0 2.0 2.0 0.0 0.0 1.0 3.0 1.0 2.0
	FCSp3	2.8	0.6		3.0 3.0 2.0 2.0 2.0 2.0 2.0 2.0 2.0
	ChSq1	3.0	1.71		4.0 4.0 3.0 4.0 3.0 3.0 4.0 3.0 2.0
	2A	3.3	0.94		3.0 2.0 2.0 3.0 3.0 3.0 3.0 3.0 3.0
	3F+3T<<	7.26	-2.42	<< x	-5.0 -4.0 -5.0 -5.0 -5.0 -5.0 -4.0 -4.0 -3.0
	3S	4.73	1.29	x	4.0 2.0 3.0 3.0 3.0 3.0 3.0 3.0 3.0
	3Lo	5.39	0.42	x	1.0 0.0 1.0 0.0 1.0 3.0 1.0 1.0 1.0
	FCCoSp4	3.5	1.1		3.0 4.0 1.0 3.0 4.0 4.0 2.0 3.0 3.0
	StSq3	3.3	1.13		3.0 4.0 3.0 5.0 3.0 3.0 3.0 4.0 4.0
	CCoSp3V	2.25	0.61		3.0 3.0 2.0 3.0 2.0 3.0 2.0 3.0 3.0
program components:
	Skating Skills	1.60 8.50 8.75 8.50 8.50 8.75 8.75 8.50 8.75 9.00 8.64
	Transitions	1.60 8.50 8.75 8.25 8.25 9.00 8.50 8.25 8.50 8.75 8.50
	Performance	1.60 8.25 8.75 8.25 7.25 8.50 8.75 8.50 8.50 8.50 8.46
	Composition	1.60 8.50 9.25 8.75 8.50 9.00 8.75 8.75 8.75 9.00 8.79
	Interpretation of the Music	1.60 8.50 9.00 8.50 8.00 8.75 8.50 8.50 8.75 8.75 8.61
deductions:
	falls: 1

name: Marin HONDA
rank: 6
startingNbr: 9
elements:
	3Lz	5.9	0.76		1.0 0.0 1.0 2.0 1.0 2.0 1.0 2.0 1.0
	3F+2T	6.6	0.91		1.0 1.0 2.0 3.0 2.0 2.0 2.0 2.0 1.0
	ChSq1	3.0	1.43		3.0 3.0 3.0 3.0 3.0 3.0 4.0 2.0 2.0
	2S	1.3	0.06		0.0 0.0 0.0 3.0 1.0 1.0 0.0 1.0 0.0
	2A	3.3	0.66		2.0 1.0 2.0 3.0 2.0 3.0 2.0 2.0 1.0
	CCoSp4	3.5	1.05		3.0 4.0 2.0 3.0 3.0 3.0 4.0 3.0 2.0
	2A+3T	8.25	0.9	x	2.0 1.0 3.0 1.0 3.0 2.0 2.0 3.0 2.0
	3Lo<	4.05	-0.42	< x	-1.0 -2.0 -2.0 -1.0 -1.0 0.0 0.0 -1.0 -2.0
	2F+2T<+2Lo<	4.47	-0.44	< x	-1.0 -2.0 -2.0 -4.0 -3.0 -2.0 -3.0 -2.0 -3.0
	StSq3	3.3	0.99		3.0 4.0 2.0 4.0 2.0 3.0 3.0 3.0 3.0
	FCSp4	3.2	1.01		3.0 2.0 2.0 4.0 3.0 4.0 4.0 3.0 3.0
	LSp4	2.7	1.08		4.0 4.0 2.0 4.0 4.0 4.0 5.0 4.0 4.0
program components:
	Skating Skills	1.60 8.00 8.00 8.00 7.50 8.25 8.25 8.25 8.50 8.00 8.11
	Transitions	1.60 8.25 8.00 8.50 8.25 8.50 8.00 8.25 8.25 8.25 8.25
	Performance	1.60 7.75 8.00 8.00 8.00 8.00 8.25 8.50 8.25 8.25 8.11
	Composition	1.60 7.75 8.25 8.50 8.50 8.75 8.00 8.25 8.50 8.00 8.29
	Interpretation of the Music	1.60 8.00 8.25 8.50 8.75 8.50 8.00 8.25 8.50 8.00 8.29
deductions:

name: Maria SOTSKOVA
rank: 7
startingNbr: 8
elements:
	3Lz+3T	10.1	1.01		2.0 1.0 2.0 2.0 0.0 2.0 2.0 1.0 2.0
	3Lo+2Lo	6.6	0.63		1.0 0.0 2.0 1.0 1.0 2.0 1.0 1.0 2.0
	StSq3	3.3	0.75		3.0 2.0 3.0 2.0 2.0 2.0 2.0 2.0 3.0
	2A	3.3	0.71		3.0 1.0 2.0 3.0 1.0 3.0 2.0 2.0 2.0
	CCoSp3V	2.25	0.29		0.0 0.0 1.0 2.0 2.0 3.0 1.0 1.0 2.0
	2A	3.3	0.66		3.0 0.0 2.0 2.0 2.0 3.0 1.0 2.0 2.0
	2F+1Eu<+3S<	5.95	-1.25	< x	-4.0 -3.0 -5.0 -5.0 -5.0 -4.0 -4.0 -2.0 -2.0
	2F	1.98	0.1	x	0.0 0.0 1.0 0.0 0.0 1.0 1.0 1.0 1.0
	3Lo<	4.05	-0.48	< x	-1.0 -3.0 -2.0 -2.0 -1.0 0.0 -1.0 -1.0 -1.0
	FCSp3	2.8	0.28		0.0 0.0 1.0 1.0 1.0 2.0 1.0 1.0 2.0
	ChSq1	3.0	0.64		3.0 1.0 0.0 0.0 1.0 1.0 3.0 1.0 2.0
	LSp4	2.7	0.42		3.0 1.0 1.0 2.0 1.0 2.0 3.0 1.0 1.0
program components:
	Skating Skills	1.60 7.75 7.75 8.25 7.50 8.00 8.00 8.00 7.75 7.75 7.86
	Transitions	1.60 7.75 7.25 8.25 7.25 8.00 7.75 7.75 7.25 7.75 7.64
	Performance	1.60 8.00 7.75 8.00 6.75 7.75 8.00 8.25 7.50 8.25 7.89
	Composition	1.60 7.75 8.00 8.00 7.00 7.75 8.00 8.00 7.50 8.00 7.86
	Interpretation of the Music	1.60 8.25 7.75 8.25 7.00 8.00 7.75 8.25 7.75 8.00 7.96
deductions:

name: Mae Berenice MEITE
rank: 8
startingNbr: 5
elements:
	3Lo+3T	9.1	0.98		2.0 2.0 3.0 2.0 1.0 2.0 2.0 2.0 2.0
	3F<	3.98	-0.96	!	-1.0 -3.0 -3.0 -4.0 -3.0 0.0 -3.0 -1.0 -3.0
	3Lz	5.9	-2.95		-5.0 -5.0 -5.0 -5.0 -5.0 -5.0 -5.0 -5.0 -5.0
	2A	3.3	0.19		0.0 0.0 1.0 0.0 0.0 1.0 1.0 1.0 1.0
	CCoSp4	3.5	0.5		1.0 0.0 2.0 1.0 2.0 2.0 1.0 2.0 1.0
	StSq3	3.3	0.61		2.0 1.0 3.0 2.0 0.0 2.0 3.0 2.0 1.0
	2A+3T<	7.1	-0.52	< x	-1.0 -2.0 -2.0 -2.0 -2.0 -1.0 -2.0 -1.0 -1.0
	ChSq1	3.0	0.71		2.0 2.0 2.0 0.0 2.0 1.0 1.0 1.0 1.0
	3Lz<+2T	6.3	-0.83	< x	-2.0 -2.0 -2.0 -3.0 -2.0 -2.0 -1.0 -2.0 -1.0
	3S	4.73	-0.98	x	-3.0 -3.0 -2.0 -3.0 -2.0 -2.0 -1.0 -2.0 -2.0
	FCSp4	3.2	0.41		1.0 1.0 0.0 2.0 1.0 1.0 2.0 1.0 2.0
	LSp4	2.7	0.31		1.0 0.0 0.0 1.0 2.0 2.0 2.0 1.0 1.0
program components:
	Skating Skills	1.60 6.50 6.75 7.50 6.50 7.25 6.75 6.75 7.25 6.75 6.86
	Transitions	1.60 6.25 6.50 7.00 6.75 6.75 6.50 6.50 6.75 6.25 6.57
	Performance	1.60 6.75 6.75 7.25 7.00 7.00 6.75 7.00 7.25 6.25 6.93
	Composition	1.60 6.75 7.25 0.25 6.75 7.00 6.75 6.75 7.00 6.50 6.79
	Interpretation of the Music	1.60 6.50 7.00 7.75 7.00 7.50 6.50 7.00 7.25 6.00 6.96
deductions:
	falls: 1

name: Laurine LECAVELIER
rank: 9
startingNbr: 2
elements:
	2A+3T	7.5	0.3		0.0 0.0 1.0 1.0 1.0 1.0 1.0 1.0 0.0
	2F	1.8	0.03		0.0 -1.0 0.0 0.0 0.0 1.0 1.0 0.0 0.0
	3T	4.2	0.36		1.0 0.0 1.0 0.0 1.0 1.0 1.0 1.0 2.0
	CCoSp4	3.5	0.65		0.0 1.0 2.0 2.0 3.0 2.0 2.0 2.0 2.0
	StSq1	1.8	0.31		0.0 1.0 2.0 2.0 1.0 2.0 2.0 2.0 2.0
	FCSp4	3.2	0.69		1.0 2.0 2.0 3.0 2.0 3.0 2.0 2.0 2.0
	2A+1Eu<+2S	4.98	-0.52	<	-2.0 -1.0 -2.0 -3.0 -2.0 -1.0 -1.0 -2.0 0.0
	3Lz	6.49	0.42	x	0.0 0.0 1.0 1.0 0.0 2.0 0.0 2.0 1.0
	3Lz+2T	7.92	-0.25	x	-1.0 0.0 0.0 -2.0 -1.0 0.0 -1.0 0.0 0.0
	ChSq1	3.0	0.29		0.0 0.0 1.0 3.0 0.0 2.0 1.0 -1.0 0.0
	3Lo	5.39	-2.45	x	-5.0 -5.0 -5.0 -5.0 -5.0 -5.0 -5.0 -5.0 -5.0
	LSp2	1.9	0.16		0.0 0.0 1.0 1.0 2.0 2.0 1.0 1.0 0.0
program components:
	Skating Skills	1.60 6.50 6.75 7.25 6.25 7.25 7.25 7.25 7.25 7.25 7.07
	Transitions	1.60 6.25 6.00 6.75 5.75 6.75 6.75 6.50 6.50 7.00 6.50
	Performance	1.60 6.50 6.50 7.25 6.75 7.00 7.25 7.25 7.25 7.00 7.00
	Composition	1.60 6.75 6.75 7.50 6.00 6.75 7.00 7.00 6.75 7.25 6.89
	Interpretation of the Music	1.60 6.25 6.50 7.50 6.50 6.75 7.00 7.25 7.00 7.00 6.86
deductions:
	falls: 1

name: Alexia PAGANINI
rank: 10
startingNbr: 4
elements:
	3Lz	5.9	-2.95		-5.0 -5.0 -5.0 -5.0 -5.0 -5.0 -5.0 -5.0 -5.0
	3T+1Eu<<+2S	5.5	-1.32	<<	-3.0 -3.0 -3.0 -4.0 -3.0 -5.0 -3.0 -3.0 -3.0
	3Lo+2T	6.2	0.35		0.0 0.0 1.0 2.0 1.0 1.0 1.0 1.0 0.0
	2A	3.3	0.47		1.0 1.0 1.0 2.0 2.0 1.0 2.0 1.0 2.0
	FCCoSp3	3.0	0.34		2.0 1.0 1.0 1.0 1.0 1.0 1.0 2.0 0.0
	ChSq1	3.0	0.36		1.0 0.0 1.0 0.0 1.0 1.0 2.0 0.0 1.0
	2Lo	1.87	0.0	x	0.0 -1.0 0.0 0.0 0.0 1.0 0.0 0.0 0.0
	3T+2T	6.05	0.24	x	1.0 0.0 0.0 1.0 0.0 0.0 1.0 1.0 1.0
	2A	3.63	0.24	x	1.0 0.0 0.0 0.0 1.0 1.0 1.0 2.0 1.0
	FCLSp4	3.2	0.41		1.0 1.0 1.0 2.0 0.0 2.0 1.0 1.0 2.0
	StSq2	2.6	0.59		3.0 2.0 3.0 1.0 2.0 2.0 2.0 3.0 2.0
	CCoSp4	3.5	0.5		2.0 0.0 1.0 1.0 1.0 2.0 1.0 2.0 2.0
program components:
	Skating Skills	1.60 7.00 6.25 7.25 6.75 7.00 7.00 6.50 6.75 6.75 6.82
	Transitions	1.60 7.00 6.00 7.00 6.25 6.25 6.75 6.00 6.75 6.25 6.46
	Performance	1.60 7.00 6.50 7.00 6.00 6.50 7.00 6.75 7.00 6.50 6.75
	Composition	1.60 6.75 6.75 7.50 6.25 6.50 6.75 6.50 7.00 6.75 6.71
	Interpretation of the Music	1.60 7.25 6.50 7.75 6.00 6.25 7.00 6.75 7.25 6.50 6.79
deductions:
	falls: 1

name: Matilda ALGOTSSON
rank: 11
startingNbr: 3
elements:
	1Lz	0.6	-0.03		0.0 -1.0 -1.0 0.0 0.0 0.0 0.0 -2.0 -1.0
	3Lo+2T	6.2	0.14		0.0 0.0 0.0 1.0 0.0 1.0 1.0 0.0 0.0
	3F	5.3	-0.91	!	-1.0 -2.0 -2.0 -3.0 -2.0 0.0 -1.0 -2.0 -2.0
	3Lo	4.9	0.49		1.0 0.0 0.0 2.0 1.0 2.0 1.0 2.0 0.0
	FCCoSp4	3.5	0.75		2.0 2.0 1.0 3.0 3.0 2.0 2.0 2.0 2.0
	3S+1Eu<+2S	6.58	-0.61	< x	-2.0 -1.0 -1.0 -2.0 -2.0 -1.0 -1.0 -2.0 -1.0
	3S	4.73	0.31	x	1.0 0.0 0.0 1.0 1.0 2.0 1.0 1.0 0.0
	ChSq1	3.0	0.29		0.0 0.0 -1.0 2.0 1.0 1.0 1.0 1.0 0.0
	2A<+2T	4.16	-0.5	< x	-2.0 -2.0 -2.0 -3.0 -2.0 -2.0 -2.0 -2.0 -2.0
	CCoSp4	3.5	0.7		1.0 2.0 0.0 3.0 3.0 1.0 3.0 2.0 2.0
	StSq2	2.6	0.41		1.0 2.0 0.0 2.0 1.0 2.0 2.0 2.0 1.0
	LSp2	1.9	0.33		2.0 1.0 1.0 1.0 3.0 2.0 2.0 2.0 2.0
program components:
	Skating Skills	1.60 6.25 6.25 6.50 6.25 6.50 6.25 6.25 6.50 6.50 6.36
	Transitions	1.60 6.00 5.50 6.00 5.50 6.00 6.00 5.75 6.25 6.00 5.89
	Performance	1.60 6.50 6.25 6.50 5.75 6.75 6.25 6.25 6.00 6.25 6.29
	Composition	1.60 6.50 5.75 6.50 6.25 6.25 6.25 6.00 6.50 6.25 6.29
	Interpretation of the Music	1.60 6.25 5.75 6.00 6.00 6.25 6.00 6.00 6.50 6.00 6.07
deductions:

name: Lea SERNA
rank: 12
startingNbr: 6
elements:
	3Lz+2T	7.2	1.01		2.0 3.0 0.0 2.0 2.0 1.0 2.0 2.0 1.0
	3F<	3.98	-1.99	!	-5.0 -5.0 -5.0 -5.0 -5.0 -5.0 -5.0 -5.0 -5.0
	CCoSp4	3.5	0.7		1.0 1.0 1.0 4.0 3.0 2.0 2.0 3.0 2.0
	3S	4.3	0.25		0.0 0.0 0.0 0.0 1.0 1.0 1.0 1.0 1.0
	FCCoSp3	3.0	0.56		2.0 2.0 0.0 2.0 2.0 2.0 1.0 2.0 2.0
	StSq2	2.6	0.15		1.0 0.0 0.0 1.0 0.0 1.0 1.0 1.0 0.0
	3Lz<	4.43	-2.22	<	-5.0 -5.0 -5.0 -5.0 -5.0 -5.0 -5.0 -5.0 -5.0
	3T	4.62	-2.1	x	-5.0 -5.0 -5.0 -5.0 -5.0 -5.0 -5.0 -5.0 -5.0
	2A	3.63	0.24	x	1.0 0.0 1.0 1.0 0.0 1.0 1.0 0.0 1.0
	3T+2T+2Lo	7.92	0.48	x	2.0 0.0 1.0 2.0 1.0 0.0 1.0 1.0 2.0
	ChSq1	3.0	0.86		2.0 2.0 0.0 2.0 2.0 1.0 3.0 2.0 1.0
	LSp3	2.4	0.45		1.0 2.0 0.0 2.0 3.0 2.0 2.0 2.0 2.0
program components:
	Skating Skills	1.60 6.25 6.00 6.00 6.00 6.50 6.25 6.00 6.25 6.50 6.18
	Transitions	1.60 6.25 5.75 6.25 6.25 6.50 6.00 5.75 6.25 6.00 6.11
	Performance	1.60 6.00 6.25 5.50 6.25 5.75 5.75 6.00 6.25 5.75 5.96
	Composition	1.60 6.25 6.25 6.00 6.50 7.00 6.00 6.00 6.50 6.25 6.25
	Interpretation of the Music	1.60 6.25 6.00 6.25 6.50 6.50 5.75 6.25 6.50 6.00 6.25
deductions:
	falls: 3

