event name: ISU GP Internationaux de France de Patinage 2018
event type: MEN FREE SKATING
name: Nathan CHEN
rank: 1
startingNbr: 9
elements:
	4F	11.0	1.89	!	1.0 2.0 2.0 2.0 2.0 2.0 2.0 1.0 0.0
	4T	9.5	3.53		3.0 4.0 3.0 3.0 4.0 5.0 4.0 4.0 4.0
	3F+3T	9.5	0.45	!	0.0 1.0 1.0 1.0 1.0 1.0 2.0 1.0 -1.0
	3A	8.0	-0.11		1.0 -1.0 -1.0 -2.0 0.0 0.0 1.0 0.0 0.0
	CCSp4	3.2	0.87		2.0 3.0 2.0 3.0 2.0 4.0 3.0 3.0 3.0
	StSq3	3.3	1.08		3.0 3.0 3.0 3.0 2.0 4.0 4.0 4.0 3.0
	4T+3T<	13.92	-0.54	< x	-1.0 1.0 -1.0 -1.0 -1.0 -1.0 0.0 1.0 -1.0
	3Lz+2T+2Lo	9.79	1.35	x	1.0 3.0 2.0 2.0 3.0 2.0 4.0 2.0 2.0
	3Lo	5.39	1.12	x	1.0 0.0 2.0 2.0 3.0 3.0 3.0 3.0 2.0
	ChSq1	3.0	1.5		3.0 3.0 4.0 3.0 3.0 2.0 2.0 4.0 3.0
	FCCoSp4	3.5	1.0		3.0 2.0 3.0 3.0 2.0 3.0 4.0 3.0 3.0
	CCoSp4	3.5	1.2		3.0 4.0 3.0 3.0 2.0 4.0 4.0 4.0 3.0
program components:
	Skating Skills	2.00 8.50 8.25 8.75 9.25 9.00 9.00 8.75 8.75 8.50 8.75
	Transitions	2.00 8.25 8.50 8.25 9.50 8.75 8.75 8.25 8.75 8.25 8.50
	Performance	2.00 8.75 8.50 8.50 9.75 9.25 9.50 8.50 9.00 8.75 8.89
	Composition	2.00 9.00 8.75 8.50 9.50 8.75 9.25 8.75 8.75 8.50 8.82
	Interpretation of the Music	2.00 8.75 8.50 8.75 9.75 9.25 9.00 9.00 8.75 8.75 8.89
deductions:

name: Dmitri ALIEV
rank: 2
startingNbr: 5
elements:
	4T+3T	13.7	1.76		2.0 2.0 3.0 1.0 1.0 0.0 2.0 2.0 3.0
	3T	4.2	1.14		3.0 3.0 2.0 2.0 3.0 3.0 4.0 2.0 3.0
	3A	8.0	2.17		3.0 3.0 3.0 2.0 2.0 2.0 3.0 3.0 3.0
	3F	5.3	1.74		3.0 3.0 3.0 2.0 3.0 4.0 4.0 4.0 3.0
	FCSp3	2.8	0.6		2.0 2.0 2.0 2.0 0.0 2.0 2.0 3.0 3.0
	ChSq1	3.0	-0.57		-1.0 -1.0 -3.0 -3.0 1.0 -1.0 -1.0 -2.0 1.0
	3Lz+1Eu+3S	11.77	0.25	x	1.0 -1.0 1.0 0.0 2.0 -1.0 1.0 1.0 0.0
	3Lo	5.39	0.98	x	2.0 2.0 2.0 2.0 2.0 1.0 3.0 2.0 2.0
	3Lz+2A+SEQ	8.1	-0.93	x	-1.0 -2.0 -2.0 -2.0 -1.0 -4.0 -1.0 -2.0 -1.0
	CCoSp3	3.0	0.43		1.0 2.0 2.0 1.0 0.0 1.0 1.0 2.0 2.0
	StSq3	3.3	0.99		4.0 3.0 2.0 2.0 2.0 4.0 4.0 3.0 3.0
	CSSp4	3.0	0.77		1.0 3.0 3.0 2.0 1.0 3.0 4.0 3.0 3.0
program components:
	Skating Skills	2.00 8.25 7.75 8.50 7.25 8.25 8.00 8.25 8.50 8.50 8.21
	Transitions	2.00 8.00 8.00 8.00 7.50 8.25 7.50 8.00 8.00 8.25 7.96
	Performance	2.00 8.25 8.25 8.25 7.50 8.00 8.00 8.00 7.75 8.00 8.04
	Composition	2.00 8.50 8.00 8.50 7.75 8.50 8.25 8.25 8.25 8.50 8.32
	Interpretation of the Music	2.00 8.25 8.50 8.25 7.50 8.25 8.50 8.50 8.25 8.50 8.36
deductions:

name: Jason BROWN
rank: 3
startingNbr: 11
elements:
	2A	3.3	1.04		1.0 4.0 2.0 2.0 4.0 4.0 4.0 3.0 3.0
	3A+2T	9.3	1.94		0.0 3.0 2.0 2.0 3.0 3.0 3.0 3.0 1.0
	3S	4.3	1.29		1.0 3.0 2.0 3.0 4.0 3.0 4.0 3.0 3.0
	FCSp4	3.2	1.33		4.0 4.0 3.0 4.0 4.0 5.0 5.0 4.0 4.0
	ChSq1	3.0	2.36		5.0 4.0 4.0 5.0 4.0 5.0 5.0 5.0 5.0
	3Lo	4.9	1.61		1.0 4.0 2.0 2.0 4.0 4.0 4.0 4.0 3.0
	3A<+2T+2Lo	9.9	-1.29	< x	-2.0 -2.0 -4.0 -3.0 -1.0 -3.0 -2.0 0.0 -2.0
	3F+2T*	5.83	1.29	* x	1.0 1.0 3.0 3.0 2.0 2.0 3.0 3.0 3.0
	2Lz	2.31	0.39	x	1.0 1.0 2.0 2.0 2.0 1.0 3.0 3.0 2.0
	FCCoSp4	3.5	1.35		3.0 4.0 4.0 4.0 3.0 4.0 5.0 4.0 4.0
	StSq3	3.3	1.23		3.0 4.0 4.0 4.0 3.0 3.0 4.0 4.0 4.0
	CCoSp4	3.5	1.4		4.0 4.0 4.0 4.0 3.0 4.0 4.0 4.0 4.0
program components:
	Skating Skills	2.00 8.75 8.75 9.00 9.00 9.25 8.75 9.00 9.00 8.75 8.89
	Transitions	2.00 8.50 9.00 8.75 9.25 9.00 8.75 9.00 8.50 8.50 8.79
	Performance	2.00 8.75 9.25 9.25 9.00 9.00 9.00 9.25 9.00 8.75 9.04
	Composition	2.00 8.75 9.25 9.00 9.25 9.25 9.00 9.00 8.50 8.50 8.96
	Interpretation of the Music	2.00 9.00 9.00 9.25 9.50 9.25 9.50 9.25 8.75 8.75 9.14
deductions:

name: Alexander SAMARIN
rank: 4
startingNbr: 10
elements:
	4Lz<	8.63	-4.07	<	-5.0 -5.0 -5.0 -4.0 -4.0 -5.0 -5.0 -4.0 -5.0
	4T+2T	10.8	2.85		3.0 2.0 3.0 3.0 3.0 3.0 3.0 4.0 3.0
	3A+2T	9.3	2.06		3.0 3.0 3.0 2.0 3.0 3.0 2.0 2.0 2.0
	CSSp3V	1.95	0.53		2.0 3.0 2.0 3.0 1.0 4.0 3.0 3.0 3.0
	3Lo	4.9	0.77		2.0 0.0 2.0 2.0 1.0 1.0 2.0 2.0 1.0
	StSq2	2.6	0.63		3.0 2.0 2.0 3.0 2.0 3.0 2.0 3.0 2.0
	3A<	6.6	-1.54	< x	-2.0 -3.0 -2.0 -3.0 -3.0 -3.0 -3.0 -1.0 -2.0
	3Lz+1Eu+2S	8.47	0.59	x	1.0 0.0 2.0 1.0 2.0 0.0 1.0 1.0 1.0
	3F	5.83	1.14	x	2.0 2.0 3.0 2.0 1.0 2.0 3.0 2.0 2.0
	FCSp3	2.8	0.6		3.0 2.0 2.0 2.0 1.0 2.0 2.0 3.0 2.0
	ChSq1	3.0	0.86		2.0 0.0 2.0 2.0 1.0 1.0 2.0 2.0 3.0
	CCoSp4	3.5	0.55		1.0 0.0 2.0 2.0 0.0 2.0 3.0 3.0 1.0
program components:
	Skating Skills	2.00 8.50 7.50 8.25 8.75 8.75 8.25 8.00 8.75 8.25 8.39
	Transitions	2.00 8.25 7.50 8.00 8.25 8.50 7.75 7.25 8.75 8.00 8.04
	Performance	2.00 8.50 8.25 8.25 8.50 8.50 8.50 7.75 9.00 8.00 8.36
	Composition	2.00 8.75 7.75 8.50 8.75 8.25 8.00 8.00 8.75 8.25 8.36
	Interpretation of the Music	2.00 8.75 7.75 8.25 8.75 8.25 7.50 8.00 8.75 8.25 8.29
deductions:

name: Kevin AYMOZ
rank: 5
startingNbr: 8
elements:
	4T<	7.13	-2.85	<	-4.0 -4.0 -5.0 -3.0 -4.0 -4.0 -5.0 -2.0 -4.0
	3Lz+3T	10.1	1.01		2.0 1.0 2.0 2.0 2.0 1.0 2.0 2.0 1.0
	3A+2T	9.3	1.14		0.0 1.0 1.0 2.0 3.0 0.0 2.0 3.0 1.0
	2Lo	1.7	0.02		0.0 0.0 0.0 0.0 1.0 0.0 0.0 2.0 0.0
	CCSp4	3.2	0.59		1.0 2.0 1.0 2.0 2.0 3.0 2.0 3.0 1.0
	3A	8.0	2.74		3.0 4.0 3.0 3.0 4.0 3.0 4.0 4.0 2.0
	3Lz+1Eu+3S<	10.59	-2.61	< x	-4.0 -5.0 -4.0 -5.0 -3.0 -5.0 -5.0 -2.0 -5.0
	3Fe	4.38	-1.02	e x	-2.0 -3.0 -3.0 -3.0 -2.0 -3.0 -3.0 -1.0 -2.0
	ChSq1	3.0	1.21		2.0 3.0 2.0 2.0 2.0 0.0 4.0 3.0 3.0
	FSSp4	3.0	0.34		1.0 1.0 1.0 1.0 0.0 1.0 1.0 3.0 2.0
	CCoSp3	3.0	0.26		0.0 0.0 1.0 1.0 0.0 2.0 1.0 2.0 1.0
	StSq4	3.9	1.17		3.0 2.0 2.0 3.0 1.0 4.0 3.0 4.0 4.0
program components:
	Skating Skills	2.00 7.50 7.75 7.50 7.50 8.25 7.50 7.75 8.50 8.25 7.79
	Transitions	2.00 7.25 8.00 7.50 8.25 8.75 8.50 7.75 8.25 8.00 8.04
	Performance	2.00 7.75 8.50 7.75 8.00 8.75 8.00 8.50 8.25 8.00 8.14
	Composition	2.00 8.00 8.25 8.00 7.75 8.50 9.00 8.00 8.25 8.00 8.14
	Interpretation of the Music	2.00 7.75 8.50 8.00 8.25 8.50 8.75 8.50 8.25 8.25 8.32
deductions:

name: Romain PONSART
rank: 6
startingNbr: 6
elements:
	4T	9.5	3.66		3.0 4.0 2.0 4.0 4.0 4.0 4.0 4.0 4.0
	2T+2T	2.6	0.07		0.0 2.0 0.0 0.0 2.0 0.0 1.0 0.0 1.0
	3A	8.0	1.83		2.0 1.0 2.0 2.0 3.0 2.0 3.0 3.0 2.0
	StSq3	3.3	0.66		1.0 3.0 2.0 2.0 2.0 3.0 2.0 2.0 1.0
	3F+1Eu+3S	10.1	1.36		2.0 4.0 2.0 2.0 3.0 3.0 4.0 2.0 2.0
	FCSp4	3.2	0.82		3.0 3.0 2.0 3.0 2.0 2.0 4.0 3.0 2.0
	1A	1.21	-0.2	x	-2.0 -2.0 -2.0 0.0 -2.0 -2.0 -2.0 -1.0 -2.0
	3Lz	6.49	0.84	x	1.0 1.0 2.0 0.0 2.0 0.0 2.0 2.0 2.0
	3Lo	5.39	0.63	x	1.0 1.0 1.0 2.0 1.0 0.0 3.0 2.0 1.0
	CCoSp3	3.0	0.56		1.0 2.0 2.0 2.0 2.0 2.0 3.0 2.0 1.0
	ChSq1	3.0	0.93		2.0 2.0 2.0 2.0 1.0 0.0 4.0 2.0 2.0
	CCoSp3*	0.0	0.0	*	0.0 0.0 0.0 0.0 0.0 0.0 0.0 0.0 0.0
program components:
	Skating Skills	2.00 7.50 7.75 7.75 7.75 8.50 7.75 7.75 8.00 8.00 7.82
	Transitions	2.00 7.25 7.50 7.50 8.00 8.00 7.50 7.50 7.75 7.50 7.61
	Performance	2.00 7.50 8.25 8.00 7.50 8.50 8.25 8.00 7.75 7.75 7.93
	Composition	2.00 7.25 8.00 7.75 8.25 8.00 7.25 7.75 7.75 7.75 7.75
	Interpretation of the Music	2.00 7.50 7.75 7.50 8.00 8.00 7.75 8.25 8.00 8.00 7.86
deductions:

name: Deniss VASILJEVS
rank: 7
startingNbr: 7
elements:
	4T<	7.13	-3.57	<	-5.0 -5.0 -5.0 -5.0 -5.0 -5.0 -5.0 -5.0 -5.0
	3A<+3T	10.2	-1.37	<	-2.0 -2.0 -3.0 -3.0 0.0 -4.0 -3.0 -1.0 -2.0
	2Lo+2T	3.0	0.02		0.0 0.0 0.0 0.0 0.0 0.0 1.0 1.0 0.0
	ChSq1	3.0	1.93		4.0 4.0 3.0 3.0 4.0 4.0 4.0 4.0 4.0
	FCSp4	3.2	0.55		2.0 1.0 1.0 2.0 1.0 2.0 2.0 3.0 2.0
	1A	1.1	-0.27		-2.0 -2.0 -3.0 -3.0 -3.0 -4.0 -2.0 -2.0 -2.0
	3Lz+1Eu+3S	11.77	1.26	x	1.0 2.0 2.0 2.0 3.0 2.0 3.0 2.0 2.0
	3F	5.83	1.21	x	2.0 2.0 1.0 2.0 2.0 3.0 3.0 3.0 2.0
	3Lz<	4.87	-0.95	< x	-2.0 -2.0 -3.0 -3.0 -1.0 -3.0 -2.0 0.0 -2.0
	CCoSp4	3.5	1.05		2.0 3.0 3.0 3.0 2.0 4.0 3.0 4.0 3.0
	StSq3	3.3	0.85		3.0 2.0 2.0 2.0 1.0 5.0 3.0 3.0 3.0
	FCCoSp2V	1.88	0.59		4.0 2.0 3.0 3.0 2.0 4.0 4.0 3.0 3.0
program components:
	Skating Skills	2.00 8.25 7.50 7.75 8.25 8.00 7.25 7.50 7.75 8.25 7.86
	Transitions	2.00 8.00 7.50 7.50 8.50 8.25 7.25 7.50 7.75 8.00 7.79
	Performance	2.00 8.00 8.00 7.75 8.00 8.00 8.25 7.75 7.50 8.00 7.93
	Composition	2.00 8.50 8.25 8.00 8.25 8.25 7.75 8.00 7.50 8.25 8.11
	Interpretation of the Music	2.00 8.50 8.00 7.75 8.50 8.50 8.25 8.50 7.50 8.25 8.25
deductions:
	falls: 1

name: Keiji TANAKA
rank: 8
startingNbr: 3
elements:
	4S<	7.28	-3.12	<	-4.0 -5.0 -4.0 -5.0 -4.0 -4.0 -5.0 -3.0 -4.0
	3A	8.0	2.63		3.0 4.0 3.0 3.0 4.0 3.0 4.0 3.0 3.0
	3S+2T	5.6	0.74		1.0 2.0 2.0 2.0 2.0 3.0 0.0 2.0 1.0
	CSSp3	2.6	0.45		2.0 3.0 0.0 1.0 2.0 2.0 1.0 2.0 2.0
	StSq3	3.3	0.75		3.0 3.0 2.0 2.0 1.0 4.0 2.0 2.0 2.0
	3A+REP	5.6	-2.97		-4.0 -3.0 -3.0 -4.0 -3.0 -4.0 -5.0 -4.0 -4.0
	3Lz	6.49	-1.94	x	-3.0 -3.0 -3.0 -3.0 -3.0 -4.0 -4.0 -4.0 -3.0
	3F+3T	10.45	0.83	x	1.0 2.0 2.0 2.0 2.0 1.0 1.0 2.0 1.0
	FCSp4	3.2	0.69		2.0 2.0 2.0 2.0 0.0 2.0 3.0 2.0 3.0
	3Lo<	4.05	-0.79	< x	-2.0 -2.0 -2.0 -3.0 -2.0 -3.0 -2.0 -1.0 -2.0
	ChSq1	3.0	1.57		4.0 3.0 3.0 4.0 3.0 2.0 3.0 3.0 3.0
	CCoSp4	3.5	0.7		1.0 2.0 2.0 2.0 1.0 3.0 3.0 2.0 2.0
program components:
	Skating Skills	2.00 8.00 8.00 7.50 7.25 7.50 8.25 7.75 6.75 8.25 7.75
	Transitions	2.00 7.50 7.25 7.25 7.00 7.25 6.75 7.00 6.50 7.75 7.14
	Performance	2.00 7.50 7.50 7.50 6.75 7.75 8.00 7.00 6.50 7.75 7.39
	Composition	2.00 7.75 7.25 7.25 7.25 7.25 7.50 7.25 6.50 8.00 7.36
	Interpretation of the Music	2.00 7.50 8.00 7.50 7.25 7.50 7.50 7.50 6.75 8.25 7.54
deductions:

name: Daniel SAMOHIN
rank: 9
startingNbr: 2
elements:
	4T+3T	13.7	2.85		2.0 3.0 4.0 3.0 5.0 2.0 3.0 3.0 3.0
	4S	9.7	2.49		1.0 3.0 3.0 3.0 3.0 0.0 2.0 3.0 3.0
	3Lo	4.9	-2.45		-5.0 -5.0 -5.0 -5.0 -5.0 -5.0 -4.0 -5.0 -5.0
	FCSp3	2.8	0.12		1.0 0.0 -1.0 0.0 0.0 0.0 1.0 1.0 2.0
	ChSq1	3.0	0.64		2.0 0.0 2.0 0.0 1.0 1.0 1.0 2.0 3.0
	3Lz+2T	7.2	0.42		1.0 0.0 1.0 1.0 1.0 0.0 0.0 1.0 1.0
	CSSp3	2.6	0.04		0.0 0.0 0.0 0.0 0.0 1.0 0.0 0.0 1.0
	3Lz	6.49	1.69	x	2.0 3.0 2.0 3.0 3.0 3.0 3.0 3.0 3.0
	3A	8.8	-4.0	x	-5.0 -5.0 -5.0 -5.0 -5.0 -5.0 -5.0 -5.0 -5.0
	3A+REP	6.16	-4.0	x	-5.0 -4.0 -5.0 -5.0 -5.0 -5.0 -5.0 -5.0 -5.0
	CCoSp	0.0	0.0		0.0 0.0 0.0 0.0 0.0 0.0 0.0 0.0 0.0
	StSq2	2.6	0.41		0.0 2.0 2.0 2.0 2.0 0.0 3.0 1.0 2.0
program components:
	Skating Skills	2.00 7.75 7.00 7.50 7.00 8.25 7.50 7.25 6.75 7.75 7.39
	Transitions	2.00 7.25 6.50 7.00 6.75 7.50 7.00 6.50 6.50 7.75 6.93
	Performance	2.00 7.25 6.75 7.25 6.50 7.75 7.25 6.50 6.75 7.50 7.04
	Composition	2.00 7.50 7.00 7.50 7.00 8.00 7.00 7.25 6.75 8.00 7.32
	Interpretation of the Music	2.00 7.25 6.75 7.25 6.75 7.75 6.75 7.00 6.75 8.00 7.07
deductions:
	falls: 3

name: Boyang JIN
rank: 10
startingNbr: 4
elements:
	4Lz	11.5	3.12		1.0 3.0 2.0 3.0 4.0 2.0 3.0 3.0 3.0
	2S	1.3	0.07		0.0 1.0 0.0 0.0 1.0 0.0 1.0 1.0 1.0
	2T	1.3	0.0		0.0 0.0 0.0 0.0 -1.0 0.0 0.0 0.0 0.0
	FCSp4	3.2	0.55		2.0 1.0 2.0 3.0 1.0 2.0 2.0 2.0 1.0
	StSq3	3.3	0.66		2.0 3.0 2.0 2.0 2.0 0.0 3.0 2.0 1.0
	4T<+2T	8.43	-2.65	<	-3.0 -3.0 -5.0 -4.0 -3.0 -4.0 -5.0 0.0 -4.0
	3A	8.8	-1.94	x	-2.0 -3.0 -2.0 -2.0 -2.0 -4.0 -2.0 -3.0 -3.0
	1A	1.21	0.08	x	1.0 2.0 0.0 0.0 1.0 1.0 1.0 0.0 1.0
	3Lz+2T*	6.49	-1.26	* x	-2.0 -2.0 -2.0 -3.0 -1.0 -3.0 -2.0 -2.0 -2.0
	CSSp3	2.6	0.41		0.0 1.0 1.0 2.0 1.0 2.0 2.0 2.0 2.0
	CCoSp2	2.5	0.32		1.0 1.0 2.0 2.0 1.0 1.0 1.0 2.0 1.0
	ChSq1	3.0	0.71		2.0 -1.0 2.0 3.0 1.0 -1.0 2.0 3.0 1.0
program components:
	Skating Skills	2.00 7.75 7.75 7.75 7.75 8.00 7.75 8.00 8.25 7.75 7.82
	Transitions	2.00 7.00 7.00 7.25 8.00 7.25 6.00 7.50 8.00 7.50 7.36
	Performance	2.00 7.50 7.50 7.50 7.25 7.50 5.25 7.25 7.75 7.75 7.46
	Composition	2.00 7.50 7.00 7.25 8.00 7.50 5.75 7.75 8.25 8.00 7.57
	Interpretation of the Music	2.00 7.25 7.75 7.50 8.00 7.75 5.50 7.50 8.25 8.00 7.68
deductions:

