event name: ISU GP Internationaux de France de Patinage 2018
event type: LADIES SHORT PROGRAM
name: Mai MIHARA
rank: 1
startingNbr: 10
elements:
	3Lz+3T<	9.05	-0.76	<	-1.0 -2.0 -2.0 -2.0 -1.0 0.0 0.0 -1.0 -2.0
	2A	3.3	0.9		3.0 2.0 2.0 4.0 4.0 3.0 2.0 3.0 2.0
	FSSp4	3.0	0.43		1.0 1.0 2.0 2.0 1.0 3.0 0.0 2.0 1.0
	3F	5.83	1.36	x	3.0 1.0 2.0 3.0 2.0 3.0 3.0 3.0 2.0
	CCoSp4	3.5	0.85		4.0 2.0 2.0 3.0 3.0 2.0 2.0 3.0 2.0
	StSq3	3.3	0.94		4.0 3.0 2.0 4.0 3.0 4.0 2.0 2.0 2.0
	LSp4	2.7	0.96		4.0 4.0 2.0 4.0 3.0 4.0 4.0 3.0 3.0
program components:
	Skating Skills	0.80 8.25 8.00 8.00 8.00 9.00 8.25 8.00 8.50 7.75 8.14
	Transitions	0.80 8.50 8.25 7.75 7.75 8.50 8.00 8.00 8.00 7.75 8.04
	Performance	0.80 8.50 8.25 8.25 8.00 9.00 8.25 8.00 8.25 8.00 8.21
	Composition	0.80 8.25 8.25 8.00 8.25 9.00 8.00 8.25 8.00 8.00 8.14
	Interpretation of the Music	0.80 8.50 8.00 8.00 8.50 9.25 8.00 8.00 8.50 7.75 8.21
deductions:

name: Rika KIHIRA
rank: 2
startingNbr: 6
elements:
	1A*	0.0	0.0	*	0.0 0.0 0.0 0.0 0.0 0.0 0.0 0.0 0.0
	3F+3T	9.5	1.44		3.0 2.0 3.0 4.0 3.0 2.0 3.0 3.0 2.0
	FSSp4	3.0	0.64		3.0 1.0 2.0 3.0 2.0 2.0 2.0 2.0 2.0
	3Lz	6.49	1.94	x	3.0 2.0 4.0 5.0 4.0 3.0 4.0 3.0 2.0
	CCoSp4	3.5	1.1		3.0 2.0 3.0 4.0 3.0 3.0 4.0 3.0 3.0
	StSq3	3.3	0.94		3.0 3.0 3.0 4.0 2.0 2.0 3.0 3.0 3.0
	LSp4	2.7	0.96		4.0 3.0 4.0 5.0 3.0 3.0 5.0 3.0 3.0
program components:
	Skating Skills	0.80 8.00 8.25 8.25 8.00 8.25 7.75 8.00 8.00 8.25 8.11
	Transitions	0.80 7.75 8.00 8.00 7.75 8.00 7.50 8.00 7.75 7.75 7.86
	Performance	0.80 7.75 8.25 8.00 8.00 8.00 7.75 8.25 7.75 8.00 7.96
	Composition	0.80 8.00 8.25 8.00 8.50 8.50 7.75 8.00 8.00 8.00 8.11
	Interpretation of the Music	0.80 8.00 8.00 7.75 8.25 8.50 7.75 8.25 8.25 8.25 8.11
deductions:

name: Evgenia MEDVEDEVA
rank: 3
startingNbr: 12
elements:
	3Lz	5.9	0.34	!	2.0 0.0 0.0 -1.0 1.0 2.0 1.0 0.0 0.0
	2A	3.3	0.94		3.0 2.0 2.0 3.0 3.0 4.0 4.0 3.0 2.0
	CSp4	2.6	0.78		3.0 3.0 2.0 4.0 2.0 4.0 3.0 3.0 3.0
	3F+2T	7.26	0.3	x	0.0 0.0 0.0 -1.0 0.0 2.0 3.0 1.0 1.0
	StSq3	3.3	1.04		3.0 3.0 2.0 3.0 3.0 4.0 3.0 3.0 4.0
	FSSp4	3.0	0.9		3.0 3.0 3.0 3.0 3.0 3.0 4.0 3.0 3.0
	CCoSp3V	2.25	0.74		2.0 3.0 3.0 4.0 3.0 4.0 4.0 2.0 4.0
program components:
	Skating Skills	0.80 8.50 8.50 8.00 8.50 9.00 8.50 9.25 8.75 8.75 8.64
	Transitions	0.80 8.50 8.75 8.00 8.50 9.25 8.50 9.25 8.50 8.50 8.64
	Performance	0.80 8.75 8.50 8.25 8.50 9.25 8.50 9.50 8.00 8.75 8.64
	Composition	0.80 8.75 9.00 8.00 9.00 9.25 8.50 9.25 8.75 9.00 8.89
	Interpretation of the Music	0.80 8.75 8.50 8.25 8.75 9.25 8.75 9.25 8.75 9.00 8.82
deductions:

name: Marin HONDA
rank: 4
startingNbr: 5
elements:
	3Lo<+3T<	6.83	-0.68	<	-2.0 -4.0 -1.0 -2.0 -3.0 1.0 -1.0 -3.0 -1.0
	2A	3.3	0.85		3.0 1.0 2.0 3.0 3.0 3.0 3.0 2.0 2.0
	FSSp4	3.0	0.43		2.0 0.0 1.0 2.0 0.0 2.0 2.0 2.0 1.0
	3F	5.83	1.29	x	2.0 1.0 2.0 4.0 3.0 2.0 3.0 3.0 2.0
	LSp4	2.7	0.85		4.0 2.0 2.0 5.0 3.0 3.0 4.0 3.0 3.0
	StSq3	3.3	1.23		3.0 4.0 3.0 4.0 4.0 4.0 4.0 4.0 3.0
	CCoSp4	3.5	1.0		4.0 1.0 2.0 4.0 2.0 3.0 3.0 3.0 3.0
program components:
	Skating Skills	0.80 8.00 8.00 7.50 7.50 8.50 8.00 8.00 7.75 7.25 7.82
	Transitions	0.80 8.00 8.25 8.00 7.25 8.25 7.75 8.25 8.00 7.50 7.96
	Performance	0.80 8.25 8.00 7.50 7.75 8.50 8.00 8.50 8.00 7.25 8.00
	Composition	0.80 7.75 8.25 7.75 8.25 8.50 8.00 8.25 7.75 7.50 8.00
	Interpretation of the Music	0.80 8.00 8.50 8.25 8.00 8.75 8.00 8.25 8.00 7.25 8.14
deductions:

name: Maria SOTSKOVA
rank: 5
startingNbr: 11
elements:
	3Lz<+3T<	7.58	-1.58	<	-4.0 -4.0 -2.0 -4.0 -4.0 0.0 -4.0 -3.0 -4.0
	FCSp4	3.2	0.55		1.0 1.0 2.0 2.0 1.0 3.0 2.0 2.0 2.0
	CCoSp4	3.5	0.6		1.0 0.0 1.0 2.0 2.0 2.0 2.0 2.0 3.0
	2A	3.3	0.33		0.0 0.0 1.0 1.0 0.0 2.0 1.0 2.0 2.0
	3Lo	5.39	0.84	x	0.0 0.0 2.0 3.0 1.0 3.0 2.0 2.0 2.0
	StSq2	2.6	0.67		2.0 2.0 3.0 3.0 2.0 3.0 3.0 2.0 4.0
	LSp4	2.7	0.42		1.0 0.0 1.0 3.0 1.0 2.0 2.0 2.0 2.0
program components:
	Skating Skills	0.80 7.50 7.50 8.00 7.50 7.75 8.00 8.00 8.25 7.75 7.79
	Transitions	0.80 8.25 6.75 8.25 7.25 7.75 7.75 8.00 7.75 7.75 7.79
	Performance	0.80 7.75 7.50 8.25 8.25 8.25 7.75 8.50 8.00 8.25 8.07
	Composition	0.80 7.50 7.25 8.25 7.50 8.00 7.75 8.25 8.25 8.00 7.89
	Interpretation of the Music	0.80 8.25 7.50 8.50 7.75 8.00 7.75 8.25 8.00 8.25 8.04
deductions:

name: Bradie TENNELL
rank: 6
startingNbr: 7
elements:
	3Lz<	4.43	-1.46	<	-3.0 -4.0 -3.0 -3.0 -3.0 -3.0 -4.0 -3.0 -4.0
	FCSp4	3.2	0.87		2.0 3.0 3.0 2.0 2.0 3.0 3.0 3.0 3.0
	StSq4	3.9	0.67		1.0 1.0 2.0 3.0 1.0 2.0 2.0 2.0 2.0
	2A	3.3	0.71		2.0 2.0 2.0 4.0 2.0 2.0 3.0 2.0 2.0
	3F<+3T<	7.84	-1.25	< x	-3.0 -4.0 -3.0 -3.0 -3.0 -1.0 -2.0 -4.0 -4.0
	LSp4	2.7	0.69		2.0 3.0 2.0 4.0 2.0 3.0 3.0 2.0 3.0
	CCoSp3	3.0	1.11		4.0 4.0 3.0 5.0 3.0 3.0 5.0 3.0 4.0
program components:
	Skating Skills	0.80 8.00 7.75 7.50 8.50 7.75 8.00 8.00 8.00 8.25 7.96
	Transitions	0.80 7.75 7.50 7.75 8.00 8.00 7.75 8.00 7.75 8.25 7.86
	Performance	0.80 7.75 7.75 7.25 8.50 7.75 7.75 8.25 7.50 7.75 7.79
	Composition	0.80 7.75 8.00 7.50 8.75 8.00 7.75 8.25 7.75 8.00 7.93
	Interpretation of the Music	0.80 7.75 7.75 8.00 8.25 8.00 8.00 8.25 8.00 8.00 8.00
deductions:

name: Mae Berenice MEITE
rank: 7
startingNbr: 2
elements:
	3T+3T	8.4	0.84		3.0 2.0 2.0 2.0 2.0 2.0 2.0 2.0 2.0
	3Lz	5.9	0.51		2.0 0.0 0.0 0.0 0.0 2.0 1.0 1.0 2.0
	FCSp4	3.2	0.41		1.0 2.0 2.0 0.0 0.0 2.0 2.0 2.0 0.0
	CCoSp4	3.5	0.5		1.0 0.0 2.0 2.0 1.0 2.0 2.0 1.0 1.0
	StSq3	3.3	0.47		1.0 1.0 2.0 2.0 0.0 2.0 2.0 1.0 1.0
	2A	3.63	0.52	x	2.0 0.0 1.0 2.0 1.0 2.0 2.0 2.0 1.0
	LSp3	2.4	0.17		1.0 0.0 0.0 0.0 1.0 1.0 1.0 1.0 1.0
program components:
	Skating Skills	0.80 6.25 6.75 6.75 6.75 7.25 6.50 6.75 6.75 6.25 6.64
	Transitions	0.80 6.25 6.75 7.25 7.25 7.00 6.25 6.50 6.50 6.25 6.64
	Performance	0.80 6.50 7.25 7.50 7.50 7.25 6.50 7.00 6.75 6.50 6.96
	Composition	0.80 6.50 7.25 7.25 7.50 7.00 6.50 6.75 6.75 6.50 6.86
	Interpretation of the Music	0.80 6.50 7.00 7.25 7.00 7.25 6.25 6.75 6.50 6.50 6.79
deductions:

name: Alexia PAGANINI
rank: 8
startingNbr: 4
elements:
	3Lz+3T	10.1	1.01		3.0 0.0 2.0 2.0 2.0 1.0 2.0 1.0 2.0
	3Lo	4.9	0.7		1.0 0.0 1.0 3.0 1.0 2.0 1.0 2.0 2.0
	FCSp3	2.8	0.52		2.0 1.0 2.0 3.0 0.0 2.0 2.0 2.0 2.0
	2A	3.63	-1.65	x	-5.0 -5.0 -5.0 -5.0 -5.0 -5.0 -5.0 -5.0 -5.0
	LSp4	2.7	0.42		2.0 0.0 2.0 2.0 1.0 2.0 2.0 1.0 1.0
	StSq2	2.6	0.52		2.0 2.0 2.0 3.0 1.0 1.0 2.0 3.0 2.0
	CCoSp3V	2.25	0.0		0.0 0.0 1.0 1.0 -1.0 0.0 -1.0 0.0 0.0
program components:
	Skating Skills	0.80 7.25 6.25 7.00 7.00 7.00 6.25 6.50 7.25 6.75 6.82
	Transitions	0.80 7.25 6.25 7.25 7.50 6.50 6.00 6.25 7.00 6.50 6.71
	Performance	0.80 7.00 6.50 6.75 7.00 7.25 6.25 6.75 7.50 6.50 6.82
	Composition	0.80 7.00 6.50 7.00 7.75 6.75 6.25 6.75 7.25 6.75 6.86
	Interpretation of the Music	0.80 7.25 6.75 7.50 7.25 7.00 6.25 6.75 7.50 6.50 7.00
deductions:
	falls: 1

name: Lea SERNA
rank: 9
startingNbr: 1
elements:
	3Lz	5.9	0.93		2.0 2.0 2.0 2.0 2.0 1.0 0.0 1.0 1.0
	3T+3T<	7.35	-1.74	<	-5.0 -4.0 -4.0 -4.0 -4.0 -4.0 -4.0 -4.0 -5.0
	FCSp4	3.2	0.46		2.0 1.0 1.0 2.0 1.0 2.0 1.0 2.0 1.0
	2A	3.63	0.24	x	0.0 0.0 1.0 0.0 1.0 1.0 1.0 1.0 1.0
	CCoSp4	3.5	0.75		1.0 2.0 2.0 4.0 2.0 2.0 2.0 3.0 2.0
	StSq3	3.3	0.28		0.0 0.0 1.0 1.0 1.0 1.0 1.0 2.0 1.0
	LSp3	2.4	0.48		2.0 1.0 2.0 2.0 3.0 2.0 2.0 2.0 2.0
program components:
	Skating Skills	0.80 6.50 5.75 6.75 6.50 6.50 6.00 5.50 6.50 5.75 6.21
	Transitions	0.80 6.50 5.50 7.00 7.25 5.75 5.75 5.25 6.00 5.50 6.00
	Performance	0.80 6.25 6.00 7.25 7.50 6.00 6.00 5.50 6.25 5.75 6.21
	Composition	0.80 6.25 6.00 7.00 7.00 6.00 6.00 5.50 6.50 6.00 6.25
	Interpretation of the Music	0.80 6.25 5.75 6.75 6.75 6.25 5.75 5.75 6.25 5.50 6.11
deductions:

name: Stanislava KONSTANTINOVA
rank: 10
startingNbr: 9
elements:
	1Lz*	0.0	0.0	*	0.0 0.0 0.0 0.0 0.0 0.0 0.0 0.0 0.0
	LSp4	2.7	0.96		3.0 4.0 3.0 5.0 1.0 4.0 5.0 3.0 3.0
	FCSp4	3.2	1.05		3.0 3.0 4.0 4.0 2.0 3.0 4.0 3.0 3.0
	2A	3.3	0.71		2.0 1.0 2.0 3.0 2.0 3.0 2.0 2.0 2.0
	3Lo<+2T	5.48	-1.31	< x	-4.0 -3.0 -3.0 -5.0 -4.0 -3.0 -3.0 -4.0 -4.0
	CCoSp4	3.5	1.05		2.0 2.0 3.0 4.0 3.0 3.0 5.0 3.0 3.0
	StSq2	2.6	0.56		2.0 1.0 1.0 3.0 1.0 4.0 4.0 2.0 2.0
program components:
	Skating Skills	0.80 8.00 7.75 7.75 8.25 7.50 8.00 8.00 8.00 8.00 7.93
	Transitions	0.80 7.75 7.00 7.75 8.00 7.00 8.00 8.00 7.50 8.00 7.71
	Performance	0.80 7.50 7.00 7.25 7.50 7.00 7.75 8.25 7.50 7.75 7.46
	Composition	0.80 8.00 7.50 8.00 7.75 7.50 8.25 8.50 7.75 8.25 7.93
	Interpretation of the Music	0.80 7.75 7.00 8.25 7.75 7.50 8.25 8.50 7.50 8.00 7.86
deductions:

name: Laurine LECAVELIER
rank: 11
startingNbr: 8
elements:
	3T+3T<	7.35	-0.72	<	-2.0 -2.0 -2.0 -2.0 -2.0 -1.0 -1.0 -1.0 -2.0
	3Lz<<	2.1	-1.05	<<	-5.0 -5.0 -5.0 -5.0 -5.0 -5.0 -5.0 -4.0 -5.0
	CCoSp4	3.5	0.55		1.0 1.0 2.0 1.0 1.0 2.0 2.0 2.0 2.0
	StSq2	2.6	0.41		2.0 0.0 2.0 2.0 1.0 2.0 2.0 1.0 1.0
	2A	3.63	0.0	x	0.0 0.0 0.0 0.0 0.0 0.0 0.0 1.0 0.0
	FCSp3	2.8	0.32		2.0 0.0 0.0 2.0 0.0 2.0 1.0 2.0 1.0
	LSp2	1.9	0.16		1.0 0.0 0.0 1.0 1.0 1.0 1.0 1.0 1.0
program components:
	Skating Skills	0.80 7.25 7.25 6.75 5.75 7.00 7.00 7.25 7.50 7.50 7.14
	Transitions	0.80 7.00 6.75 7.00 5.50 6.50 6.75 7.00 7.00 7.25 6.86
	Performance	0.80 7.00 6.75 6.50 6.25 6.50 7.00 7.25 7.00 7.25 6.86
	Composition	0.80 7.25 7.25 7.25 5.75 6.75 7.00 7.25 7.25 7.50 7.14
	Interpretation of the Music	0.80 7.25 7.00 7.50 6.00 6.50 7.00 7.50 7.25 7.50 7.14
deductions:

name: Matilda ALGOTSSON
rank: 12
startingNbr: 3
elements:
	3Lz+2T	7.2	-1.77		-3.0 -3.0 -3.0 -3.0 -3.0 -3.0 -3.0 -2.0 -4.0
	3Lo<	3.68	-1.31	<	-4.0 -3.0 -4.0 -2.0 -3.0 -4.0 -4.0 -3.0 -4.0
	CCoSp4	3.5	0.8		2.0 2.0 2.0 3.0 3.0 2.0 2.0 3.0 2.0
	StSq2	2.6	0.3		1.0 2.0 1.0 1.0 2.0 1.0 1.0 1.0 1.0
	2A	3.63	0.0	x	0.0 0.0 0.0 0.0 0.0 1.0 0.0 0.0 0.0
	FCSp3	2.8	0.28		1.0 1.0 0.0 1.0 1.0 2.0 1.0 1.0 1.0
	LSp2	1.9	0.43		2.0 2.0 1.0 2.0 4.0 2.0 3.0 3.0 2.0
program components:
	Skating Skills	0.80 6.25 6.25 6.25 5.75 5.75 6.25 6.00 6.75 5.75 6.07
	Transitions	0.80 6.00 6.50 6.00 6.50 6.00 5.75 5.75 6.25 5.50 6.04
	Performance	0.80 6.00 6.50 6.25 6.25 6.00 6.00 6.25 6.50 6.00 6.18
	Composition	0.80 6.00 6.50 6.50 6.50 6.00 6.25 6.00 6.50 6.00 6.25
	Interpretation of the Music	0.80 6.00 6.25 6.25 6.00 6.25 6.00 6.25 6.50 5.75 6.14
deductions:

