event name: ISU GP Internationaux de France de Patinage 2018
event type: PAIRS FREE SKATING
name: Vanessa JAMES / Morgan CIPRES
rank: 1
startingNbr: 4
elements:
	3Tw4	6.0	2.14		3.0 4.0 1.0 3.0 4.0 4.0 4.0 4.0 3.0
	3T+2T+2T	6.8	1.14		3.0 4.0 2.0 2.0 3.0 2.0 2.0 3.0 4.0
	2S	1.3	-0.24		-2.0 -2.0 -2.0 -3.0 -2.0 -2.0 0.0 -2.0 -1.0
	3Li3	4.7	1.68		5.0 3.0 3.0 3.0 4.0 3.0 2.0 4.0 5.0
	PCoSp4	4.5	1.35		3.0 4.0 2.0 2.0 4.0 3.0 3.0 3.0 3.0
	3FTh	5.3	1.74		2.0 4.0 3.0 3.0 2.0 4.0 3.0 4.0 4.0
	ChSq1	3.0	2.07		4.0 4.0 3.0 4.0 5.0 4.0 4.0 4.0 5.0
	5ALi3	6.6	1.98		4.0 2.0 1.0 2.0 3.0 3.0 3.0 4.0 4.0
	3STh	4.4	1.38		3.0 3.0 2.0 2.0 3.0 3.0 4.0 4.0 4.0
	FiDs4	3.8	0.81		2.0 0.0 1.0 2.0 3.0 2.0 4.0 3.0 2.0
	5BLi4	6.5	2.04		4.0 3.0 2.0 2.0 4.0 4.0 3.0 2.0 4.0
program components:
#	Info	GOE J1 J2 J3 J4 J5 J6 J7 J8 J9 Ref
	Skating Skills	1.60 8.75 8.75 8.75 8.50 9.00 9.00 8.75 8.75 9.00 8.82
	Transitions	1.60 8.75 8.75 8.50 8.75 9.50 8.75 8.50 8.75 9.00 8.75
	Performance	1.60 9.00 9.25 8.75 8.50 9.50 9.50 8.75 9.00 9.75 9.11
	Composition	1.60 8.75 9.00 8.75 8.75 9.25 9.25 8.75 9.00 9.25 8.96
	Interpretation of the Music	1.60 8.75 9.25 8.50 9.00 9.25 9.25 8.75 9.25 9.25 9.07
deductions:

name: Tarah KAYNE / Danny O'SHEA
rank: 2
startingNbr: 5
elements:
	3Tw2	5.4	0.85		1.0 2.0 0.0 1.0 3.0 3.0 2.0 1.0 1.0
	3S+1Eu+2S	6.1	0.43		0.0 0.0 0.0 1.0 1.0 2.0 2.0 2.0 1.0
	3LoTh	5.0	1.36		2.0 3.0 2.0 2.0 3.0 2.0 3.0 4.0 4.0
	5RLi4	7.0	1.5		2.0 3.0 1.0 2.0 3.0 2.0 1.0 3.0 2.0
	2A	3.3	-0.85		-3.0 -2.0 -2.0 -3.0 -4.0 -2.0 -2.0 -4.0 -2.0
	ChSq1	3.0	1.5		3.0 3.0 2.0 2.0 4.0 4.0 2.0 3.0 4.0
	3STh	4.4	1.01		2.0 2.0 0.0 2.0 2.0 3.0 2.0 4.0 3.0
	FiDs4	3.8	0.87		2.0 2.0 2.0 3.0 3.0 2.0 2.0 2.0 3.0
	PCoSp4	4.5	1.03		2.0 3.0 1.0 2.0 3.0 3.0 2.0 2.0 2.0
	5ALi4	7.0	2.3		4.0 3.0 2.0 3.0 4.0 4.0 3.0 3.0 3.0
	3Li4	5.1	1.53		3.0 3.0 2.0 3.0 4.0 3.0 2.0 3.0 4.0
program components:
	Skating Skills	1.60 7.50 7.75 7.75 7.50 7.50 7.75 7.50 7.75 7.50 7.61
	Transitions	1.60 7.25 8.00 7.50 7.75 8.00 7.75 7.25 7.75 7.25 7.61
	Performance	1.60 7.50 8.50 7.75 7.25 8.25 8.50 7.50 8.25 7.75 7.93
	Composition	1.60 7.75 8.00 7.50 7.50 8.25 8.00 7.25 8.00 7.50 7.75
	Interpretation of the Music	1.60 7.50 8.25 7.25 7.75 8.00 7.75 7.25 8.25 7.75 7.75
deductions:

name: Aleksandra BOIKOVA / Dmitrii KOZLOVSKII
rank: 3
startingNbr: 6
elements:
	3S	4.3	1.29		2.0 2.0 3.0 3.0 3.0 4.0 3.0 4.0 3.0
	3T+SEQ	3.36	-1.56		-4.0 -3.0 -2.0 -4.0 -5.0 -4.0 -4.0 -4.0 -3.0
	3Tw3	5.7	1.79		4.0 3.0 3.0 3.0 3.0 3.0 3.0 4.0 3.0
	4Li3	4.7	1.14		3.0 2.0 3.0 2.0 2.0 2.0 2.0 3.0 3.0
	3STh	4.4	1.51		3.0 4.0 3.0 3.0 4.0 3.0 3.0 4.0 4.0
	PCoSp4	4.5	0.9		2.0 2.0 2.0 3.0 1.0 3.0 2.0 2.0 1.0
	ChSq1	3.0	1.14		3.0 -1.0 2.0 2.0 1.0 3.0 3.0 3.0 2.0
	3LoTh	5.0	-2.5		-5.0 -5.0 -5.0 -5.0 -5.0 -5.0 -5.0 -5.0 -5.0
	5ALi4	7.0	1.5		2.0 1.0 2.0 3.0 2.0 2.0 2.0 3.0 2.0
	5RLi4	7.0	0.9		0.0 -1.0 1.0 1.0 2.0 2.0 2.0 3.0 1.0
	FiDs3	3.5	0.8		2.0 1.0 3.0 2.0 3.0 3.0 2.0 3.0 1.0
program components:
#	Info	GOE J1 J2 J3 J4 J5 J6 J7 J8 J9 Ref
	Skating Skills	1.60 8.25 7.50 8.50 7.50 7.50 7.75 8.00 8.25 7.75 7.86
	Transitions	1.60 7.75 7.25 8.25 7.75 7.75 8.00 7.75 8.00 7.50 7.79
	Performance	1.60 8.00 7.25 8.00 7.25 7.25 7.75 8.00 7.75 7.50 7.64
	Composition	1.60 8.25 7.50 8.25 7.75 7.50 8.50 8.25 8.25 7.75 8.00
	Interpretation of the Music	1.60 8.00 7.50 8.25 7.75 7.00 8.00 8.00 8.00 7.75 7.86
deductions:
	falls: -1.0

name: Tae Ok RYOM / Ju Sik KIM
rank: 4
startingNbr: 7
elements:
	3Tw3	5.7	1.87		3.0 3.0 2.0 3.0 4.0 3.0 3.0 4.0 4.0
	3T+2T+2T	6.8	1.02		2.0 3.0 2.0 3.0 2.0 2.0 2.0 3.0 3.0
	5RLi4	7.0	2.0		3.0 3.0 2.0 3.0 3.0 3.0 2.0 3.0 4.0
	2A<<	1.1	-0.52	<<	-4.0 -5.0 -5.0 -5.0 -5.0 -4.0 -4.0 -5.0 -5.0
	FiDs4	3.8	0.81		2.0 2.0 1.0 3.0 3.0 2.0 2.0 3.0 1.0
	3STh	4.4	0.75		1.0 1.0 0.0 2.0 2.0 2.0 2.0 2.0 2.0
	5ALi3	6.6	1.6		3.0 2.0 2.0 3.0 3.0 2.0 2.0 2.0 4.0
	3LoTh	5.0	-2.14		-4.0 -4.0 -5.0 -4.0 -5.0 -5.0 -4.0 -4.0 -4.0
	ChSq1	3.0	0.5		1.0 0.0 0.0 2.0 1.0 0.0 1.0 3.0 2.0
	3Li4	5.1	0.95		1.0 2.0 1.0 3.0 2.0 2.0 1.0 2.0 3.0
	PCoSp4	4.5	0.84		1.0 2.0 2.0 2.0 2.0 2.0 1.0 2.0 2.0
program components:
	Skating Skills	1.60 7.50 7.50 7.50 7.50 8.00 8.00 7.50 7.75 7.25 7.61
	Transitions	1.60 7.25 7.50 7.25 7.25 7.75 7.50 7.25 7.50 7.25 7.36
	Performance	1.60 7.50 7.75 7.25 7.25 8.00 7.75 7.50 8.00 7.50 7.61
	Composition	1.60 7.25 7.50 7.50 7.50 7.50 7.75 7.50 8.00 7.50 7.54
	Interpretation of the Music	1.60 7.25 7.50 7.00 7.75 7.50 7.25 7.50 7.75 7.25 7.43
deductions:

name: Camille RUEST / Andrew WOLFE
rank: 5
startingNbr: 2
elements:
	3Tw1	5.1	-1.38		-2.0 -2.0 -4.0 -3.0 -2.0 -3.0 -2.0 -4.0 -3.0
	3T+2T	5.5	0.66		1.0 2.0 1.0 2.0 3.0 1.0 2.0 1.0 2.0
	5RLi4	7.0	1.3		2.0 3.0 1.0 2.0 2.0 2.0 1.0 1.0 3.0
	3S	4.3	-1.04		-2.0 -3.0 -2.0 -3.0 -3.0 -2.0 -2.0 -3.0 -2.0
	PCoSp4	4.5	1.35		3.0 3.0 2.0 3.0 4.0 4.0 3.0 2.0 3.0
	3LoTh	5.0	-2.5		-5.0 -5.0 -5.0 -5.0 -4.0 -5.0 -5.0 -5.0 -5.0
	5ALi4	7.0	1.6		2.0 2.0 2.0 2.0 3.0 3.0 2.0 2.0 3.0
	3STh	4.4	-0.69		-1.0 -1.0 -2.0 -3.0 -1.0 -2.0 0.0 -2.0 -2.0
	ChSq1	3.0	1.0		1.0 3.0 1.0 2.0 3.0 2.0 2.0 1.0 3.0
	3LiB	3.5	0.3		2.0 1.0 -1.0 0.0 0.0 0.0 1.0 2.0 3.0
	BiDs3	3.5	0.6		2.0 2.0 1.0 2.0 3.0 2.0 2.0 0.0 1.0
program components:
#	Info	GOE J1 J2 J3 J4 J5 J6 J7 J8 J9 Ref
	Skating Skills	1.60 7.25 7.25 6.75 6.75 7.50 6.75 7.00 6.50 6.75 6.93
	Transitions	1.60 6.75 7.00 6.25 6.75 8.00 6.75 6.75 6.50 6.50 6.71
	Performance	1.60 7.00 7.25 6.50 6.50 7.75 6.75 7.00 6.25 6.75 6.82
	Composition	1.60 7.25 7.50 6.75 6.50 7.75 6.75 6.75 6.25 6.75 6.89
	Interpretation of the Music	1.60 7.00 7.25 6.50 7.00 8.00 6.75 7.00 6.50 7.00 6.93
deductions:
	falls: -1.0
	illegal element/movement: -2.00

name: Minerva Fabienne HASE / Nolan SEEGERT
rank: 6
startingNbr: 1
elements:
	3Tw2	5.4	-0.54		1.0 0.0 -3.0 -1.0 -1.0 -1.0 1.0 -3.0 -2.0
	3T+2T	5.5	-0.72		-1.0 -1.0 -2.0 -2.0 -2.0 -2.0 -2.0 -3.0 -1.0
	3S	4.3	-1.54		-3.0 -4.0 -2.0 -4.0 -4.0 -3.0 -3.0 -4.0 -4.0
	5RLi4	7.0	0.4		1.0 2.0 0.0 1.0 0.0 -1.0 0.0 0.0 2.0
	5ALi4	7.0	0.5		1.0 1.0 1.0 0.0 2.0 0.0 1.0 0.0 1.0
	3LoTh	5.0	-2.5		-5.0 -5.0 -5.0 -5.0 -5.0 -5.0 -5.0 -5.0 -5.0
	PCoSp4	4.5	0.0		0.0 0.0 1.0 -2.0 0.0 0.0 1.0 0.0 -1.0
	4Li3	4.7	-0.07		0.0 -1.0 -1.0 0.0 -1.0 -1.0 1.0 1.0 2.0
	3STh	4.4	0.94		2.0 3.0 2.0 2.0 2.0 2.0 2.0 2.0 3.0
	ChSq1	3.0	0.29		1.0 0.0 0.0 0.0 1.0 0.0 1.0 1.0 2.0
	FiDs3	3.5	-0.25		1.0 0.0 1.0 -1.0 -1.0 -2.0 0.0 -2.0 -2.0
program components:
	Skating Skills	1.60 7.00 6.75 6.50 6.50 7.25 6.50 6.75 6.50 7.00 6.71
	Transitions	1.60 6.50 6.50 6.25 6.25 7.00 6.00 6.50 6.25 6.75 6.43
	Performance	1.60 6.75 6.50 6.25 6.00 6.50 6.25 6.75 6.25 6.75 6.46
	Composition	1.60 6.75 6.75 6.50 6.50 7.25 6.25 6.75 6.50 7.00 6.68
	Interpretation of the Music	1.60 6.50 6.25 6.00 6.50 6.75 6.00 6.75 6.25 6.75 6.43
deductions:
	falls: -1.0

name: Audrey LU / Misha MITROFANOV
rank: 7
startingNbr: 3
elements:
	3Tw2	5.4	0.46		1.0 2.0 0.0 1.0 3.0 -1.0 2.0 0.0 0.0
	3LoTh	5.0	0.86		1.0 2.0 0.0 2.0 2.0 2.0 2.0 2.0 1.0
	5RLi4	7.0	0.6		2.0 -1.0 1.0 0.0 2.0 0.0 1.0 1.0 1.0
	3S+2T+2T	6.9	-0.68		-1.0 -2.0 -1.0 -2.0 -2.0 -2.0 -1.0 -4.0 -1.0
	4LiB	3.5	-1.45		-4.0 -5.0 -5.0 -4.0 -4.0 -4.0 -4.0 -4.0 -4.0
	3STh	4.4	0.44		1.0 2.0 1.0 1.0 2.0 2.0 0.0 0.0 0.0
	3T	4.2	-2.1		-5.0 -5.0 -5.0 -5.0 -5.0 -5.0 -5.0 -5.0 -5.0
	PCoSp3	4.0	0.69		2.0 2.0 1.0 2.0 2.0 2.0 2.0 0.0 1.0
	ChSq1	3.0	0.14		1.0 -1.0 1.0 -3.0 1.0 1.0 1.0 0.0 -1.0
	5SLi2	5.4	-0.15		0.0 -1.0 -1.0 1.0 0.0 -1.0 -1.0 1.0 0.0
	FiDs3	3.5	0.15		0.0 0.0 1.0 -1.0 2.0 1.0 1.0 0.0 0.0
program components:
#	Info	GOE J1 J2 J3 J4 J5 J6 J7 J8 J9 Ref
	Skating Skills	1.60 6.50 6.50 6.25 6.25 7.25 6.50 6.50 6.25 6.25 6.39
	Transitions	1.60 6.25 6.00 6.00 6.50 6.75 6.00 6.25 6.00 6.00 6.14
	Performance	1.60 6.25 5.75 6.00 6.25 7.50 6.00 6.25 6.00 6.25 6.14
	Composition	1.60 6.50 6.50 6.25 6.75 7.00 6.50 6.50 6.25 6.25 6.46
	Interpretation of the Music	1.60 6.25 6.25 5.75 6.50 7.00 6.25 6.50 6.25 6.25 6.32
deductions:
	falls: -1.0

