event name: ISU GP Rostelecom Cup 2018
event type: PAIRS FREE SKATING
name: Evgenia TARASOVA / Vladimir MOROZOV
rank: 1
startingNbr: 7
elements:
	3Tw4	6.0	2.91		5.0 5.0 5.0 5.0 5.0 5.0 4.0 5.0 4.0
	3S<<	1.3	-0.61	<<	-5.0 -5.0 -2.0 -5.0 -5.0 -5.0 -3.0 -5.0 -5.0
	3T+2T+2T	6.8	0.78		2.0 2.0 1.0 2.0 3.0 0.0 1.0 2.0 3.0
	ChSq1	3.0	1.21		3.0 2.0 2.0 3.0 3.0 2.0 2.0 3.0 2.0
	3FTh	5.3	1.21		3.0 1.0 2.0 2.0 4.0 2.0 3.0 3.0 1.0
	5RLi4	7.0	2.3		4.0 3.0 3.0 3.0 4.0 3.0 3.0 4.0 1.0
	FiDs3	3.5	1.35		4.0 4.0 4.0 4.0 4.0 4.0 3.0 4.0 3.0
	PCoSp4	4.5	1.35		3.0 2.0 4.0 4.0 4.0 2.0 3.0 3.0 2.0
	3LoTh	5.0	0.71		2.0 2.0 1.0 0.0 3.0 2.0 1.0 2.0 0.0
	5ALi4	7.0	2.5		3.0 3.0 4.0 4.0 5.0 4.0 3.0 4.0 3.0
	3Li4	5.1	2.19		5.0 3.0 4.0 5.0 4.0 5.0 4.0 5.0 2.0
program components:
#	Info	GOE J1 J2 J3 J4 J5 J6 J7 J8 J9 Ref
	Skating Skills	1.60 9.25 9.25 9.25 9.00 9.00 8.75 8.75 9.25 8.75 9.04
	Transitions	1.60 8.75 8.75 9.00 8.75 8.75 8.75 8.50 9.00 8.75 8.79
	Performance	1.60 8.75 8.50 9.25 9.00 8.75 9.00 8.75 9.25 8.25 8.86
	Composition	1.60 9.00 9.00 9.50 8.50 9.25 9.25 8.75 9.50 8.50 9.04
	Interpretation of the Music	1.60 8.75 8.75 9.25 8.75 8.75 9.25 8.75 9.25 8.50 8.89
deductions:

name: Nicole DELLA MONICA / Matteo GUARISE
rank: 2
startingNbr: 8
elements:
	3S	4.3	0.86		2.0 0.0 3.0 2.0 2.0 2.0 1.0 2.0 3.0
	3Tw3	5.7	1.47		2.0 3.0 3.0 2.0 3.0 3.0 2.0 2.0 3.0
	3LoTh	5.0	0.79		4.0 2.0 1.0 1.0 2.0 2.0 0.0 2.0 1.0
	FiDs3	3.5	1.05		3.0 3.0 3.0 3.0 3.0 3.0 3.0 3.0 3.0
	3T+1T<<	4.2	-1.8	<<	-5.0 -5.0 -3.0 -5.0 -5.0 -3.0 -4.0 -4.0 -4.0
	5RLi3	6.6	1.98		4.0 3.0 3.0 3.0 4.0 2.0 3.0 3.0 2.0
	ChSq1	3.0	1.29		3.0 2.0 3.0 3.0 3.0 1.0 2.0 3.0 2.0
	3STh	4.4	1.45		4.0 3.0 4.0 4.0 3.0 3.0 2.0 3.0 3.0
	5ALi4	7.0	2.2		3.0 3.0 3.0 3.0 4.0 3.0 3.0 4.0 3.0
	4Li4	5.1	1.6		3.0 3.0 3.0 2.0 3.0 4.0 3.0 4.0 3.0
	PCoSp4	4.5	1.48		4.0 2.0 4.0 3.0 4.0 2.0 3.0 3.0 4.0
program components:
	Skating Skills	1.60 9.00 8.50 8.50 8.25 8.25 8.00 8.50 8.50 8.50 8.43
	Transitions	1.60 8.75 8.25 8.50 8.00 8.00 7.50 8.00 8.00 8.25 8.14
	Performance	1.60 8.50 9.00 8.75 8.00 8.25 8.25 8.25 8.25 8.50 8.39
	Composition	1.60 8.75 8.75 8.75 7.75 8.50 8.00 8.50 8.00 8.25 8.39
	Interpretation of the Music	1.60 8.50 8.75 8.75 7.75 8.25 8.50 8.50 8.25 8.25 8.43
deductions:
	time violation: -1.00

name: Miriam ZIEGLER / Severin KIEFER
rank: 3
startingNbr: 4
elements:
	3Tw1	5.1	0.0		1.0 -1.0 1.0 0.0 0.0 0.0 0.0 -1.0 0.0
	3T+2T+1T	5.9	-0.84		-1.0 -4.0 -2.0 -2.0 1.0 -2.0 -2.0 -2.0 -3.0
	3S	4.3	0.68		2.0 0.0 1.0 3.0 2.0 3.0 1.0 2.0 0.0
	5RLi4	7.0	1.4		2.0 2.0 3.0 1.0 3.0 3.0 1.0 2.0 1.0
	3FTh	5.3	1.36		4.0 1.0 3.0 3.0 3.0 3.0 2.0 2.0 2.0
	FiDs4	3.8	0.92		3.0 2.0 3.0 3.0 3.0 2.0 2.0 2.0 2.0
	PCoSp4	4.5	1.09		3.0 2.0 2.0 4.0 3.0 3.0 2.0 2.0 1.0
	5ALi4	7.0	1.5		2.0 2.0 3.0 2.0 2.0 3.0 2.0 2.0 0.0
	ChSq1	3.0	1.07		3.0 1.0 2.0 3.0 3.0 1.0 2.0 3.0 0.0
	3STh	4.4	0.88		4.0 1.0 2.0 3.0 2.0 2.0 2.0 1.0 2.0
	3Li3	4.7	0.87		2.0 0.0 2.0 2.0 3.0 2.0 2.0 2.0 1.0
program components:
#	Info	GOE J1 J2 J3 J4 J5 J6 J7 J8 J9 Ref
	Skating Skills	1.60 7.25 7.50 7.50 7.25 8.00 7.25 7.75 7.50 7.00 7.43
	Transitions	1.60 7.00 7.00 7.25 7.25 7.50 7.00 7.25 7.00 6.75 7.11
	Performance	1.60 7.75 7.50 7.50 7.75 8.00 7.50 7.50 7.25 6.50 7.54
	Composition	1.60 7.50 7.25 7.50 7.75 7.75 7.25 7.75 7.50 6.75 7.50
	Interpretation of the Music	1.60 7.25 7.50 7.50 7.75 7.75 7.50 7.75 7.25 6.25 7.50
deductions:

name: Daria PAVLIUCHENKO / Denis KHODYKIN
rank: 4
startingNbr: 5
elements:
	3F	5.3	0.83		2.0 1.0 2.0 1.0 1.0 2.0 2.0 3.0 0.0
	3T+2T+2T	6.8	0.9		2.0 1.0 2.0 2.0 2.0 3.0 2.0 3.0 2.0
	3Tw4	6.0	1.63		3.0 3.0 3.0 2.0 3.0 3.0 2.0 4.0 2.0
	ChSq1	3.0	0.86		2.0 1.0 2.0 2.0 2.0 2.0 1.0 2.0 0.0
	3FTh	5.3	-2.65		-5.0 -5.0 -5.0 -5.0 -4.0 -5.0 -5.0 -5.0 -5.0
	5RLi3	6.6	0.75		2.0 1.0 2.0 1.0 1.0 -1.0 1.0 2.0 0.0
	3LoTh	5.0	1.57		4.0 2.0 4.0 3.0 3.0 3.0 3.0 3.0 3.0
	5ALi4	7.0	1.0		2.0 2.0 2.0 1.0 1.0 -1.0 1.0 3.0 1.0
	4Li4	5.1	0.36		-1.0 1.0 2.0 2.0 0.0 1.0 1.0 1.0 -1.0
	FoDs3	4.3	0.55		2.0 1.0 1.0 1.0 2.0 2.0 0.0 3.0 0.0
	PCoSp4	4.5	0.51		2.0 1.0 1.0 1.0 0.0 2.0 1.0 3.0 -1.0
program components:
	Skating Skills	1.60 7.50 7.50 7.25 7.25 7.00 7.75 7.50 7.75 6.75 7.39
	Transitions	1.60 7.00 7.50 7.00 6.75 6.75 7.00 7.00 7.50 6.25 7.00
	Performance	1.60 7.00 7.00 7.25 7.25 7.00 7.25 7.25 7.50 6.50 7.14
	Composition	1.60 7.00 6.75 7.25 7.00 7.25 7.50 7.50 7.75 6.50 7.18
	Interpretation of the Music	1.60 6.75 7.00 7.50 7.25 7.00 7.50 7.25 7.50 6.25 7.18
deductions:
	falls: -2.0

name: Alisa EFIMOVA / Alexander KOROVIN
rank: 5
startingNbr: 6
elements:
	3Tw3	5.7	1.95		3.0 4.0 4.0 4.0 4.0 3.0 3.0 3.0 1.0
	2A	3.3	-1.65		-5.0 -5.0 -5.0 -5.0 -4.0 -5.0 -5.0 -5.0 -5.0
	3S<<+COMBO	1.3	-0.61	<<	-5.0 -5.0 -3.0 -5.0 -5.0 -5.0 -3.0 -5.0 -5.0
	3STh	4.4	1.63		4.0 3.0 3.0 3.0 4.0 4.0 4.0 4.0 4.0
	5ALi4	7.0	2.1		4.0 3.0 3.0 2.0 3.0 3.0 3.0 3.0 3.0
	ChSq1	3.0	0.86		2.0 1.0 2.0 1.0 2.0 1.0 2.0 3.0 2.0
	3LoTh	5.0	0.79		1.0 -1.0 2.0 1.0 2.0 1.0 3.0 2.0 2.0
	FiDs2	3.2	0.73		3.0 1.0 2.0 2.0 3.0 2.0 2.0 3.0 2.0
	5RLi3	6.6	1.13		2.0 2.0 2.0 1.0 2.0 1.0 2.0 2.0 0.0
	3Li3	4.7	-0.34		-1.0 0.0 -1.0 -1.0 -1.0 0.0 -1.0 1.0 -1.0
	PCoSp4	4.5	0.84		3.0 1.0 1.0 3.0 2.0 2.0 1.0 3.0 1.0
program components:
	Skating Skills	1.60 7.50 8.00 7.50 7.50 8.00 7.50 7.75 8.00 7.50 7.68
	Transitions	1.60 7.00 7.75 7.50 7.25 7.50 7.00 7.50 7.75 7.50 7.43
	Performance	1.60 7.25 7.75 7.50 7.25 7.75 7.25 7.75 7.75 7.75 7.57
	Composition	1.60 7.50 8.00 7.75 7.25 7.75 7.50 7.75 8.25 8.00 7.75
	Interpretation of the Music	1.60 7.25 8.00 7.75 7.50 7.75 7.50 7.75 7.75 8.00 7.71
deductions:
	falls: -1.0

name: Ashley CAIN / Timothy LEDUC
rank: 6
startingNbr: 2
elements:
	3Tw3	5.7	-0.98		-2.0 -1.0 -2.0 -1.0 -1.0 -2.0 -1.0 -3.0 -3.0
	3Lo<	3.68	-1.73	<	-5.0 -5.0 -5.0 -5.0 -5.0 -5.0 -3.0 -4.0 -4.0
	3FTh	5.3	0.91		1.0 0.0 2.0 2.0 1.0 3.0 2.0 2.0 2.0
	5ALi4	7.0	1.5		2.0 0.0 2.0 2.0 2.0 3.0 2.0 2.0 3.0
	3S<+2T<	4.21	-1.34	<	-5.0 -3.0 -4.0 -4.0 -4.0 -5.0 -3.0 -4.0 -5.0
	5SLi4	6.2	1.33		2.0 1.0 2.0 2.0 2.0 3.0 2.0 2.0 3.0
	3STh	4.4	0.69		1.0 0.0 2.0 3.0 2.0 2.0 2.0 1.0 1.0
	3Li3	4.7	1.07		2.0 2.0 3.0 3.0 2.0 2.0 3.0 2.0 0.0
	PCoSp2	3.5	0.65		2.0 1.0 2.0 2.0 2.0 3.0 2.0 1.0 2.0
	ChSq1	3.0	1.07		1.0 1.0 3.0 3.0 2.0 3.0 2.0 2.0 2.0
	FiDs1	2.9	0.58		2.0 0.0 2.0 3.0 2.0 1.0 3.0 1.0 3.0
program components:
	Skating Skills	1.60 7.25 7.50 7.00 6.75 7.50 7.50 7.50 7.25 7.50 7.36
	Transitions	1.60 6.75 7.00 6.50 6.50 7.00 7.25 7.00 6.75 7.00 6.86
	Performance	1.60 7.25 7.25 6.75 6.75 7.25 7.00 7.25 6.75 7.25 7.07
	Composition	1.60 7.00 7.50 6.75 7.00 7.25 7.25 7.25 7.25 7.25 7.18
	Interpretation of the Music	1.60 7.00 7.75 7.00 7.25 7.25 7.50 7.50 7.25 7.00 7.25
deductions:

name: Ekaterina ALEXANDROVSKAYA / Harley WINDSOR
rank: 7
startingNbr: 3
elements:
	3Tw4	6.0	1.37		2.0 4.0 2.0 3.0 2.0 2.0 1.0 2.0 3.0
	3T+COMBO	4.2	-2.1		-5.0 -5.0 -5.0 -5.0 -4.0 -5.0 -5.0 -5.0 -5.0
	3LoTh	5.0	-2.5		-5.0 -5.0 -5.0 -5.0 -5.0 -5.0 -5.0 -5.0 -5.0
	2S	1.3	0.02		1.0 0.0 0.0 1.0 0.0 0.0 0.0 -2.0 0.0
	4Li3	4.7	0.47		2.0 1.0 2.0 -1.0 -1.0 1.0 1.0 2.0 1.0
	PCoSp3	4.0	-0.4		-1.0 -1.0 0.0 -1.0 -1.0 -2.0 -3.0 -1.0 0.0
	5RLi3	6.6	-0.09		0.0 1.0 -1.0 -2.0 0.0 -1.0 0.0 1.0 0.0
	ChSq1	3.0	0.29		1.0 1.0 1.0 0.0 0.0 0.0 0.0 1.0 1.0
	3FTh	5.3	-2.65		-5.0 -5.0 -5.0 -5.0 -5.0 -5.0 -5.0 -5.0 -5.0
	5ALi	0.0	0.0		0.0 0.0 0.0 0.0 0.0 0.0 0.0 0.0 0.0
	FiDs1	2.9	0.41		2.0 2.0 1.0 2.0 1.0 2.0 1.0 1.0 1.0
program components:
#	Info	GOE J1 J2 J3 J4 J5 J6 J7 J8 J9 Ref
	Skating Skills	1.60 6.75 7.25 6.75 6.00 6.75 6.50 6.00 6.50 6.75 6.57
	Transitions	1.60 6.25 6.75 6.50 5.50 6.25 5.75 5.25 6.00 6.50 6.11
	Performance	1.60 6.50 6.25 6.25 4.75 6.25 5.50 5.75 6.00 6.25 6.04
	Composition	1.60 6.50 6.75 6.50 5.75 6.50 5.75 5.75 6.50 6.50 6.29
	Interpretation of the Music	1.60 6.50 6.75 6.50 5.00 6.50 5.25 5.50 6.50 6.50 6.18
deductions:
	falls: -3.0

