event name: ISU GP Rostelecom Cup 2018
event type: LADIES SHORT PROGRAM
name: Alina ZAGITOVA
rank: 1
startingNbr: 8
elements:
	3Lz+3Lo	10.8	1.94		3.0 3.0 4.0 3.0 3.0 4.0 3.0 3.0 4.0
	FCSp4	3.2	1.19		4.0 3.0 3.0 4.0 4.0 5.0 3.0 4.0 4.0
	StSq4	3.9	1.62		4.0 4.0 3.0 4.0 5.0 5.0 4.0 4.0 4.0
	2A	3.3	1.04		3.0 3.0 4.0 3.0 3.0 3.0 3.0 3.0 4.0
	LSp4	2.7	1.04		4.0 4.0 3.0 4.0 4.0 4.0 3.0 4.0 4.0
	3F	5.83	2.12	x	4.0 4.0 4.0 4.0 4.0 4.0 4.0 4.0 4.0
	CCoSp4	3.5	1.35		5.0 4.0 3.0 3.0 5.0 4.0 4.0 4.0 2.0
program components:
	Skating Skills	0.80 9.25 9.25 8.75 9.25 9.50 9.25 9.50 8.75 9.25 9.21
	Transitions	0.80 9.50 9.00 8.50 9.25 9.25 9.50 9.50 8.50 8.75 9.11
	Performance	0.80 9.75 9.25 9.25 9.50 9.75 9.50 9.75 8.75 9.25 9.46
	Composition	0.80 9.50 9.25 9.25 9.75 9.50 9.50 9.50 8.50 9.25 9.39
	Interpretation of the Music	0.80 9.50 9.25 9.25 9.50 9.50 9.75 9.75 9.00 9.00 9.39
deductions:

name: Sofia SAMODUROVA
rank: 2
startingNbr: 4
elements:
	3F+3T	9.5	1.21		2.0 3.0 2.0 2.0 1.0 2.0 3.0 2.0 3.0
	FCSp4	3.2	0.96		2.0 3.0 3.0 3.0 3.0 3.0 3.0 3.0 3.0
	StSq3	3.3	0.85		3.0 2.0 2.0 2.0 3.0 3.0 3.0 2.0 3.0
	3Lo	4.9	0.63		2.0 1.0 1.0 2.0 0.0 0.0 2.0 1.0 3.0
	2A	3.63	0.75	x	3.0 2.0 2.0 1.0 2.0 2.0 3.0 2.0 4.0
	LSp4	2.7	0.77		2.0 3.0 2.0 3.0 3.0 2.0 4.0 3.0 4.0
	CCoSp4	3.5	1.1		3.0 3.0 4.0 3.0 3.0 3.0 3.0 2.0 4.0
program components:
	Skating Skills	0.80 7.75 7.50 7.00 7.50 8.25 8.00 8.00 7.50 7.50 7.68
	Transitions	0.80 7.50 7.00 7.00 7.25 7.50 7.75 7.75 6.75 7.25 7.32
	Performance	0.80 8.00 7.50 7.25 7.50 8.00 8.25 8.00 7.00 7.75 7.71
	Composition	0.80 7.75 7.50 7.00 7.25 8.00 8.00 8.00 6.50 7.50 7.57
	Interpretation of the Music	0.80 8.00 7.50 7.50 7.50 7.75 8.25 8.25 7.25 7.50 7.71
deductions:

name: Alexia PAGANINI
rank: 3
startingNbr: 3
elements:
	3Lz+3T	10.1	1.1		2.0 2.0 2.0 3.0 2.0 1.0 2.0 1.0 2.0
	3Lo	4.9	1.12		2.0 2.0 3.0 3.0 2.0 2.0 2.0 2.0 3.0
	FCSp4	3.2	0.73		2.0 3.0 3.0 2.0 3.0 2.0 1.0 1.0 3.0
	2A	3.63	0.57	x	2.0 2.0 2.0 2.0 1.0 1.0 1.0 2.0 2.0
	LSp4	2.7	0.42		1.0 2.0 3.0 2.0 1.0 2.0 1.0 0.0 2.0
	StSq2	2.6	0.52		1.0 3.0 3.0 2.0 2.0 2.0 0.0 1.0 3.0
	CCoSp4	3.5	0.4		1.0 2.0 2.0 1.0 1.0 0.0 0.0 1.0 2.0
program components:
	Skating Skills	0.80 7.25 7.25 7.50 7.00 6.50 6.75 6.75 7.00 7.25 7.04
	Transitions	0.80 6.75 6.75 7.25 6.75 6.00 6.50 7.00 6.50 6.75 6.71
	Performance	0.80 7.25 7.25 7.75 7.25 7.00 7.00 7.00 6.75 7.25 7.14
	Composition	0.80 6.75 7.00 7.25 7.25 6.75 6.75 7.00 6.75 7.50 6.96
	Interpretation of the Music	0.80 6.50 7.25 8.00 7.00 6.75 6.75 7.50 7.00 7.25 7.07
deductions:

name: Elizabet TURSYNBAEVA
rank: 4
startingNbr: 10
elements:
	3Lz	5.9	-0.08		1.0 -1.0 0.0 0.0 -1.0 1.0 1.0 -2.0 -1.0
	2A	3.3	0.94		3.0 2.0 3.0 3.0 3.0 3.0 3.0 2.0 4.0
	CCoSp3	3.0	0.64		3.0 2.0 3.0 1.0 2.0 1.0 2.0 4.0 2.0
	3S+2T	6.16	-1.29	x	-2.0 -4.0 -2.0 -3.0 -3.0 -5.0 -3.0 -3.0 -3.0
	FCSp4	3.2	0.55		2.0 2.0 1.0 1.0 1.0 2.0 2.0 2.0 2.0
	StSq4	3.9	1.06		3.0 3.0 2.0 3.0 1.0 3.0 2.0 3.0 3.0
	LSp4	2.7	1.0		3.0 4.0 4.0 4.0 3.0 3.0 4.0 4.0 4.0
program components:
	Skating Skills	0.80 8.00 7.75 7.25 7.50 7.75 8.00 7.25 7.50 8.00 7.68
	Transitions	0.80 8.00 7.50 7.00 7.75 7.75 7.75 7.50 7.25 7.25 7.54
	Performance	0.80 7.75 7.75 7.00 7.50 7.50 8.25 7.50 7.25 7.75 7.57
	Composition	0.80 8.25 7.75 7.25 8.00 7.50 8.25 7.50 7.50 8.00 7.79
	Interpretation of the Music	0.80 8.25 7.75 7.25 7.75 8.00 8.25 7.75 7.75 7.75 7.86
deductions:

name: Yuna SHIRAIWA
rank: 5
startingNbr: 9
elements:
	3Lz<+3T<	7.58	-1.33	<	-3.0 -3.0 -2.0 -3.0 -4.0 -3.0 -2.0 -3.0 -4.0
	FSSp4	3.0	-0.13		1.0 1.0 -1.0 0.0 -1.0 0.0 0.0 -2.0 -3.0
	CCoSp4	3.5	0.75		2.0 3.0 3.0 2.0 2.0 2.0 2.0 2.0 1.0
	2A	3.3	0.9		3.0 3.0 4.0 3.0 3.0 2.0 3.0 1.0 2.0
	StSq3	3.3	0.8		2.0 3.0 3.0 2.0 3.0 2.0 3.0 2.0 2.0
	3Lo	5.39	0.35	x	1.0 3.0 1.0 0.0 1.0 1.0 2.0 -1.0 -2.0
	CSp3	2.3	0.46		2.0 3.0 2.0 1.0 3.0 3.0 2.0 1.0 -4.0
program components:
	Skating Skills	0.80 7.75 8.00 7.25 7.50 8.25 8.00 7.50 7.00 7.00 7.57
	Transitions	0.80 7.50 7.75 7.00 7.25 7.50 7.50 7.75 6.75 6.75 7.32
	Performance	0.80 7.75 8.00 7.00 7.75 8.00 7.75 8.00 6.50 7.00 7.61
	Composition	0.80 7.75 8.25 7.00 8.00 8.00 7.75 7.75 6.75 7.25 7.64
	Interpretation of the Music	0.80 7.50 8.25 7.25 7.50 7.75 8.00 8.00 7.00 6.75 7.57
deductions:

name: Eunsoo LIM
rank: 6
startingNbr: 6
elements:
	3Lz	5.9	0.76		2.0 2.0 0.0 0.0 1.0 2.0 2.0 0.0 3.0
	FCSp4	3.2	0.82		2.0 2.0 3.0 1.0 3.0 3.0 2.0 3.0 3.0
	StSq3	3.3	0.85		2.0 3.0 3.0 2.0 3.0 3.0 2.0 3.0 2.0
	3F+COMBO	5.3	-2.65		-5.0 -5.0 -5.0 -5.0 -5.0 -5.0 -5.0 -5.0 -5.0
	2A	3.63	-0.94	x	-3.0 -3.0 -3.0 -2.0 -2.0 -3.0 -3.0 -3.0 -4.0
	LSp4	2.7	0.81		3.0 3.0 3.0 3.0 3.0 3.0 3.0 3.0 2.0
	CCoSp4	3.5	0.8		2.0 3.0 2.0 1.0 3.0 2.0 2.0 2.0 3.0
program components:
	Skating Skills	0.80 8.00 7.25 7.25 7.50 8.00 8.00 7.25 7.50 7.75 7.61
	Transitions	0.80 7.50 7.00 6.75 7.25 7.50 7.50 7.25 7.00 7.00 7.21
	Performance	0.80 7.50 7.00 6.25 7.50 7.75 7.50 7.50 7.00 7.00 7.29
	Composition	0.80 8.00 7.25 6.75 7.75 8.00 7.75 7.25 7.25 7.50 7.54
	Interpretation of the Music	0.80 7.75 7.50 7.00 7.50 8.25 7.75 7.50 7.75 7.25 7.57
deductions:

name: Polina TSURSKAYA
rank: 7
startingNbr: 5
elements:
	3Lz+3T<	9.05	-0.59	<	0.0 -2.0 -2.0 -1.0 -2.0 0.0 -1.0 -1.0 0.0
	2A	3.3	0.9		4.0 3.0 4.0 3.0 2.0 1.0 2.0 3.0 2.0
	FCSp4	3.2	0.69		2.0 2.0 3.0 2.0 2.0 2.0 2.0 3.0 1.0
	2Lo*	0.0	0.0	* x	0.0 0.0 0.0 0.0 0.0 0.0 0.0 0.0 0.0
	CCoSp2	2.5	0.46		2.0 3.0 2.0 1.0 1.0 2.0 1.0 3.0 2.0
	StSq4	3.9	0.89		2.0 3.0 2.0 2.0 1.0 3.0 2.0 3.0 2.0
	LSp4	2.7	0.42		1.0 2.0 1.0 1.0 1.0 1.0 3.0 3.0 2.0
program components:
	Skating Skills	0.80 8.00 7.25 7.25 7.25 6.75 8.00 7.50 8.00 7.00 7.46
	Transitions	0.80 7.75 7.00 7.00 7.00 6.50 7.75 7.00 7.75 6.75 7.18
	Performance	0.80 7.75 7.25 6.75 7.50 7.00 5.00 7.75 7.75 7.00 7.29
	Composition	0.80 7.75 7.25 7.25 7.75 7.00 8.00 7.00 8.00 7.00 7.43
	Interpretation of the Music	0.80 7.50 7.50 7.00 7.25 6.75 8.00 7.75 8.25 6.75 7.39
deductions:

name: Yura MATSUDA
rank: 8
startingNbr: 1
elements:
	3T+2T	5.5	0.42		1.0 2.0 1.0 1.0 1.0 1.0 1.0 0.0 1.0
	3S<	3.23	-0.56	<	-1.0 -2.0 -2.0 -2.0 -2.0 0.0 -1.0 -2.0 -3.0
	FCSp4	3.2	0.46		2.0 2.0 1.0 1.0 2.0 2.0 1.0 1.0 1.0
	SSp4	2.5	0.36		2.0 1.0 1.0 2.0 1.0 1.0 1.0 2.0 2.0
	StSq3	3.3	0.42		1.0 2.0 1.0 1.0 1.0 2.0 1.0 1.0 3.0
	2A<	2.73	-0.43	< x	-1.0 -2.0 -2.0 -2.0 -2.0 0.0 -2.0 -1.0 -4.0
	CCoSp4	3.5	0.45		1.0 2.0 2.0 1.0 1.0 2.0 0.0 1.0 1.0
program components:
	Skating Skills	0.80 6.75 6.75 7.00 6.25 6.50 7.25 6.50 6.75 6.75 6.71
	Transitions	0.80 6.25 6.50 6.50 6.00 6.50 6.50 6.75 7.25 6.50 6.50
	Performance	0.80 6.50 7.00 6.50 6.50 7.00 7.00 6.75 7.00 6.75 6.79
	Composition	0.80 6.75 7.25 6.75 6.50 6.75 7.00 6.50 7.00 7.00 6.82
	Interpretation of the Music	0.80 6.50 7.00 7.00 6.25 6.50 7.25 6.75 7.00 7.00 6.82
deductions:

name: Mako YAMASHITA
rank: 9
startingNbr: 7
elements:
	3Lz	5.9	-1.69		-4.0 -3.0 -3.0 -3.0 -2.0 -2.0 -3.0 -2.0 -4.0
	2A<	2.48	-0.29	<	-1.0 -2.0 0.0 -1.0 -2.0 -1.0 -1.0 -1.0 -1.0
	FCSp4	3.2	0.27		1.0 2.0 -1.0 0.0 1.0 2.0 0.0 1.0 1.0
	SSp4	2.5	0.57		2.0 2.0 3.0 2.0 2.0 2.0 3.0 3.0 2.0
	3F<+COMBO	4.38	-1.99	! x	-5.0 -5.0 -5.0 -5.0 -5.0 -5.0 -5.0 -5.0 -5.0
	StSq3	3.3	0.47		1.0 2.0 2.0 1.0 1.0 1.0 1.0 3.0 2.0
	CCoSp4	3.5	0.65		2.0 3.0 2.0 2.0 1.0 2.0 1.0 2.0 2.0
program components:
	Skating Skills	0.80 7.75 7.50 7.00 7.00 8.25 7.75 7.25 7.25 7.00 7.36
	Transitions	0.80 7.25 7.25 6.75 6.75 8.00 7.00 7.00 6.75 6.75 6.96
	Performance	0.80 7.25 7.50 6.25 6.75 7.50 7.25 7.25 7.00 6.75 7.11
	Composition	0.80 7.25 7.50 6.75 7.00 7.75 7.50 7.00 7.00 7.00 7.18
	Interpretation of the Music	0.80 7.50 7.50 7.00 7.25 7.50 7.50 7.00 7.50 7.00 7.32
deductions:
	falls: 1

name: Gracie GOLD
rank: 10
startingNbr: 2
elements:
	2Lz+2T*	2.1	-1.05	*	-5.0 -5.0 -5.0 -5.0 -5.0 -5.0 -5.0 -5.0 -5.0
	3Fe<	3.18	-1.59	e	-5.0 -5.0 -5.0 -5.0 -5.0 -5.0 -5.0 -5.0 -5.0
	FCSp4	3.2	-0.46		-1.0 0.0 -3.0 1.0 -1.0 -1.0 -2.0 -2.0 -4.0
	StSq2	2.6	0.3		1.0 1.0 1.0 2.0 0.0 1.0 1.0 1.0 2.0
	A*	0.0	0.0	* x	0.0 0.0 0.0 0.0 0.0 0.0 0.0 0.0 0.0
	CCoSp2V	1.88	0.22		1.0 1.0 2.0 1.0 0.0 1.0 2.0 2.0 -1.0
	LSp4	2.7	0.42		1.0 1.0 2.0 3.0 1.0 2.0 2.0 1.0 2.0
program components:
	Skating Skills	0.80 6.75 5.75 7.00 6.25 5.75 7.75 7.50 5.75 6.75 6.54
	Transitions	0.80 6.25 5.00 6.50 6.75 5.75 6.00 7.50 4.75 6.25 6.07
	Performance	0.80 5.75 5.50 6.00 6.00 6.25 5.75 7.75 5.00 6.50 5.96
	Composition	0.80 6.50 6.00 6.50 6.75 6.00 6.25 7.75 5.25 6.25 6.32
	Interpretation of the Music	0.80 6.50 5.75 7.00 6.75 5.75 6.00 7.75 5.75 6.75 6.36
deductions:
	falls: 1

