event name: ISU GP Rostelecom Cup 2018
event type: LADIES FREE SKATING
name: Alina ZAGITOVA
rank: 1
startingNbr: 8
elements:
	2A	3.3	0.94		3.0 2.0 2.0 3.0 2.0 3.0 4.0 3.0 4.0
	3Lz+3T	10.1	1.77		4.0 3.0 3.0 3.0 2.0 3.0 3.0 3.0 3.0
	3S	4.3	1.35		3.0 3.0 2.0 3.0 3.0 3.0 4.0 3.0 4.0
	2A	3.3	0.99		3.0 2.0 3.0 3.0 3.0 3.0 4.0 3.0 3.0
	FCSp4	3.2	1.28		5.0 4.0 4.0 4.0 3.0 4.0 3.0 4.0 5.0
	ChSq1	3.0	1.57		3.0 2.0 1.0 3.0 3.0 4.0 4.0 4.0 3.0
	3Lz<+3Lo	10.26	-0.28	< x	1.0 -2.0 -2.0 -1.0 -1.0 1.0 0.0 0.0 -1.0
	3F<+2T+2Lo	7.68	-0.23	< x	0.0 -2.0 -1.0 -1.0 -1.0 0.0 0.0 -1.0 0.0
	2F	1.98	-0.67	x	-4.0 -4.0 -2.0 -4.0 -4.0 -4.0 -3.0 -4.0 -3.0
	CCoSp4	3.5	1.25		4.0 3.0 2.0 4.0 3.0 4.0 3.0 5.0 4.0
	StSq4	3.9	1.34		4.0 4.0 2.0 3.0 3.0 3.0 3.0 4.0 4.0
	FCCoSp4	3.5	1.35		5.0 4.0 2.0 4.0 3.0 4.0 4.0 4.0 4.0
program components:
	Skating Skills	1.60 9.25 8.75 8.75 9.25 9.25 9.25 9.50 8.75 9.25 9.11
	Transitions	1.60 9.50 8.75 8.75 9.50 9.00 9.25 9.75 8.75 8.75 9.07
	Performance	1.60 9.50 8.75 9.25 9.25 9.25 9.00 9.50 9.25 9.00 9.21
	Composition	1.60 9.50 8.75 9.25 9.00 9.50 9.50 9.75 9.00 9.00 9.25
	Interpretation of the Music	1.60 9.50 9.00 9.25 9.25 9.50 9.50 9.75 9.00 8.75 9.29
deductions:

name: Sofia SAMODUROVA
rank: 2
startingNbr: 9
elements:
	3F+3T<	8.45	-0.38	<	1.0 -2.0 -1.0 -1.0 -2.0 1.0 0.0 -1.0 -1.0
	3Lz	5.9	1.01		2.0 1.0 1.0 2.0 1.0 2.0 2.0 3.0 2.0
	3Lo	4.9	0.91		3.0 2.0 1.0 2.0 1.0 2.0 2.0 2.0 2.0
	StSq2	2.6	0.37		2.0 2.0 1.0 1.0 1.0 3.0 1.0 2.0 1.0
	FSSp3	2.6	0.48		2.0 2.0 2.0 2.0 2.0 3.0 1.0 1.0 2.0
	3S	4.3	0.37		2.0 0.0 2.0 0.0 -1.0 2.0 1.0 0.0 1.0
	2A+3T	8.25	1.14	x	3.0 2.0 3.0 3.0 2.0 3.0 2.0 3.0 3.0
	3F	5.83	0.91	x	2.0 2.0 2.0 1.0 1.0 2.0 2.0 1.0 2.0
	2A+2T+2Lo	6.93	0.38	x	2.0 0.0 1.0 1.0 1.0 1.0 1.0 1.0 2.0
	ChSq1	3.0	1.29		3.0 1.0 2.0 3.0 3.0 3.0 2.0 3.0 2.0
	LSp4	2.7	0.73		3.0 2.0 2.0 4.0 3.0 3.0 1.0 3.0 3.0
	CCoSp4	3.5	0.9		4.0 3.0 2.0 3.0 3.0 1.0 1.0 2.0 4.0
program components:
	Skating Skills	1.60 8.00 7.75 7.50 8.25 7.75 8.25 8.00 7.75 8.00 7.93
	Transitions	1.60 8.00 7.25 7.00 8.00 7.25 8.00 7.50 7.25 7.75 7.57
	Performance	1.60 8.50 7.50 8.00 8.50 8.00 8.50 8.00 7.75 8.00 8.11
	Composition	1.60 8.25 7.75 7.75 8.25 7.75 8.25 7.75 8.00 8.00 7.96
	Interpretation of the Music	1.60 8.50 7.50 8.25 8.50 8.00 8.50 8.00 8.00 7.75 8.14
deductions:

name: Eunsoo LIM
rank: 3
startingNbr: 4
elements:
	3Lz+3T	10.1	1.52		2.0 2.0 3.0 2.0 1.0 3.0 3.0 3.0 3.0
	3Lo	4.9	1.4		2.0 2.0 4.0 3.0 3.0 3.0 3.0 3.0 3.0
	3S	4.3	0.61		1.0 1.0 1.0 0.0 1.0 2.0 2.0 2.0 2.0
	CCoSp4	3.5	0.8		3.0 2.0 2.0 1.0 2.0 2.0 2.0 3.0 4.0
	ChSq1	3.0	1.14		2.0 1.0 2.0 2.0 2.0 3.0 2.0 4.0 3.0
	3Lz	5.9	1.35		2.0 2.0 3.0 3.0 2.0 2.0 2.0 3.0 2.0
	2A+2T+2Lo	6.93	0.52	x	1.0 1.0 2.0 1.0 2.0 1.0 1.0 3.0 3.0
	3F<	4.38	-0.57	< x	-1.0 -2.0 -1.0 -2.0 -2.0 -1.0 -1.0 -1.0 -2.0
	2A	3.63	0.71	x	2.0 1.0 2.0 2.0 2.0 1.0 3.0 3.0 3.0
	LSp3	2.4	0.69		3.0 3.0 2.0 3.0 3.0 2.0 3.0 3.0 3.0
	StSq3	3.3	1.04		3.0 3.0 3.0 2.0 4.0 3.0 3.0 4.0 3.0
	FCSp4	3.2	0.82		2.0 2.0 2.0 2.0 3.0 3.0 3.0 4.0 3.0
program components:
	Skating Skills	1.60 7.75 7.75 7.50 7.75 7.75 7.75 7.50 7.75 7.75 7.71
	Transitions	1.60 7.50 7.25 7.25 7.25 7.75 7.25 7.75 7.75 7.00 7.43
	Performance	1.60 8.00 7.75 8.00 7.75 8.25 8.00 8.00 8.00 7.75 7.93
	Composition	1.60 8.00 7.75 7.50 8.00 8.50 7.75 7.75 8.00 7.50 7.82
	Interpretation of the Music	1.60 8.00 7.75 8.25 8.25 8.25 8.00 8.00 8.25 7.50 8.07
deductions:

name: Yuna SHIRAIWA
rank: 4
startingNbr: 6
elements:
	3Lz+3T	10.1	1.6		3.0 3.0 3.0 2.0 2.0 2.0 3.0 3.0 3.0
	2A	3.3	0.85		2.0 3.0 3.0 3.0 3.0 2.0 2.0 2.0 4.0
	FSSp4	3.0	0.69		2.0 2.0 3.0 1.0 1.0 3.0 2.0 3.0 3.0
	StSq3	3.3	0.71		3.0 3.0 2.0 2.0 2.0 2.0 0.0 2.0 2.0
	3F	5.3	1.14		2.0 3.0 2.0 1.0 2.0 2.0 2.0 2.0 3.0
	2A<	2.48	-0.32	<	-1.0 -1.0 -1.0 -2.0 -2.0 -2.0 -1.0 -1.0 -1.0
	FCSp4	3.2	0.78		3.0 2.0 3.0 2.0 3.0 3.0 1.0 3.0 -1.0
	ChSq1	3.0	0.5		1.0 1.0 1.0 1.0 1.0 0.0 1.0 1.0 1.0
	3Lz+3T	11.11	1.01	x	1.0 3.0 2.0 1.0 1.0 0.0 2.0 2.0 3.0
	3S<	3.55	-0.83	< x	-2.0 -2.0 -4.0 -3.0 -3.0 -2.0 -1.0 -3.0 -3.0
	CCoSp4	3.5	0.55		2.0 2.0 2.0 1.0 1.0 2.0 1.0 3.0 1.0
	3Lo<	4.05	-1.84	< x	-5.0 -4.0 -5.0 -5.0 -5.0 -5.0 -5.0 -5.0 -5.0
program components:
	Skating Skills	1.60 8.00 7.75 7.75 7.50 7.75 8.25 7.75 7.50 7.75 7.75
	Transitions	1.60 7.25 7.50 7.25 7.75 7.25 7.50 7.25 7.25 7.25 7.32
	Performance	1.60 7.50 7.75 7.25 7.75 7.50 7.75 7.75 7.25 7.75 7.61
	Composition	1.60 7.50 7.75 7.50 8.25 7.75 8.00 7.50 7.50 7.50 7.64
	Interpretation of the Music	1.60 7.75 8.00 7.75 8.00 7.50 7.75 7.75 7.50 7.50 7.71
deductions:
	falls: 1

name: Alexia PAGANINI
rank: 5
startingNbr: 10
elements:
	3Lz	5.9	1.69		3.0 2.0 3.0 3.0 2.0 3.0 3.0 3.0 3.0
	3T+1Eu+3S<	7.93	-0.54	<	0.0 -2.0 -1.0 -1.0 -1.0 0.0 -2.0 -2.0 -2.0
	3Lo+2T	6.2	0.56		2.0 1.0 2.0 2.0 0.0 0.0 1.0 2.0 0.0
	2A	3.3	0.47		1.0 1.0 2.0 2.0 1.0 2.0 1.0 1.0 2.0
	FCCoSp2V	1.88	0.22		1.0 2.0 2.0 0.0 1.0 2.0 0.0 2.0 0.0
	ChSq1	3.0	0.64		1.0 1.0 1.0 2.0 2.0 1.0 1.0 2.0 1.0
	3Lo	5.39	0.91	x	2.0 2.0 2.0 2.0 2.0 1.0 0.0 3.0 2.0
	3T+2T	6.05	0.54	x	2.0 1.0 2.0 1.0 0.0 1.0 1.0 2.0 1.0
	2A	3.63	0.38	x	2.0 1.0 2.0 1.0 0.0 1.0 0.0 1.0 2.0
	FCLSp4	3.2	0.27		3.0 1.0 0.0 1.0 0.0 1.0 1.0 1.0 1.0
	StSq3	3.3	0.85		3.0 2.0 2.0 2.0 3.0 3.0 1.0 3.0 3.0
	CCoSp4V	2.63	0.45		2.0 2.0 2.0 1.0 1.0 2.0 0.0 2.0 3.0
program components:
	Skating Skills	1.60 7.25 7.50 7.75 7.50 7.75 7.25 7.00 7.75 7.50 7.50
	Transitions	1.60 7.25 7.25 7.50 7.25 7.00 6.50 6.75 7.50 7.00 7.14
	Performance	1.60 7.75 7.50 8.00 7.75 7.75 7.75 7.25 8.00 7.75 7.75
	Composition	1.60 7.50 7.50 8.00 7.75 8.00 7.25 7.00 7.75 7.75 7.64
	Interpretation of the Music	1.60 7.75 7.50 8.25 7.50 7.75 7.25 7.25 8.00 7.50 7.61
deductions:

name: Elizabet TURSYNBAEVA
rank: 6
startingNbr: 7
elements:
	3Lz<	4.43	-0.57	<	-1.0 -2.0 -1.0 -2.0 -2.0 1.0 0.0 -1.0 -3.0
	3F	5.3	-2.57		-5.0 -5.0 -5.0 -5.0 -5.0 -4.0 -4.0 -5.0 -5.0
	2A+2T+2T	5.9	0.61		2.0 1.0 2.0 2.0 2.0 2.0 2.0 2.0 1.0
	3Lo	4.9	-0.42		-1.0 0.0 -2.0 -1.0 -2.0 -1.0 0.0 1.0 -1.0
	FCSp3	2.8	0.52		2.0 2.0 1.0 1.0 2.0 3.0 1.0 3.0 2.0
	ChSq1	3.0	1.07		2.0 2.0 1.0 2.0 2.0 3.0 1.0 3.0 3.0
	3S+3T	9.35	1.04	x	3.0 2.0 3.0 2.0 2.0 3.0 2.0 3.0 2.0
	2A+2T*	3.63	0.52	* x	2.0 1.0 2.0 1.0 2.0 3.0 2.0 1.0 -1.0
	3S	4.73	0.68	x	2.0 1.0 3.0 1.0 1.0 2.0 2.0 2.0 1.0
	CCoSp4	3.5	0.95		3.0 2.0 3.0 2.0 3.0 3.0 2.0 3.0 3.0
	StSq3	3.3	0.85		3.0 3.0 3.0 2.0 2.0 3.0 2.0 3.0 1.0
	FCCoSp4	3.5	1.05		3.0 3.0 4.0 3.0 3.0 3.0 3.0 3.0 3.0
program components:
	Skating Skills	1.60 8.00 7.50 7.50 8.00 8.00 8.25 7.50 7.75 7.50 7.75
	Transitions	1.60 7.50 7.25 7.25 7.50 7.75 8.25 7.50 7.50 7.00 7.46
	Performance	1.60 8.00 7.50 7.75 7.75 8.00 8.00 7.75 7.25 7.25 7.71
	Composition	1.60 8.25 7.50 7.50 8.00 7.75 8.50 8.00 7.50 7.25 7.79
	Interpretation of the Music	1.60 8.00 7.50 8.00 8.00 7.75 8.50 7.75 7.75 7.00 7.82
deductions:
	falls: 1

name: Mako YAMASHITA
rank: 7
startingNbr: 2
elements:
	3Lz<+3T<+2T	8.88	-1.2	<	-3.0 -3.0 -4.0 -3.0 -4.0 0.0 -1.0 -3.0 -2.0
	3F	5.3	-1.14		-2.0 -2.0 -2.0 -3.0 -2.0 -2.0 -2.0 -2.0 -3.0
	2A	3.3	0.47		2.0 1.0 2.0 0.0 1.0 1.0 2.0 1.0 3.0
	CCoSp4	3.5	0.6		2.0 2.0 3.0 1.0 1.0 1.0 1.0 2.0 3.0
	ChSq1	3.0	0.86		2.0 1.0 3.0 3.0 1.0 1.0 2.0 1.0 2.0
	2A	3.3	0.61		1.0 2.0 3.0 2.0 1.0 1.0 2.0 2.0 4.0
	FCSp4	3.2	0.41		1.0 2.0 2.0 1.0 1.0 1.0 1.0 1.0 3.0
	3Lz+3T<<	7.92	-2.53	<< x	-4.0 -3.0 -4.0 -5.0 -5.0 -4.0 -4.0 -5.0 -4.0
	3Lo<	4.05	-0.53	< x	-1.0 -2.0 -1.0 -1.0 -3.0 0.0 -1.0 -2.0 -2.0
	StSq3	3.3	0.57		2.0 2.0 3.0 1.0 1.0 1.0 2.0 1.0 3.0
	3S+2T<	5.81	-1.35	< x	-2.0 -2.0 -3.0 -3.0 -4.0 -3.0 -4.0 -3.0 -4.0
	FCCoSp4	3.5	0.5		2.0 2.0 2.0 1.0 1.0 1.0 1.0 1.0 2.0
program components:
	Skating Skills	1.60 7.50 7.50 8.00 6.75 7.50 7.75 7.50 6.75 7.25 7.39
	Transitions	1.60 7.00 7.25 7.75 6.50 7.25 7.00 7.25 6.25 6.75 7.00
	Performance	1.60 7.25 7.50 7.25 7.00 7.00 7.50 7.25 6.75 7.00 7.18
	Composition	1.60 7.50 7.50 8.00 7.00 7.00 7.50 7.00 7.00 7.25 7.25
	Interpretation of the Music	1.60 7.25 7.75 8.00 7.25 7.25 7.50 7.50 7.00 7.00 7.36
deductions:

name: Polina TSURSKAYA
rank: 8
startingNbr: 3
elements:
	3Lz+3T<	9.05	-0.67	<	0.0 -1.0 -1.0 -1.0 -2.0 1.0 -1.0 -3.0 -2.0
	3F	5.3	-0.15	!	0.0 0.0 -1.0 0.0 -1.0 0.0 -1.0 0.0 2.0
	2A<	2.48	-0.18	<	0.0 -2.0 -1.0 -1.0 -1.0 0.0 1.0 0.0 -2.0
	2A<+3T<	5.63	-1.58	<	-5.0 -5.0 -5.0 -5.0 -5.0 -5.0 -5.0 -5.0 -5.0
	CSp2	1.8	0.18		1.0 2.0 2.0 0.0 0.0 3.0 1.0 1.0 0.0
	ChSq1	3.0	0.21		1.0 0.0 1.0 1.0 -1.0 2.0 -1.0 0.0 1.0
	2Lz+2T+2T	5.17	0.24	x	0.0 1.0 1.0 1.0 1.0 2.0 2.0 0.0 2.0
	3Lo	5.39	-2.45	x	-5.0 -5.0 -5.0 -5.0 -5.0 -5.0 -5.0 -5.0 -5.0
	2S	1.43	0.04	x	0.0 1.0 0.0 0.0 0.0 1.0 2.0 0.0 0.0
	StSq2	2.6	0.15		1.0 1.0 0.0 1.0 0.0 2.0 1.0 0.0 -1.0
	CCoSp1	2.0	0.0		0.0 1.0 -1.0 0.0 0.0 2.0 -2.0 -1.0 1.0
	LSp1*	0.0	0.0	*	0.0 0.0 0.0 0.0 0.0 0.0 0.0 0.0 0.0
program components:
	Skating Skills	1.60 7.50 7.25 7.00 6.75 7.25 7.75 6.75 6.25 7.00 7.07
	Transitions	1.60 7.25 6.75 6.75 6.50 6.50 7.50 7.00 5.75 6.25 6.71
	Performance	1.60 6.75 7.00 6.25 6.25 6.50 7.50 7.25 6.00 6.50 6.64
	Composition	1.60 7.50 7.50 6.50 7.00 7.00 7.75 7.00 6.00 7.00 7.07
	Interpretation of the Music	1.60 7.25 7.25 6.75 6.75 6.75 7.75 7.00 6.00 6.50 6.89
deductions:
	falls: 2

name: Yura MATSUDA
rank: 9
startingNbr: 5
elements:
	3T<	3.15	-1.58	<	-5.0 -5.0 -5.0 -5.0 -5.0 -5.0 -5.0 -5.0 -5.0
	2A	3.3	-1.04		-4.0 -4.0 -3.0 -3.0 -3.0 -3.0 -2.0 -3.0 -3.0
	CCoSp3V	2.25	0.39		2.0 1.0 2.0 1.0 2.0 2.0 -1.0 3.0 2.0
	2Lo	1.7	0.1		1.0 0.0 1.0 0.0 0.0 1.0 1.0 0.0 2.0
	3S	4.3	0.55		1.0 1.0 2.0 0.0 1.0 2.0 1.0 1.0 2.0
	FCSp4	3.2	0.55		2.0 1.0 2.0 0.0 2.0 3.0 1.0 2.0 2.0
	3T<+REP	2.43	-0.5	< x	-1.0 -2.0 -1.0 -2.0 -3.0 -2.0 -1.0 -1.0 -2.0
	StSq2	2.6	0.41		2.0 2.0 3.0 0.0 1.0 1.0 1.0 2.0 2.0
	2A	3.63	0.24	x	0.0 1.0 2.0 0.0 1.0 1.0 1.0 -1.0 1.0
	1S	0.44	-0.02	x	-1.0 0.0 0.0 -1.0 0.0 0.0 -1.0 0.0 -1.0
	ChSq1	3.0	0.5		2.0 1.0 1.0 0.0 1.0 0.0 1.0 2.0 1.0
	FCCoSp2	2.5	0.21		1.0 2.0 1.0 1.0 1.0 1.0 -1.0 2.0 -1.0
program components:
	Skating Skills	1.60 6.75 6.75 7.00 6.25 7.00 7.50 7.00 7.00 7.25 6.96
	Transitions	1.60 6.50 6.50 6.75 5.75 6.50 6.75 6.75 6.50 6.75 6.61
	Performance	1.60 6.50 6.75 7.00 5.75 6.75 6.50 7.25 6.75 6.75 6.71
	Composition	1.60 6.75 7.00 7.00 6.50 7.00 7.00 7.25 7.25 7.00 7.00
	Interpretation of the Music	1.60 6.75 7.00 7.50 6.25 6.75 6.75 7.25 7.00 6.75 6.89
deductions:
	falls: 1

