event name: ISU GP Rostelecom Cup 2018
event type: MEN FREE SKATING
name: Yuzuru HANYU
rank: 1
startingNbr: 10
elements:
	4S	9.7	3.6		5.0 3.0 4.0 4.0 4.0 3.0 3.0 4.0 4.0
	4T	9.5	4.34		5.0 4.0 4.0 5.0 5.0 3.0 4.0 5.0 5.0
	FCCoSp4	3.5	1.25		3.0 3.0 4.0 3.0 4.0 4.0 3.0 4.0 4.0
	StSq3	3.3	1.18		4.0 5.0 2.0 4.0 3.0 3.0 3.0 4.0 4.0
	3Lo	4.9	1.33		3.0 3.0 3.0 4.0 1.0 2.0 2.0 3.0 3.0
	3F	5.3	0.53	!	0.0 2.0 0.0 1.0 0.0 2.0 0.0 3.0 2.0
	4T+1Eu<<+3S	15.18	-3.26	<< x	-2.0 -3.0 -4.0 -3.0 -4.0 -3.0 -3.0 -4.0 -5.0
	3A<	6.6	-3.0	< x	-4.0 -5.0 -5.0 -5.0 -5.0 -5.0 -5.0 -5.0 -5.0
	1A	1.21	-0.2	x	2.0 -2.0 -1.0 -2.0 -1.0 -1.0 -4.0 -3.0 -3.0
	ChSq1	3.0	1.5		2.0 5.0 2.0 4.0 3.0 2.0 3.0 4.0 3.0
	FCSSp4	3.0	0.94		3.0 5.0 2.0 3.0 3.0 3.0 3.0 4.0 3.0
	CCoSp4	3.5	1.35		4.0 5.0 2.0 4.0 4.0 4.0 4.0 4.0 3.0
program components:
	Skating Skills	2.00 9.25 9.50 9.00 9.50 9.25 9.25 9.00 9.25 9.25 9.25
	Transitions	2.00 9.00 9.50 8.75 9.25 9.00 9.25 8.75 9.00 8.75 9.00
	Performance	2.00 9.00 9.25 8.50 9.25 8.75 9.25 8.75 9.00 8.50 8.93
	Composition	2.00 9.25 9.75 8.75 9.25 9.25 9.00 9.25 9.25 9.00 9.18
	Interpretation of the Music	2.00 9.00 9.50 8.75 9.25 8.75 9.00 9.00 9.00 8.75 8.96
deductions:
	falls: 1

name: Morisi KVITELASHVILI
rank: 2
startingNbr: 12
elements:
	4S+3T	13.9	0.55		2.0 1.0 0.0 0.0 0.0 1.0 0.0 2.0 0.0
	3A<	6.0	-0.69	<	-2.0 -1.0 -2.0 -1.0 -1.0 -1.0 -2.0 0.0 0.0
	3F+1Eu+3S	10.1	0.98		1.0 2.0 2.0 3.0 2.0 1.0 1.0 2.0 3.0
	3Lo	4.9	-1.26		-3.0 -1.0 -3.0 -3.0 -2.0 -3.0 -3.0 -2.0 -2.0
	FCSp4	3.2	0.14		1.0 2.0 -1.0 -1.0 1.0 0.0 1.0 1.0 0.0
	ChSq1	3.0	0.64		1.0 2.0 1.0 1.0 2.0 0.0 1.0 2.0 1.0
	4T+2T	11.88	1.49	x	1.0 2.0 1.0 3.0 2.0 1.0 1.0 3.0 1.0
	4T	10.45	-1.76	x	-1.0 -1.0 -2.0 -2.0 -2.0 -2.0 -2.0 -2.0 -4.0
	3F	5.83	0.38	x	1.0 1.0 0.0 2.0 1.0 0.0 1.0 0.0 1.0
	FCCoSp4	3.5	0.4		1.0 1.0 1.0 2.0 2.0 0.0 1.0 1.0 1.0
	StSq3	3.3	0.42		1.0 2.0 0.0 1.0 2.0 1.0 2.0 1.0 1.0
	CCoSp4	3.5	0.35		1.0 2.0 -1.0 0.0 2.0 1.0 1.0 1.0 1.0
program components:
	Skating Skills	2.00 8.00 8.50 7.25 7.50 8.50 8.00 8.00 7.75 8.25 8.00
	Transitions	2.00 7.50 8.25 6.75 7.25 8.00 7.50 7.75 7.25 7.50 7.54
	Performance	2.00 7.75 8.25 7.00 7.50 8.50 7.50 7.75 7.75 7.75 7.75
	Composition	2.00 7.75 8.50 7.00 7.50 8.50 7.25 8.00 7.75 7.75 7.79
	Interpretation of the Music	2.00 7.75 8.25 7.00 7.00 8.50 7.50 8.00 7.50 7.50 7.64
deductions:

name: Kazuki TOMONO
rank: 3
startingNbr: 7
elements:
	4S+2T	11.0	-1.52		-2.0 -1.0 -2.0 -2.0 -2.0 -1.0 -1.0 -2.0 -1.0
	4S	9.7	1.94		4.0 -1.0 2.0 3.0 2.0 2.0 2.0 2.0 1.0
	3A+1Eu<+3S	12.68	-0.69	<	-1.0 -2.0 -1.0 0.0 -1.0 0.0 -1.0 0.0 -2.0
	FSSp4	3.0	-0.13		0.0 -2.0 -2.0 -1.0 1.0 1.0 1.0 0.0 -2.0
	StSq2	2.6	0.74		3.0 1.0 3.0 3.0 3.0 3.0 3.0 3.0 2.0
	3Lo	4.9	0.98		2.0 0.0 2.0 3.0 1.0 2.0 2.0 2.0 3.0
	3A+3T<	12.27	-2.86	< x	-5.0 -3.0 -4.0 -3.0 -3.0 -3.0 -3.0 -4.0 -5.0
	3F<	4.38	-0.4	! x	-1.0 -3.0 -2.0 0.0 -3.0 0.0 0.0 0.0 -1.0
	FCCoSp4	3.5	0.25		1.0 -1.0 1.0 2.0 1.0 1.0 1.0 0.0 0.0
	3Lz	6.49	1.01	x	2.0 0.0 2.0 3.0 1.0 2.0 2.0 2.0 1.0
	ChSq1	3.0	1.0		2.0 0.0 3.0 2.0 2.0 2.0 2.0 2.0 2.0
	CCoSp4	3.5	0.55		1.0 1.0 2.0 3.0 1.0 2.0 2.0 1.0 2.0
program components:
	Skating Skills	2.00 8.00 7.50 8.00 8.00 8.25 8.00 7.75 8.00 7.75 7.93
	Transitions	2.00 7.50 7.75 7.75 7.75 8.00 7.75 7.50 7.75 7.25 7.68
	Performance	2.00 7.75 7.50 8.25 7.75 8.00 7.75 7.75 8.00 8.00 7.86
	Composition	2.00 8.00 7.75 8.00 8.00 8.50 8.00 7.75 7.75 8.00 7.93
	Interpretation of the Music	2.00 7.75 7.50 8.25 7.50 8.00 8.25 7.75 7.75 8.25 7.89
deductions:

name: Mikhail KOLYADA
rank: 4
startingNbr: 6
elements:
	4S	9.7	2.91		3.0 2.0 4.0 3.0 3.0 3.0 3.0 3.0 3.0
	4T+3T	13.7	2.99		4.0 1.0 4.0 3.0 2.0 3.0 3.0 4.0 3.0
	3A+1T	8.4	-0.23		0.0 -1.0 -2.0 -2.0 0.0 1.0 0.0 0.0 1.0
	FSSp3	2.6	0.67		2.0 2.0 2.0 3.0 3.0 3.0 2.0 3.0 4.0
	ChSq1	3.0	1.5		2.0 2.0 3.0 3.0 4.0 3.0 3.0 3.0 4.0
	1A	1.1	0.08		1.0 0.0 -1.0 0.0 1.0 1.0 2.0 1.0 1.0
	2Lo	1.87	-0.05	x	0.0 -1.0 -1.0 0.0 0.0 1.0 1.0 -1.0 -1.0
	2Lz+1Eu<+2S	4.16	-0.27	< x	-1.0 -1.0 -3.0 -2.0 -1.0 -2.0 -1.0 -1.0 -1.0
	3Lz	6.49	1.6	x	3.0 0.0 3.0 3.0 2.0 3.0 3.0 2.0 3.0
	StSq3	3.3	0.94		3.0 1.0 2.0 2.0 3.0 3.0 4.0 4.0 3.0
	CCSp4	3.2	0.82		2.0 2.0 3.0 3.0 3.0 2.0 3.0 3.0 2.0
	CCoSp2V	1.88	0.46		2.0 2.0 2.0 2.0 2.0 3.0 3.0 3.0 3.0
program components:
	Skating Skills	2.00 8.75 9.25 8.50 8.75 8.75 8.50 8.25 8.50 9.00 8.68
	Transitions	2.00 8.50 9.00 8.00 7.75 8.50 8.25 8.00 8.25 8.50 8.29
	Performance	2.00 8.75 9.00 8.25 8.25 8.75 8.50 8.25 8.50 8.25 8.46
	Composition	2.00 8.75 9.25 8.50 8.25 9.00 8.75 8.50 8.50 8.50 8.64
	Interpretation of the Music	2.00 8.50 9.25 8.50 8.50 8.75 9.00 8.75 8.50 8.75 8.68
deductions:

name: Andrei LAZUKIN
rank: 5
startingNbr: 2
elements:
	4T+3T	13.7	3.12		4.0 2.0 4.0 4.0 3.0 3.0 3.0 3.0 3.0
	4T	9.5	-0.81		-1.0 -2.0 -1.0 -1.0 -1.0 -1.0 -1.0 0.0 0.0
	3A+2T	9.3	0.11		1.0 -1.0 0.0 0.0 0.0 0.0 0.0 1.0 0.0
	FCSp4	3.2	0.73		2.0 2.0 2.0 3.0 2.0 2.0 2.0 3.0 4.0
	3A	8.0	0.69		2.0 0.0 1.0 2.0 1.0 0.0 1.0 1.0 0.0
	StSq2	2.6	0.56		2.0 1.0 2.0 3.0 2.0 2.0 2.0 2.0 3.0
	3F	5.83	0.83	x	2.0 0.0 2.0 1.0 2.0 2.0 1.0 2.0 1.0
	3Lz+1Eu+3S<	10.59	-1.18	< x	0.0 -2.0 0.0 -3.0 -3.0 -2.0 -3.0 -1.0 -3.0
	3Lo<	4.05	-0.74	< x	-2.0 -1.0 -2.0 -3.0 -2.0 -2.0 -2.0 -2.0 -2.0
	CSSp3	2.6	0.37		2.0 0.0 1.0 2.0 2.0 0.0 2.0 1.0 2.0
	ChSq1	3.0	0.86		2.0 1.0 2.0 1.0 2.0 0.0 2.0 2.0 2.0
	CCoSp4	3.5	0.5		1.0 0.0 2.0 2.0 2.0 1.0 2.0 1.0 1.0
program components:
	Skating Skills	2.00 8.00 7.25 7.25 7.00 7.75 7.50 7.75 7.50 7.50 7.50
	Transitions	2.00 7.50 7.50 6.50 6.75 7.50 7.25 7.25 6.75 7.00 7.14
	Performance	2.00 8.00 7.00 7.00 7.25 7.75 7.00 7.75 7.25 7.25 7.32
	Composition	2.00 7.75 7.25 7.00 7.00 8.00 7.00 7.75 7.50 7.50 7.39
	Interpretation of the Music	2.00 8.00 6.75 6.75 7.00 7.75 7.25 7.75 7.25 7.75 7.36
deductions:
	time violation: -1.00

name: Keegan MESSING
rank: 6
startingNbr: 4
elements:
	3Lz	5.9	0.76		2.0 0.0 1.0 -1.0 2.0 1.0 1.0 2.0 3.0
	4T	9.5	-4.07		-5.0 -4.0 -4.0 -5.0 -4.0 -4.0 -5.0 -3.0 -4.0
	3A	8.0	2.29		3.0 1.0 3.0 2.0 3.0 3.0 3.0 3.0 4.0
	FSSp4	3.0	0.9		3.0 3.0 3.0 3.0 2.0 3.0 3.0 4.0 3.0
	3Lo	4.9	0.98		1.0 1.0 2.0 2.0 2.0 2.0 2.0 3.0 3.0
	StSq3	3.3	0.94		3.0 2.0 2.0 3.0 3.0 3.0 3.0 4.0 3.0
	4T<+REP	5.49	-3.57	< x	-5.0 -5.0 -5.0 -5.0 -5.0 -5.0 -5.0 -5.0 -5.0
	3S+3T	9.35	0.8	x	2.0 0.0 2.0 2.0 2.0 1.0 2.0 2.0 2.0
	3A+2T	10.23	-2.4	x	-3.0 -3.0 -4.0 -4.0 -3.0 -3.0 -2.0 -3.0 -2.0
	FCCoSp3	3.0	0.73		2.0 2.0 3.0 2.0 2.0 3.0 2.0 3.0 3.0
	ChSq1	3.0	1.07		-1.0 2.0 3.0 3.0 2.0 1.0 2.0 4.0 2.0
	CCoSp4	3.5	1.1		2.0 3.0 3.0 4.0 3.0 5.0 2.0 3.0 4.0
program components:
	Skating Skills	2.00 8.00 8.25 8.00 7.50 8.25 8.25 8.00 8.50 8.00 8.11
	Transitions	2.00 7.75 8.00 7.75 7.25 8.00 8.50 7.75 8.50 7.75 7.93
	Performance	2.00 8.00 7.50 7.75 7.25 7.75 7.75 8.00 8.25 7.50 7.75
	Composition	2.00 7.75 8.25 8.25 7.50 8.50 8.25 8.00 8.50 8.25 8.18
	Interpretation of the Music	2.00 8.25 8.00 8.00 7.50 8.25 8.50 8.25 8.50 7.75 8.14
deductions:
	falls: 2

name: Paul FENTZ
rank: 7
startingNbr: 8
elements:
	3A	8.0	1.94		2.0 2.0 4.0 3.0 2.0 2.0 2.0 2.0 4.0
	3T	4.2	0.6		1.0 0.0 2.0 2.0 1.0 1.0 1.0 2.0 2.0
	3Lz+2T	7.2	0.84		2.0 0.0 1.0 2.0 2.0 0.0 2.0 2.0 1.0
	3Lo	4.9	0.84		2.0 1.0 1.0 2.0 1.0 1.0 2.0 3.0 3.0
	CCoSp4	3.5	-0.05		-1.0 0.0 -2.0 1.0 -1.0 0.0 1.0 0.0 0.0
	3A+2T	10.23	-1.37	x	-3.0 -1.0 -2.0 -2.0 -2.0 -2.0 -1.0 -2.0 -1.0
	3Lz+1Eu+2F	9.02	0.08	x	-1.0 0.0 0.0 0.0 0.0 1.0 0.0 1.0 0.0
	FCSp3	2.8	0.36		1.0 1.0 1.0 1.0 1.0 2.0 1.0 2.0 2.0
	StSq3	3.3	0.42		1.0 0.0 1.0 1.0 3.0 1.0 1.0 2.0 2.0
	3S	4.73	0.8	x	1.0 0.0 2.0 2.0 2.0 2.0 2.0 2.0 3.0
	CSSp4	3.0	0.17		1.0 0.0 0.0 0.0 1.0 0.0 1.0 1.0 2.0
	ChSq1	3.0	0.64		2.0 1.0 1.0 1.0 1.0 1.0 1.0 2.0 3.0
program components:
	Skating Skills	2.00 7.25 7.25 7.25 7.75 7.50 7.75 7.50 7.50 8.00 7.50
	Transitions	2.00 6.75 6.75 6.75 7.25 7.25 7.00 7.25 7.25 7.50 7.07
	Performance	2.00 7.00 7.00 7.00 7.50 7.25 7.50 7.50 7.50 7.50 7.32
	Composition	2.00 7.00 7.00 7.25 7.50 7.25 7.25 7.50 7.75 7.50 7.32
	Interpretation of the Music	2.00 7.00 6.75 7.00 7.50 7.50 7.25 7.75 7.50 7.75 7.36
deductions:

name: Alexei KRASNOZHON
rank: 8
startingNbr: 9
elements:
	3A+2T	9.3	-0.34		0.0 -1.0 -1.0 -1.0 -1.0 0.0 0.0 0.0 0.0
	3A	8.0	-0.8		-1.0 -1.0 -1.0 -2.0 -1.0 -1.0 -1.0 -1.0 -1.0
	3F+3T<	8.45	-1.59	!	-2.0 -3.0 -4.0 -4.0 -3.0 -2.0 -3.0 -3.0 -3.0
	2A	3.3	-0.14		0.0 -1.0 -1.0 -1.0 -1.0 0.0 1.0 0.0 0.0
	FCSp3	2.8	-0.08		1.0 0.0 0.0 -1.0 0.0 -1.0 0.0 0.0 -1.0
	StSq3	3.3	0.33		1.0 0.0 1.0 1.0 2.0 1.0 1.0 1.0 1.0
	3F+3Lo<+2T	11.31	-1.67	! x	-4.0 -3.0 -4.0 -4.0 -3.0 -3.0 -3.0 -2.0 -1.0
	3Lz	6.49	0.59	x	1.0 0.0 0.0 1.0 2.0 1.0 1.0 2.0 1.0
	3S	4.73	0.25	x	1.0 0.0 0.0 0.0 1.0 0.0 1.0 1.0 1.0
	ChSq1	3.0	0.21		0.0 1.0 0.0 -1.0 1.0 0.0 0.0 1.0 1.0
	CSSp3	2.6	0.04		1.0 0.0 0.0 -1.0 1.0 0.0 0.0 0.0 0.0
	CCoSp4	3.5	0.05		0.0 0.0 0.0 -1.0 1.0 0.0 1.0 0.0 0.0
program components:
	Skating Skills	2.00 7.00 7.00 7.50 7.00 7.25 7.50 7.25 7.00 7.00 7.14
	Transitions	2.00 6.50 6.75 6.50 6.75 7.00 7.00 7.00 6.75 5.75 6.75
	Performance	2.00 7.00 6.75 6.75 6.75 7.50 7.00 7.00 6.50 6.50 6.82
	Composition	2.00 6.75 7.00 7.00 7.00 7.50 7.25 7.25 6.75 6.25 7.00
	Interpretation of the Music	2.00 6.75 6.50 6.75 6.50 7.00 7.25 7.25 7.00 6.50 6.82
deductions:

name: Brendan KERRY
rank: 9
startingNbr: 1
elements:
	4T	9.5	-0.95		-1.0 -1.0 -1.0 -1.0 -1.0 -1.0 -1.0 -1.0 0.0
	3T	4.2	-0.72		-2.0 -2.0 -1.0 -3.0 -2.0 -1.0 -1.0 -3.0 1.0
	3Lz+2T	7.2	0.0		0.0 0.0 1.0 0.0 0.0 0.0 0.0 0.0 0.0
	CCSp3	2.8	0.0		1.0 0.0 0.0 -1.0 0.0 0.0 0.0 0.0 0.0
	StSq3	3.3	0.33		1.0 0.0 0.0 1.0 1.0 2.0 2.0 1.0 1.0
	3A+1Eu+2S	9.8	1.03		1.0 1.0 1.0 2.0 2.0 1.0 1.0 2.0 1.0
	2A	3.63	0.28	x	1.0 0.0 0.0 0.0 1.0 1.0 2.0 2.0 1.0
	3A	8.8	1.26	x	2.0 1.0 2.0 1.0 1.0 2.0 2.0 2.0 1.0
	2A	3.63	0.24	x	1.0 0.0 1.0 0.0 1.0 1.0 2.0 1.0 0.0
	ChSq1	3.0	1.0		2.0 2.0 2.0 2.0 2.0 3.0 2.0 2.0 2.0
	CCoSp2V	1.88	-0.46		-3.0 -2.0 -3.0 -3.0 -3.0 -2.0 1.0 -2.0 -2.0
	FSSp3	2.6	0.3		1.0 1.0 1.0 1.0 0.0 1.0 2.0 2.0 1.0
program components:
	Skating Skills	2.00 7.50 7.25 6.75 6.50 7.25 7.25 7.25 7.00 7.00 7.11
	Transitions	2.00 7.00 6.75 6.25 6.25 6.75 6.75 7.00 6.75 6.50 6.68
	Performance	2.00 7.25 7.25 6.50 6.50 7.25 7.00 7.25 7.00 6.75 7.00
	Composition	2.00 7.25 7.25 6.50 6.25 7.25 7.00 7.50 7.00 6.50 6.96
	Interpretation of the Music	2.00 7.50 7.00 6.75 6.50 7.25 7.25 7.50 6.75 7.25 7.11
deductions:

name: Alexander MAJOROV
rank: 10
startingNbr: 11
elements:
	4T	9.5	2.58		2.0 1.0 3.0 3.0 3.0 3.0 2.0 3.0 3.0
	1A	1.1	-0.28		-3.0 -3.0 -2.0 -3.0 -2.0 -2.0 -3.0 -3.0 -1.0
	3Lz+2T	7.2	-0.25		0.0 -1.0 -1.0 -1.0 1.0 0.0 0.0 -1.0 0.0
	FCCoSp4	3.5	0.2		1.0 1.0 1.0 0.0 1.0 0.0 0.0 0.0 1.0
	2Fe	1.35	-0.33	e	-3.0 -2.0 -4.0 -3.0 -2.0 -3.0 -2.0 -1.0 -2.0
	StSq3	3.3	0.47		1.0 1.0 1.0 2.0 2.0 2.0 1.0 2.0 1.0
	2A	3.63	-1.65	x	-5.0 -5.0 -5.0 -5.0 -5.0 -5.0 -5.0 -5.0 -5.0
	2A+2T	5.06	0.24	x	1.0 0.0 -1.0 1.0 1.0 1.0 0.0 1.0 2.0
	FSSp3	2.6	-0.04		0.0 -1.0 -1.0 0.0 1.0 0.0 0.0 0.0 0.0
	3S	4.73	0.74	x	1.0 2.0 2.0 2.0 3.0 1.0 1.0 2.0 2.0
	ChSq1	3.0	0.79		1.0 2.0 1.0 2.0 3.0 1.0 1.0 2.0 2.0
	CCoSp4	3.5	0.4		2.0 1.0 1.0 1.0 2.0 1.0 1.0 1.0 1.0
program components:
	Skating Skills	2.00 7.25 7.50 7.25 7.50 7.50 7.50 7.50 7.50 7.50 7.46
	Transitions	2.00 7.00 7.00 7.00 7.25 7.25 7.50 7.00 7.25 7.25 7.14
	Performance	2.00 7.00 7.50 7.25 7.25 7.00 7.25 7.25 7.50 7.25 7.25
	Composition	2.00 7.00 7.50 7.00 7.50 7.75 7.00 7.50 7.75 7.25 7.36
	Interpretation of the Music	2.00 7.25 7.25 6.75 7.25 7.25 7.25 7.50 7.50 7.00 7.25
deductions:
	falls: 1

name: Artur DMITRIEV
rank: 11
startingNbr: 5
elements:
	4T	9.5	-2.04		-2.0 -1.0 -2.0 -3.0 -3.0 -1.0 -2.0 -3.0 -2.0
	4A<<	8.0	-4.0	<<	-5.0 -5.0 -5.0 -5.0 -5.0 -5.0 -5.0 -5.0 -5.0
	3A+1Lo+3Lo<	12.18	-1.6	<	-2.0 -2.0 -3.0 -3.0 -2.0 -2.0 -1.0 -1.0 -2.0
	FCSp4	3.2	0.41		1.0 1.0 2.0 2.0 2.0 0.0 1.0 0.0 3.0
	StSq3	3.3	0.33		0.0 2.0 1.0 1.0 2.0 0.0 1.0 1.0 1.0
	2T	1.3	0.04		0.0 0.0 0.0 0.0 1.0 0.0 1.0 1.0 0.0
	3A	8.8	-4.0	x	-5.0 -5.0 -5.0 -5.0 -5.0 -5.0 -5.0 -5.0 -5.0
	3F+2T	7.26	0.0	x	0.0 0.0 0.0 0.0 0.0 0.0 0.0 0.0 0.0
	ChSq1	3.0	0.5		0.0 1.0 1.0 1.0 1.0 1.0 1.0 1.0 2.0
	3Lz<	4.87	-2.22	< x	-5.0 -5.0 -5.0 -5.0 -5.0 -5.0 -4.0 -5.0 -5.0
	CCoSp4	3.5	0.1		0.0 0.0 -1.0 -1.0 1.0 1.0 1.0 0.0 1.0
	CSSp2	2.3	0.07		0.0 0.0 1.0 0.0 1.0 0.0 1.0 0.0 0.0
program components:
	Skating Skills	2.00 7.25 7.50 7.25 6.75 7.50 7.50 7.00 7.00 7.25 7.25
	Transitions	2.00 6.25 6.75 6.75 6.25 7.00 7.00 6.75 6.50 7.00 6.71
	Performance	2.00 6.75 7.00 7.25 6.25 7.00 6.75 7.00 6.50 6.50 6.79
	Composition	2.00 7.00 7.25 7.00 6.50 7.00 7.00 7.25 6.75 6.75 6.96
	Interpretation of the Music	2.00 6.75 7.00 6.75 6.25 7.25 6.75 7.25 6.75 7.00 6.89
deductions:
	falls: 2

name: Julian Zhi Jie YEE
rank: 12
startingNbr: 3
elements:
	3A<+2T+2Lo	9.0	-2.66	<	-5.0 -5.0 -4.0 -4.0 -5.0 -3.0 -4.0 -4.0 -5.0
	3S	4.3	0.8		2.0 2.0 2.0 0.0 1.0 2.0 2.0 2.0 2.0
	1A	1.1	-0.44		-4.0 -3.0 -3.0 -5.0 -4.0 -4.0 -4.0 -4.0 -5.0
	FSSp4	3.0	0.56		1.0 2.0 1.0 2.0 2.0 2.0 2.0 2.0 2.0
	StSq3	3.3	0.28		-1.0 -1.0 2.0 1.0 1.0 2.0 0.0 2.0 1.0
	3F+2T	6.6	-1.06	!	-2.0 -2.0 -3.0 -3.0 -1.0 -1.0 -1.0 -3.0 -2.0
	3Lo	5.39	0.28	x	1.0 0.0 2.0 1.0 1.0 0.0 1.0 0.0 0.0
	FCCoSp3	3.0	0.09		1.0 0.0 0.0 2.0 0.0 0.0 1.0 0.0 0.0
	3F+2T*	5.83	-1.89	* x	-3.0 -4.0 -2.0 -5.0 -4.0 -4.0 -4.0 -4.0 -2.0
	3Lz	6.49	-0.76	x	0.0 -2.0 -1.0 -2.0 -1.0 0.0 -1.0 -2.0 -3.0
	ChSq1	3.0	0.71		1.0 1.0 2.0 3.0 1.0 1.0 1.0 2.0 2.0
	CCoSp3	3.0	0.34		1.0 1.0 1.0 2.0 1.0 2.0 1.0 1.0 1.0
program components:
	Skating Skills	2.00 7.00 7.00 7.00 6.50 7.00 7.00 6.75 6.75 6.50 6.86
	Transitions	2.00 6.50 6.50 7.25 5.75 6.50 6.75 6.50 6.75 6.00 6.50
	Performance	2.00 7.00 6.75 7.50 6.25 6.75 7.00 6.75 7.00 7.00 6.89
	Composition	2.00 6.75 6.75 7.00 6.00 7.00 6.75 6.75 7.25 6.50 6.79
	Interpretation of the Music	2.00 6.75 7.00 7.25 6.50 7.00 7.25 7.00 7.25 6.75 7.00
deductions:

