event name: ISU GP 2018 Skate America
event type: ICE DANCE FREE DANCE
name: Madison HUBBELL / Zachary DONOHUE
rank: 1
startingNbr: 9
elements:
	SlLi4	5.3	1.23		4.0 4.0 4.0 3.0 3.0 4.0 4.0 3.0 3.0
	SyTwL4+SyTwM4	6.34	2.9		4.0 4.0 4.0 5.0 4.0 4.0 4.0 4.0 4.0
	Sp4	6.0	1.67		4.0 4.0 3.0 4.0 3.0 4.0 4.0 3.0 4.0
	DiSt3	7.45	3.18		4.0 4.0 3.0 3.0 3.0 3.0 4.0 3.0 3.0
	OFStL3+OFStM2	5.59	2.18		4.0 3.0 3.0 3.0 3.0 3.0 3.0 3.0 3.0
	CuLi4+StaLi3	9.6	2.57		5.0 3.0 4.0 4.0 3.0 4.0 4.0 3.0 4.0
	ChSt1	1.1	3.2		4.0 4.0 3.0 5.0 3.0 3.0 5.0 4.0 4.0
	ChSl1	1.1	2.96		4.0 4.0 4.0 4.0 3.0 3.0 4.0 3.0 3.0
	ChLi1	1.1	3.32		5.0 4.0 4.0 4.0 3.0 4.0 4.0 4.0 4.0
program components:
	Skating Skills	1.20 9.25 9.25 9.25 9.00 9.00 9.25 9.00 9.25 9.25 9.18
	Transitions	1.20 9.25 9.00 9.25 9.25 8.75 9.00 8.75 8.75 9.25 9.04
	Performance	1.20 9.50 9.00 9.75 9.50 9.00 9.50 9.25 9.25 9.75 9.39
	Composition	1.20 9.25 9.00 9.50 9.25 9.25 9.25 9.50 9.50 9.75 9.36
	Interpretation of the Music/Timing	1.20 9.50 9.25 9.50 9.25 9.00 9.25 9.25 9.50 9.75 9.36
deductions:

name: Charlene GUIGNARD / Marco FABBRI
rank: 2
startingNbr: 10
elements:
	CoSp4	6.0	1.41		4.0 3.0 4.0 4.0 2.0 3.0 3.0 3.0 2.0
	CiSt3	7.45	3.04		4.0 3.0 3.0 3.0 3.0 2.0 4.0 3.0 3.0
	SyTwL4+SyTwM4	6.34	2.59		4.0 4.0 4.0 4.0 3.0 3.0 4.0 3.0 2.0
	CuLi4	5.3	0.99		3.0 3.0 3.0 3.0 3.0 2.0 3.0 1.0 3.0
	OFStL3+OFStM2	5.59	2.39		4.0 4.0 4.0 3.0 3.0 2.0 4.0 3.0 2.0
	ChSt1	1.1	2.85		4.0 4.0 3.0 4.0 3.0 2.0 3.0 4.0 3.0
	StaLi4	5.3	1.33		5.0 4.0 4.0 4.0 4.0 3.0 4.0 4.0 3.0
	SlLi4	5.3	1.19		4.0 4.0 4.0 4.0 3.0 2.0 3.0 3.0 3.0
	ChLi1	1.1	2.49		4.0 2.0 4.0 3.0 3.0 3.0 4.0 2.0 2.0
	ChSp1	1.1	2.49		4.0 3.0 3.0 3.0 2.0 3.0 3.0 3.0 3.0
program components:
	Skating Skills	1.20 8.75 8.50 8.75 8.75 8.50 8.50 8.50 8.50 8.50 8.57
	Transitions	1.20 8.50 8.00 8.75 8.75 8.25 8.25 8.25 8.25 8.25 8.36
	Performance	1.20 9.00 8.75 9.25 9.25 8.75 8.50 8.50 8.50 8.75 8.79
	Composition	1.20 8.75 8.75 9.00 9.00 9.00 8.50 8.75 8.75 8.75 8.82
	Interpretation of the Music/Timing	1.20 9.00 8.50 9.25 9.00 9.00 8.50 8.50 8.50 8.75 8.75
deductions:

name: Lorraine MCNAMARA / Quinn CARPENTER
rank: 3
startingNbr: 7
elements:
	ChSp1	1.1	1.66		3.0 2.0 2.0 2.0 2.0 1.0 2.0 2.0 2.0
	ChSt1	1.1	1.9		3.0 2.0 3.0 2.0 3.0 2.0 1.0 3.0 1.0
	OFStL2+OFStM3	5.59	1.97		3.0 3.0 3.0 3.0 3.0 2.0 3.0 2.0 2.0
	SlLi4	5.3	1.04		4.0 3.0 4.0 3.0 3.0 2.0 3.0 3.0 2.0
	SyTwL4+SyTwM4	6.34	2.18		4.0 4.0 3.0 3.0 4.0 2.0 3.0 2.0 2.0
	RoLi4	5.3	0.99		3.0 3.0 4.0 3.0 2.0 3.0 3.0 3.0 2.0
	CoSp4	6.0	1.16		4.0 3.0 3.0 2.0 3.0 2.0 2.0 3.0 2.0
	DiSt3	7.45	2.21		3.0 3.0 3.0 2.0 2.0 2.0 2.0 2.0 2.0
	StaLi3	4.3	0.99		3.0 3.0 4.0 3.0 3.0 3.0 2.0 3.0 2.0
	ChLi1	1.1	1.9		3.0 2.0 2.0 2.0 3.0 2.0 3.0 2.0 2.0
program components:
	Skating Skills	1.20 8.50 7.75 8.50 8.25 8.50 8.00 7.75 8.00 7.75 8.11
	Transitions	1.20 7.75 7.50 8.25 8.00 8.25 7.75 7.75 7.75 7.25 7.82
	Performance	1.20 8.50 7.50 8.50 8.25 8.50 8.00 8.25 8.00 8.00 8.21
	Composition	1.20 8.25 7.50 8.50 8.00 8.75 8.00 8.25 8.25 8.00 8.18
	Interpretation of the Music/Timing	1.20 8.25 7.25 8.75 8.25 8.50 8.00 8.00 8.00 8.00 8.14
deductions:

name: Tiffani ZAGORSKI / Jonathan GUERREIRO
rank: 4
startingNbr: 8
elements:
	ChSp1	1.1	2.13		3.0 2.0 2.0 2.0 3.0 3.0 2.0 3.0 3.0
	CuLi4+RoLi4	10.6	2.27	>	3.0 4.0 3.0 3.0 4.0 3.0 2.0 3.0 4.0
	SyTwL4+SyTwM4	6.34	2.08		4.0 3.0 2.0 3.0 3.0 3.0 2.0 3.0 3.0
	OFStL3+OFStM2	5.59	1.97		4.0 3.0 3.0 2.0 3.0 3.0 2.0 2.0 3.0
	CoSp4	6.0	1.03		3.0 1.0 2.0 2.0 2.0 3.0 2.0 2.0 3.0
	StaLi4	5.3	0.54	>	3.0 1.0 0.0 2.0 3.0 2.0 -1.0 0.0 3.0
	CiSt2	6.95	2.35		3.0 2.0 2.0 2.0 3.0 2.0 2.0 3.0 3.0
	ChSt1	1.1	2.25		3.0 3.0 2.0 2.0 3.0 3.0 2.0 3.0 4.0
	ChLi1	1.1	1.66		3.0 1.0 1.0 1.0 3.0 3.0 2.0 2.0 2.0
program components:
	Skating Skills	1.20 8.25 7.75 7.75 7.75 8.75 8.50 8.25 8.25 8.50 8.18
	Transitions	1.20 8.00 7.75 7.75 8.25 8.50 8.50 8.00 7.75 8.50 8.11
	Performance	1.20 8.50 7.50 8.00 8.00 8.75 8.75 8.25 8.00 8.75 8.32
	Composition	1.20 8.25 8.00 8.25 8.00 9.00 8.50 8.50 8.50 9.00 8.43
	Interpretation of the Music/Timing	1.20 8.50 8.00 8.25 8.00 9.00 8.75 8.00 8.25 9.00 8.39
deductions:
	extended lifts: -2.00

name: Lilah FEAR / Lewis GIBSON
rank: 5
startingNbr: 6
elements:
	ChSt1	1.1	2.85		4.0 4.0 4.0 3.0 3.0 3.0 2.0 4.0 3.0
	OFStL3+OFStM3	5.84	1.56		3.0 2.0 3.0 2.0 2.0 2.0 2.0 2.0 2.0
	RoLi4	5.3	1.09		4.0 3.0 4.0 2.0 3.0 3.0 3.0 3.0 3.0
	MiSt3	7.45	1.94		3.0 3.0 2.0 1.0 2.0 2.0 2.0 2.0 1.0
	CoSp4	6.0	0.96		3.0 2.0 2.0 2.0 3.0 2.0 2.0 2.0 2.0
	CuLi4+StaLi4	10.6	1.98		4.0 4.0 3.0 2.0 3.0 3.0 2.0 3.0 2.0
	SyTwL4+SyTwM2	5.84	-1.14		-1.0 -1.0 -2.0 -1.0 1.0 -2.0 -3.0 -2.0 -2.0
	ChTw1	1.1	2.25		4.0 4.0 3.0 1.0 3.0 2.0 3.0 2.0 2.0
	ChSl1	1.1	2.96		4.0 4.0 5.0 3.0 4.0 3.0 3.0 4.0 3.0
program components:
	Skating Skills	1.20 8.25 7.25 8.00 6.75 8.25 8.00 7.50 7.50 7.50 7.71
	Transitions	1.20 8.25 7.00 8.00 7.00 8.00 8.00 7.50 7.25 7.75 7.64
	Performance	1.20 8.25 7.50 8.25 7.25 8.25 8.25 7.75 7.50 7.75 7.89
	Composition	1.20 8.50 7.50 8.50 8.00 8.50 8.00 8.00 8.00 8.00 8.14
	Interpretation of the Music/Timing	1.20 8.50 7.50 8.50 7.50 8.25 8.25 8.00 7.50 7.75 7.96
deductions:

name: Natalia KALISZEK / Maksym SPODYRIEV
rank: 6
startingNbr: 5
elements:
	RoLi4	5.3	0.99		3.0 3.0 2.0 3.0 4.0 3.0 3.0 2.0 3.0
	SyTwL4+SyTwM4	6.34	1.04		3.0 2.0 -1.0 0.0 3.0 1.0 1.0 1.0 2.0
	MiSt2	6.95	1.39		3.0 2.0 1.0 1.0 2.0 1.0 1.0 1.0 2.0
	CoSp3	5.0	0.0		2.0 -1.0 -2.0 0.0 2.0 0.0 -1.0 -1.0 1.0
	SlLi4	5.3	0.74		3.0 2.0 2.0 1.0 3.0 2.0 2.0 2.0 2.0
	ChSp1	1.1	1.78		3.0 2.0 3.0 0.0 3.0 2.0 1.0 2.0 2.0
	StaLi4	5.3	0.84		4.0 3.0 2.0 2.0 3.0 2.0 2.0 3.0 2.0
	OFStL2+OFStM3	5.59	1.14		2.0 2.0 1.0 1.0 2.0 1.0 2.0 1.0 2.0
	ChSt1	1.1	1.9		4.0 2.0 3.0 1.0 3.0 2.0 2.0 2.0 2.0
	ChLi1	1.1	1.9		3.0 2.0 2.0 2.0 2.0 3.0 1.0 2.0 3.0
program components:
	Skating Skills	1.20 7.25 7.50 7.25 6.50 8.25 7.75 7.75 7.00 7.75 7.46
	Transitions	1.20 7.50 7.25 7.00 6.50 8.00 7.75 7.50 6.75 7.75 7.36
	Performance	1.20 7.75 7.25 7.50 7.00 8.50 8.00 7.75 6.75 8.25 7.64
	Composition	1.20 8.00 7.50 7.25 7.00 8.25 8.00 8.25 7.25 8.00 7.75
	Interpretation of the Music/Timing	1.20 8.00 7.25 7.50 7.00 8.50 8.00 7.75 7.00 8.25 7.68
deductions:

name: Katharina MÜLLER / Tim DIECK
rank: 7
startingNbr: 3
elements:
	OFStL3+OFStM2	5.59	1.04		3.0 2.0 1.0 1.0 1.0 2.0 1.0 2.0 1.0
	SeSt3	7.45	1.52		3.0 2.0 1.0 1.0 2.0 1.0 2.0 2.0 1.0
	SlLi4+RoLi4	10.6	1.48		3.0 2.0 3.0 3.0 2.0 1.0 2.0 2.0 0.0
	SyTwL4+SyTwM4	6.34	1.67		3.0 2.0 3.0 2.0 2.0 2.0 2.0 3.0 2.0
	ChSl1	1.1	1.66		3.0 3.0 2.0 2.0 1.0 1.0 2.0 3.0 1.0
	CoSp4	6.0	0.71		3.0 1.0 2.0 1.0 2.0 2.0 1.0 2.0 1.0
	CuLi4	5.3	0.45		3.0 2.0 1.0 1.0 1.0 0.0 1.0 2.0 1.0
	ChSt1	1.1	1.3		3.0 2.0 1.0 1.0 1.0 2.0 2.0 2.0 1.0
	ChTw1	1.1	1.19		3.0 3.0 0.0 0.0 1.0 1.0 3.0 2.0 0.0
program components:
	Skating Skills	1.20 7.25 6.75 6.75 6.50 7.50 7.00 7.25 7.25 6.50 6.96
	Transitions	1.20 7.00 7.00 6.75 6.75 7.00 6.75 7.00 7.00 6.50 6.89
	Performance	1.20 7.25 7.25 6.75 6.75 7.50 7.25 6.75 7.25 6.75 7.04
	Composition	1.20 7.50 7.00 7.00 7.25 7.25 7.50 7.50 7.75 7.00 7.29
	Interpretation of the Music/Timing	1.20 7.25 7.25 7.00 7.00 7.50 7.00 7.00 7.50 7.00 7.14
deductions:

name: Alexandra NAZAROVA / Maxim NIKITIN
rank: 8
startingNbr: 4
elements:
	StaLi4	5.3	0.59		2.0 1.0 1.0 3.0 3.0 1.0 2.0 2.0 1.0
	CiSt2	6.95	1.66		2.0 1.0 2.0 1.0 3.0 2.0 3.0 1.0 1.0
	SlLi3	4.3	0.69		3.0 1.0 1.0 2.0 3.0 2.0 3.0 2.0 1.0
	SyTwL4+SyTwM4	6.34	0.93		3.0 2.0 0.0 1.0 2.0 2.0 0.0 1.0 1.0
	OFStL1+OFStM3	5.34	0.72		2.0 1.0 0.0 0.0 2.0 1.0 1.0 1.0 1.0
	CoSp4	6.0	0.84		3.0 0.0 2.0 1.0 3.0 2.0 2.0 2.0 1.0
	ChSt1	1.1	1.54		3.0 1.0 1.0 1.0 2.0 2.0 3.0 2.0 2.0
	CuLi4	5.3	0.89		3.0 2.0 3.0 2.0 4.0 2.0 3.0 3.0 2.0
	ChLi1	1.1	1.66		3.0 2.0 1.0 1.0 4.0 2.0 3.0 2.0 1.0
	ChSp1	1.1	1.78		4.0 3.0 2.0 1.0 3.0 2.0 1.0 2.0 2.0
program components:
	Skating Skills	1.20 7.25 7.25 7.00 6.50 7.75 7.50 7.75 7.25 7.25 7.32
	Transitions	1.20 6.75 6.75 7.00 6.50 7.50 7.25 7.50 7.00 7.00 7.04
	Performance	1.20 7.25 7.00 7.25 6.75 8.00 7.50 7.75 7.25 7.50 7.36
	Composition	1.20 7.00 6.75 7.00 6.75 8.25 7.25 8.25 7.50 7.50 7.32
	Interpretation of the Music/Timing	1.20 7.25 7.00 7.25 6.75 8.25 7.50 7.75 7.25 7.75 7.39
deductions:

name: Robynne TWEEDALE / Joseph BUCKLAND
rank: 9
startingNbr: 2
elements:
	RoLi4	5.3	0.69		3.0 2.0 2.0 2.0 2.0 2.0 1.0 2.0 2.0
	SyTwL4+SyTwM4	6.34	1.14		3.0 1.0 3.0 1.0 2.0 1.0 0.0 2.0 1.0
	SlLi4	5.3	0.55		3.0 1.0 3.0 2.0 2.0 1.0 1.0 1.0 1.0
	ChSt1	1.1	1.19		2.0 2.0 1.0 1.0 1.0 2.0 1.0 2.0 1.0
	OFStL2+OFStM2	5.34	1.04		3.0 2.0 2.0 1.0 1.0 2.0 1.0 1.0 1.0
	CuLi4	5.3	0.64		3.0 2.0 2.0 2.0 2.0 2.0 1.0 2.0 1.0
	CoSp4	6.0	0.45		2.0 1.0 1.0 0.0 1.0 1.0 1.0 1.0 1.0
	MiSt2	6.95	1.11		3.0 2.0 1.0 1.0 1.0 2.0 0.0 1.0 0.0
	ChLi1	1.1	1.42		3.0 2.0 1.0 1.0 2.0 3.0 0.0 2.0 1.0
	ChTw1	1.1	1.3		2.0 3.0 2.0 1.0 2.0 2.0 1.0 1.0 1.0
program components:
	Skating Skills	1.20 7.25 6.75 7.00 6.50 7.25 7.25 6.75 6.50 6.75 6.89
	Transitions	1.20 7.00 6.50 6.50 6.25 7.00 7.00 6.50 6.00 6.25 6.57
	Performance	1.20 7.50 6.75 7.00 6.50 7.25 7.50 6.50 6.75 7.25 7.00
	Composition	1.20 7.25 6.75 7.00 6.50 7.50 7.25 7.25 7.25 7.00 7.11
	Interpretation of the Music/Timing	1.20 7.50 6.75 7.25 6.25 7.25 7.50 6.75 7.00 7.00 7.07
deductions:

name: Karina MANTA / Joseph JOHNSON
rank: 10
startingNbr: 1
elements:
	StaLi4	5.3	0.5	>	2.0 2.0 3.0 1.0 1.0 1.0 2.0 1.0 0.0
	SlLi3+RoLi3	8.6	1.09		2.0 2.0 2.0 2.0 2.0 1.0 1.0 1.0 0.0
	CoSp4	6.0	0.9		3.0 2.0 2.0 2.0 3.0 2.0 2.0 1.0 1.0
	SyTwL4+SyTwM4	6.34	-0.41		2.0 1.0 -1.0 0.0 -1.0 -1.0 -1.0 -1.0 -2.0
	ChSl1	1.1	1.78		3.0 3.0 3.0 1.0 2.0 3.0 2.0 1.0 1.0
	OFStL2+OFStM2	5.34	0.31		1.0 1.0 2.0 0.0 0.0 0.0 1.0 0.0 0.0
	SeSt2	6.95	0.55		2.0 1.0 2.0 0.0 0.0 0.0 1.0 -1.0 0.0
	ChSt1	1.1	1.78		4.0 1.0 4.0 1.0 2.0 2.0 3.0 2.0 1.0
	ChLi1	1.1	1.66		3.0 3.0 3.0 2.0 1.0 2.0 1.0 2.0 1.0
program components:
	Skating Skills	1.20 6.25 6.50 6.75 6.00 6.25 6.25 6.50 6.00 6.00 6.25
	Transitions	1.20 6.00 6.50 6.75 6.00 6.00 6.00 6.25 5.00 5.50 6.04
	Performance	1.20 6.50 6.50 7.50 6.00 6.75 6.75 7.00 5.75 6.25 6.54
	Composition	1.20 7.25 7.00 7.25 6.25 6.75 6.25 7.25 6.25 6.25 6.71
	Interpretation of the Music/Timing	1.20 6.75 6.75 7.50 6.25 6.50 6.75 7.00 5.25 5.50 6.50
deductions:
	extended lifts: -1.00

