event name: ISU GP 2018 Skate America
event type: MEN SHORT PROGRAM
name: Nathan CHEN
rank: 1
startingNbr: 10
elements:
	3A	8.0	2.97		4.0 3.0 2.0 5.0 4.0 4.0 4.0 3.0 4.0
	4F<	8.25	-3.07	!	-2.0 -5.0 -3.0 -5.0 -4.0 -3.0 -4.0 -2.0 -5.0
	CCSp3	2.8	0.6		3.0 2.0 2.0 2.0 2.0 2.0 2.0 3.0 2.0
	3Lz+3T	11.11	2.19	x	4.0 4.0 2.0 4.0 4.0 3.0 4.0 4.0 3.0
	FSSp4	3.0	0.73		3.0 3.0 2.0 -1.0 3.0 2.0 2.0 3.0 2.0
	StSq3	3.3	1.56		5.0 4.0 5.0 5.0 5.0 4.0 3.0 5.0 5.0
	CCoSp4	3.5	1.0		4.0 3.0 1.0 3.0 3.0 2.0 2.0 5.0 3.0
program components:
	Skating Skills	1.00 9.00 8.75 8.75 9.00 9.00 8.25 8.50 9.00 9.50 8.86
	Transitions	1.00 9.00 8.75 9.25 9.00 8.75 8.25 8.00 8.75 9.25 8.82
	Performance	1.00 9.00 8.75 8.75 9.25 9.00 8.50 8.25 9.00 9.50 8.89
	Composition	1.00 9.25 9.25 9.25 9.25 9.25 8.50 8.50 8.75 9.75 9.07
	Interpretation of the Music	1.00 9.25 8.75 8.75 9.50 9.25 8.75 8.50 8.75 9.75 9.00
deductions:

name: Michal BREZINA
rank: 2
startingNbr: 4
elements:
	4S+3T	13.9	2.91		3.0 3.0 2.0 3.0 4.0 4.0 3.0 3.0 2.0
	1F*	0.0	0.0	*	0.0 0.0 0.0 0.0 0.0 0.0 0.0 0.0 0.0
	CCSp4	3.2	0.82		3.0 2.0 2.0 2.0 3.0 3.0 3.0 3.0 2.0
	FSSp4	3.0	0.86		3.0 2.0 3.0 3.0 3.0 3.0 4.0 3.0 2.0
	3A	8.8	0.0	x	1.0 -2.0 -1.0 -1.0 -1.0 2.0 0.0 2.0 0.0
	StSq3	3.3	1.08		4.0 3.0 2.0 3.0 4.0 4.0 4.0 3.0 2.0
	CCoSp4	3.5	0.9		3.0 2.0 0.0 3.0 2.0 2.0 4.0 3.0 3.0
program components:
	Skating Skills	1.00 7.75 7.75 8.00 8.00 8.00 7.75 8.25 8.00 8.00 7.93
	Transitions	1.00 7.75 7.25 7.75 7.75 8.00 7.50 7.75 7.75 8.25 7.75
	Performance	1.00 8.25 7.25 8.00 8.00 7.75 7.50 8.25 8.25 8.00 7.96
	Composition	1.00 8.50 7.50 8.25 7.75 8.25 7.75 8.25 8.00 8.25 8.07
	Interpretation of the Music	1.00 8.25 7.50 8.25 8.00 8.25 7.75 8.00 8.25 8.25 8.11
deductions:

name: Julian Zhi Jie YEE
rank: 3
startingNbr: 2
elements:
	4S	9.7	1.94		3.0 3.0 1.0 2.0 1.0 3.0 2.0 2.0 1.0
	3A	8.0	1.03		2.0 0.0 1.0 3.0 2.0 2.0 1.0 1.0 0.0
	FCSp4	3.2	0.5		2.0 2.0 1.0 2.0 2.0 1.0 2.0 1.0 0.0
	3F+3T	10.45	-0.15	! x	1.0 0.0 -1.0 0.0 -1.0 0.0 0.0 0.0 -1.0
	CSSp4	3.0	0.21		1.0 1.0 -1.0 1.0 1.0 0.0 0.0 1.0 1.0
	StSq3	3.3	0.61		3.0 2.0 1.0 2.0 2.0 3.0 2.0 1.0 1.0
	CCoSp4	3.5	0.8		3.0 3.0 2.0 3.0 2.0 2.0 2.0 2.0 2.0
program components:
	Skating Skills	1.00 6.50 7.25 7.00 7.50 7.25 7.25 7.25 6.75 6.75 7.07
	Transitions	1.00 6.00 7.25 6.50 7.00 7.00 7.00 7.00 6.50 6.50 6.79
	Performance	1.00 6.50 7.50 7.25 7.25 7.50 7.50 7.50 7.25 6.50 7.25
	Composition	1.00 6.50 7.50 7.00 7.50 7.25 7.50 7.50 7.00 6.75 7.21
	Interpretation of the Music	1.00 6.50 7.25 7.25 7.50 7.00 7.50 7.25 7.00 6.25 7.11
deductions:

name: Sergei VORONOV
rank: 4
startingNbr: 11
elements:
	4T+2T	10.8	1.63		2.0 2.0 1.0 1.0 2.0 2.0 2.0 3.0 1.0
	3Lz	5.9	-0.42		0.0 -2.0 -1.0 -1.0 0.0 -2.0 0.0 0.0 -1.0
	FCSp4	3.2	0.64		2.0 3.0 0.0 2.0 3.0 2.0 3.0 2.0 0.0
	3A	8.8	-2.4	x	-2.0 -3.0 -3.0 -3.0 -3.0 -3.0 -3.0 -3.0 -3.0
	CSSp4	3.0	0.6		2.0 2.0 1.0 -1.0 2.0 2.0 3.0 3.0 2.0
	StSq2	2.6	0.52		2.0 3.0 1.0 1.0 2.0 2.0 3.0 2.0 2.0
	CCoSp4	3.5	0.95		3.0 3.0 2.0 2.0 3.0 3.0 3.0 3.0 2.0
program components:
	Skating Skills	1.00 7.50 8.00 7.75 8.00 8.25 8.00 8.25 8.00 8.00 8.00
	Transitions	1.00 7.00 7.75 7.50 7.25 7.50 7.75 8.00 7.50 7.50 7.54
	Performance	1.00 7.25 8.00 8.00 7.50 8.00 8.00 8.00 8.00 7.75 7.89
	Composition	1.00 7.50 8.00 7.75 7.25 7.75 7.75 8.25 7.50 8.00 7.75
	Interpretation of the Music	1.00 7.25 7.75 8.00 7.25 7.75 8.00 8.50 7.50 7.50 7.68
deductions:

name: Matteo RIZZO
rank: 5
startingNbr: 9
elements:
	3A	8.0	1.94		3.0 2.0 2.0 3.0 3.0 4.0 2.0 2.0 2.0
	3Lz+3T	10.1	1.35		3.0 2.0 2.0 2.0 2.0 3.0 3.0 2.0 2.0
	CCSp4	3.2	0.46		3.0 2.0 0.0 -1.0 1.0 2.0 2.0 3.0 0.0
	StSq3	3.3	0.94		3.0 3.0 2.0 3.0 4.0 4.0 2.0 3.0 2.0
	3Fe	4.38	-0.63	e x	0.0 -3.0 -2.0 -3.0 -2.0 -1.0 -1.0 -1.0 -1.0
	FSSp4	3.0	0.64		3.0 2.0 1.0 2.0 3.0 2.0 2.0 2.0 2.0
	CCoSp3V	2.25	0.19		3.0 0.0 0.0 0.0 0.0 0.0 1.0 3.0 2.0
program components:
	Skating Skills	1.00 7.75 7.50 7.50 7.50 7.75 8.00 7.75 7.75 7.75 7.68
	Transitions	1.00 7.75 7.25 7.50 7.00 7.50 8.00 7.50 7.75 7.50 7.54
	Performance	1.00 8.25 7.50 8.00 7.75 8.25 8.25 7.75 8.00 7.75 7.96
	Composition	1.00 8.00 7.75 8.25 7.50 8.00 8.00 7.75 7.75 7.75 7.86
	Interpretation of the Music	1.00 8.00 7.75 7.75 7.75 8.25 8.25 8.00 8.00 7.50 7.93
deductions:

name: Vincent ZHOU
rank: 6
startingNbr: 7
elements:
	4Lz<+3T	12.83	-1.36	<	1.0 -2.0 -2.0 -2.0 -2.0 -1.0 0.0 -4.0 -2.0
	4F<	8.25	-1.77	!	0.0 -3.0 -2.0 -3.0 -3.0 -1.0 -2.0 -1.0 -3.0
	CSSp4	3.0	0.3		3.0 1.0 0.0 1.0 2.0 1.0 0.0 2.0 0.0
	FCSp4	3.2	0.41		2.0 2.0 0.0 2.0 1.0 1.0 2.0 1.0 0.0
	3A<	6.6	-0.94	< x	-2.0 -1.0 -2.0 -2.0 -2.0 -1.0 -1.0 -1.0 -2.0
	StSq4	3.9	1.0		3.0 3.0 1.0 2.0 3.0 3.0 2.0 3.0 2.0
	CCoSp4	3.5	0.6		2.0 2.0 1.0 2.0 1.0 2.0 2.0 3.0 1.0
program components:
	Skating Skills	1.00 7.50 7.75 7.50 8.00 8.25 7.75 7.75 7.50 7.75 7.71
	Transitions	1.00 7.00 7.50 7.00 7.25 7.50 7.50 7.50 7.00 7.50 7.32
	Performance	1.00 7.25 7.50 7.75 7.75 7.75 7.50 7.75 7.50 7.50 7.61
	Composition	1.00 7.50 7.75 8.00 7.50 7.75 7.50 7.50 7.25 7.75 7.61
	Interpretation of the Music	1.00 7.25 7.50 7.75 7.75 8.00 7.75 7.50 7.50 7.50 7.61
deductions:
	late start: -1.00

name: Jimmy MA
rank: 7
startingNbr: 1
elements:
	4T	9.5	-4.75		-5.0 -5.0 -5.0 -5.0 -5.0 -5.0 -5.0 -5.0 -5.0
	3A	8.0	1.83		3.0 2.0 2.0 2.0 2.0 3.0 2.0 3.0 2.0
	FCSp4	3.2	0.27		1.0 2.0 0.0 1.0 1.0 1.0 1.0 1.0 0.0
	3F+3T	10.45	-1.44	! x	-3.0 -4.0 -3.0 -3.0 -3.0 -1.0 -3.0 -2.0 -2.0
	CCoSp4	3.5	0.15		1.0 2.0 0.0 0.0 0.0 0.0 1.0 0.0 1.0
	StSq2	2.6	0.59		2.0 3.0 1.0 1.0 3.0 2.0 3.0 3.0 2.0
	CSSp4	3.0	0.47		2.0 2.0 1.0 1.0 1.0 2.0 3.0 1.0 2.0
program components:
	Skating Skills	1.00 6.75 7.00 6.75 6.75 7.00 7.25 6.75 7.00 7.50 6.93
	Transitions	1.00 6.50 7.25 6.75 6.00 6.75 7.00 6.50 6.75 7.25 6.79
	Performance	1.00 6.50 7.25 7.00 6.75 7.00 7.00 7.00 7.25 7.50 7.04
	Composition	1.00 6.50 7.25 7.25 6.50 7.25 7.25 7.00 7.25 7.50 7.11
	Interpretation of the Music	1.00 6.75 7.50 7.25 6.75 7.25 7.50 7.25 7.50 7.75 7.29
deductions:
	falls: 1

name: Romain PONSART
rank: 8
startingNbr: 3
elements:
	4T	9.5	1.76		2.0 2.0 0.0 3.0 1.0 1.0 3.0 3.0 1.0
	3A	8.0	-1.94		-1.0 -3.0 -2.0 -3.0 -2.0 -3.0 -3.0 -2.0 -2.0
	FCSp3	2.8	0.48		2.0 2.0 1.0 2.0 2.0 2.0 2.0 1.0 1.0
	3Lz<+2T	6.3	-1.64	< x	-4.0 -4.0 -3.0 -4.0 -3.0 -3.0 -4.0 -4.0 -4.0
	CSSp4	3.0	0.47		2.0 2.0 0.0 1.0 1.0 2.0 2.0 2.0 1.0
	StSq2	2.6	0.52		2.0 3.0 1.0 2.0 2.0 2.0 3.0 2.0 1.0
	CCoSp3	3.0	0.73		3.0 3.0 1.0 3.0 3.0 2.0 3.0 2.0 1.0
program components:
	Skating Skills	1.00 7.00 7.25 7.25 7.25 7.50 7.00 7.50 7.25 7.25 7.25
	Transitions	1.00 6.75 7.00 6.75 7.00 7.00 6.50 7.25 7.00 7.00 6.93
	Performance	1.00 6.75 7.50 6.75 7.00 7.50 6.75 7.25 7.25 7.25 7.11
	Composition	1.00 7.00 7.25 7.50 7.50 7.25 6.75 7.50 7.50 7.50 7.36
	Interpretation of the Music	1.00 7.25 7.25 7.00 7.25 7.75 7.00 7.50 7.50 7.00 7.25
deductions:

name: Nam NGUYEN
rank: 9
startingNbr: 6
elements:
	4S	9.7	-1.94		-1.0 -3.0 -2.0 -2.0 -2.0 -2.0 -2.0 -2.0 -2.0
	FCSp3	2.8	0.36		1.0 2.0 0.0 2.0 2.0 1.0 1.0 2.0 0.0
	3A	8.0	1.37		2.0 2.0 -1.0 3.0 1.0 2.0 2.0 2.0 1.0
	CSSp3	2.6	0.41		3.0 2.0 0.0 2.0 1.0 1.0 2.0 2.0 1.0
	3Lz+COMBO	6.49	-2.95	! x	-5.0 -5.0 -5.0 -5.0 -5.0 -5.0 -5.0 -4.0 -5.0
	StSq2	2.6	0.3		2.0 0.0 -2.0 3.0 2.0 1.0 2.0 0.0 1.0
	CCoSp3	3.0	0.77		3.0 3.0 2.0 3.0 2.0 2.0 3.0 3.0 2.0
program components:
	Skating Skills	1.00 7.00 7.25 7.25 8.00 7.50 7.50 7.25 7.50 7.50 7.39
	Transitions	1.00 7.00 7.25 6.75 7.25 7.50 7.25 7.00 7.00 7.25 7.14
	Performance	1.00 7.25 7.25 7.00 7.25 7.00 7.25 7.00 7.25 7.00 7.14
	Composition	1.00 7.25 7.50 7.25 7.50 7.75 7.50 7.25 7.50 7.25 7.39
	Interpretation of the Music	1.00 7.00 7.25 7.50 7.50 7.25 7.25 7.50 7.25 7.00 7.29
deductions:

name: Alexei BYCHENKO
rank: 10
startingNbr: 12
elements:
	3F	5.3	1.44		4.0 3.0 3.0 3.0 2.0 2.0 2.0 3.0 3.0
	3A	8.0	-1.6		-1.0 -3.0 -1.0 -3.0 -2.0 -2.0 -2.0 -2.0 -2.0
	CCoSp4	3.5	0.25		0.0 -2.0 0.0 2.0 1.0 1.0 1.0 2.0 0.0
	2Lz+3T	6.93	0.6	x	2.0 2.0 1.0 0.0 1.0 1.0 1.0 2.0 2.0
	FCSp2	2.3	0.2		1.0 1.0 0.0 0.0 1.0 -1.0 2.0 2.0 1.0
	StSq2	2.6	0.63		2.0 3.0 2.0 3.0 1.0 2.0 2.0 3.0 3.0
	CSSp2	2.3	0.2		1.0 1.0 1.0 1.0 -1.0 0.0 1.0 2.0 1.0
program components:
	Skating Skills	1.00 7.25 7.50 7.75 7.75 7.25 7.50 7.25 8.00 7.75 7.54
	Transitions	1.00 6.75 7.25 7.50 7.25 6.50 7.00 7.00 7.50 7.50 7.18
	Performance	1.00 7.25 7.50 8.00 7.25 7.50 7.25 7.25 7.75 7.75 7.46
	Composition	1.00 7.25 7.75 8.25 7.50 7.25 7.25 7.25 7.50 7.50 7.43
	Interpretation of the Music	1.00 7.00 7.50 7.75 7.50 7.50 7.25 7.25 7.50 7.50 7.43
deductions:

name: Morisi KVITELASHVILI
rank: 11
startingNbr: 8
elements:
	4S	9.7	-4.85		-5.0 -5.0 -5.0 -5.0 -5.0 -5.0 -5.0 -5.0 -5.0
	3A	8.0	1.83		2.0 2.0 2.0 3.0 2.0 3.0 3.0 2.0 2.0
	CCoSp4	3.5	0.75		2.0 2.0 1.0 3.0 2.0 3.0 1.0 3.0 2.0
	4T+COMBO	10.45	-4.75	x	-5.0 -5.0 -5.0 -5.0 -5.0 -5.0 -5.0 -5.0 -5.0
	FCSp4	3.2	0.41		1.0 2.0 1.0 1.0 1.0 1.0 1.0 2.0 2.0
	StSq2	2.6	0.41		1.0 2.0 1.0 1.0 1.0 2.0 1.0 3.0 3.0
	CSSp3	2.6	0.45		2.0 2.0 1.0 -1.0 1.0 3.0 2.0 2.0 2.0
program components:
	Skating Skills	1.00 7.00 7.50 7.50 7.50 7.25 7.75 7.00 7.25 7.75 7.39
	Transitions	1.00 6.75 7.25 7.25 7.00 6.75 7.50 6.75 7.00 7.50 7.07
	Performance	1.00 6.75 7.25 7.25 6.75 7.00 7.50 6.50 7.25 7.25 7.07
	Composition	1.00 7.00 7.50 7.75 7.25 7.25 7.75 7.00 7.50 7.75 7.43
	Interpretation of the Music	1.00 7.00 7.25 7.50 7.00 7.50 7.50 6.75 7.50 7.50 7.32
deductions:
	falls: 2

name: Kevin REYNOLDS
rank: 12
startingNbr: 5
elements:
	4S<+3T	11.48	-1.25	<	-3.0 -2.0 -2.0 -2.0 -2.0 -1.0 0.0 -1.0 -2.0
	4T<<	4.2	-2.1	<<	-5.0 -5.0 -5.0 -5.0 -5.0 -5.0 -5.0 -4.0 -5.0
	3A<<	3.3	-1.65	<<	-5.0 -5.0 -5.0 -5.0 -5.0 -5.0 -5.0 -5.0 -5.0
	StSq2	2.6	0.56		2.0 3.0 0.0 3.0 1.0 2.0 3.0 2.0 2.0
	FUSp4	2.9	0.62		2.0 4.0 2.0 2.0 2.0 2.0 2.0 0.0 3.0
	CCSp2	2.3	0.26		1.0 3.0 0.0 2.0 0.0 0.0 3.0 2.0 0.0
	CCoSp4	3.5	0.9		4.0 3.0 1.0 4.0 1.0 2.0 2.0 4.0 2.0
program components:
	Skating Skills	1.00 7.00 7.25 6.75 7.50 6.50 7.00 7.25 7.25 6.75 7.04
	Transitions	1.00 6.50 7.25 6.75 6.75 6.50 7.00 7.00 7.00 6.25 6.79
	Performance	1.00 6.75 7.50 7.00 7.00 6.25 6.75 7.25 7.25 6.75 6.96
	Composition	1.00 7.25 7.50 7.25 7.00 6.75 7.00 7.25 7.00 6.75 7.07
	Interpretation of the Music	1.00 7.00 7.50 7.00 7.25 6.75 7.25 7.50 7.25 6.50 7.14
deductions:
	falls: 1

