event name: ISU GP 2018 Skate America
event type: LADIES FREE SKATING
name: Satoko MIYAHARA
rank: 1
startingNbr: 10
elements:
	3S	4.3	0.49		2.0 1.0 2.0 1.0 0.0 3.0 1.0 1.0 0.0
	3Lz+3T	10.1	1.35		2.0 2.0 3.0 2.0 2.0 4.0 3.0 1.0 2.0
	CCoSp4	3.5	1.1		2.0 3.0 3.0 2.0 4.0 4.0 3.0 3.0 4.0
	3Lo	4.9	1.33		3.0 2.0 3.0 2.0 4.0 4.0 2.0 3.0 2.0
	FCSp4	3.2	0.91		3.0 3.0 3.0 2.0 3.0 3.0 3.0 2.0 3.0
	StSq3	3.3	1.18		3.0 4.0 3.0 3.0 3.0 5.0 4.0 4.0 4.0
	3Lz	5.9	0.93		2.0 2.0 1.0 1.0 1.0 3.0 1.0 3.0 1.0
	2A+3T	8.25	1.2	x	3.0 3.0 3.0 2.0 3.0 3.0 3.0 3.0 2.0
	ChSq1	3.0	1.86		3.0 4.0 2.0 4.0 3.0 5.0 4.0 3.0 5.0
	3F+2T+2Lo	9.13	0.53	! x	2.0 0.0 1.0 1.0 2.0 1.0 2.0 0.0 0.0
	2A	3.63	0.94	x	3.0 2.0 3.0 3.0 3.0 4.0 3.0 3.0 2.0
	LSp4	2.7	1.27		5.0 5.0 4.0 4.0 5.0 5.0 5.0 4.0 5.0
program components:
	Skating Skills	1.60 8.75 9.25 8.25 9.25 9.25 9.25 8.75 8.50 8.75 8.93
	Transitions	1.60 8.75 8.75 8.25 9.00 9.00 8.75 8.50 8.25 8.50 8.64
	Performance	1.60 9.00 9.00 8.50 9.25 9.50 9.25 8.75 8.50 9.00 8.96
	Composition	1.60 8.75 9.25 8.25 9.50 9.00 9.00 8.75 8.50 8.75 8.86
	Interpretation of the Music	1.60 8.75 9.00 8.50 9.25 9.00 9.50 9.00 8.50 8.75 8.89
deductions:

name: Kaori SAKAMOTO
rank: 2
startingNbr: 9
elements:
	3F+3T	9.5	1.44		3.0 2.0 3.0 2.0 4.0 4.0 3.0 2.0 2.0
	2A	3.3	0.94		3.0 3.0 3.0 2.0 4.0 3.0 3.0 2.0 3.0
	3Lz	5.9	-0.25	!	0.0 -1.0 -2.0 -1.0 0.0 1.0 -1.0 0.0 0.0
	FSSp4	3.0	0.64		2.0 2.0 2.0 2.0 3.0 3.0 2.0 2.0 2.0
	StSq4	3.9	1.39		4.0 4.0 3.0 2.0 4.0 4.0 4.0 3.0 3.0
	3S	4.3	1.11		2.0 3.0 3.0 2.0 3.0 3.0 3.0 2.0 2.0
	2A+3T+2T	9.68	1.38	x	3.0 3.0 3.0 2.0 3.0 4.0 4.0 4.0 3.0
	3F+2T	7.26	0.98	x	2.0 2.0 2.0 1.0 2.0 2.0 2.0 2.0 1.0
	CCoSp4	3.5	1.1		3.0 2.0 1.0 3.0 3.0 4.0 3.0 4.0 4.0
	ChSq1	3.0	1.57		3.0 3.0 3.0 3.0 5.0 3.0 3.0 3.0 4.0
	3Lo	5.39	1.68	x	3.0 4.0 4.0 2.0 5.0 4.0 3.0 3.0 3.0
	FCCoSp4	3.5	1.2		3.0 4.0 2.0 3.0 4.0 5.0 3.0 3.0 4.0
program components:
	Skating Skills	1.60 8.50 8.25 8.00 8.25 9.25 9.00 8.50 7.75 8.25 8.39
	Transitions	1.60 8.25 8.25 7.75 8.00 9.00 8.50 7.75 7.50 8.25 8.11
	Performance	1.60 8.75 8.75 8.00 8.25 9.00 9.25 8.50 7.75 8.50 8.54
	Composition	1.60 8.50 8.75 8.00 8.50 9.50 8.75 8.25 8.00 8.50 8.46
	Interpretation of the Music	1.60 8.75 8.50 7.50 8.50 9.50 8.75 8.25 8.00 8.75 8.50
deductions:

name: Sofia SAMODUROVA
rank: 3
startingNbr: 11
elements:
	3F+3T	9.5	1.29		2.0 2.0 2.0 3.0 4.0 2.0 2.0 4.0 2.0
	3Lz	5.9	0.93		1.0 2.0 1.0 2.0 2.0 2.0 1.0 2.0 0.0
	3Lo	4.9	0.91		2.0 1.0 2.0 2.0 2.0 2.0 2.0 2.0 1.0
	StSq3	3.3	0.75		1.0 2.0 2.0 3.0 2.0 3.0 2.0 3.0 2.0
	FSSp4	3.0	0.73		3.0 2.0 2.0 2.0 3.0 3.0 2.0 3.0 2.0
	3S	4.3	0.92		1.0 2.0 3.0 2.0 3.0 2.0 2.0 3.0 1.0
	2A+3T	8.25	1.02	x	2.0 2.0 2.0 2.0 3.0 3.0 3.0 4.0 2.0
	3F	5.83	0.45	! x	2.0 0.0 0.0 1.0 1.0 2.0 0.0 2.0 0.0
	2A+2T+2Lo	6.93	0.61	x	1.0 2.0 2.0 2.0 2.0 2.0 2.0 2.0 1.0
	ChSq1	3.0	1.43		2.0 2.0 3.0 3.0 3.0 4.0 3.0 3.0 3.0
	LSp4	2.7	0.77		2.0 3.0 2.0 3.0 3.0 3.0 3.0 3.0 3.0
	CCoSp4	3.5	1.15		3.0 3.0 3.0 3.0 4.0 4.0 3.0 3.0 4.0
program components:
	Skating Skills	1.60 7.25 7.50 7.50 8.00 8.50 7.50 7.75 8.50 7.25 7.71
	Transitions	1.60 7.25 7.00 7.00 8.00 8.25 7.25 7.50 8.00 7.25 7.46
	Performance	1.60 7.25 7.75 7.50 8.25 8.75 7.75 8.00 8.50 8.00 7.96
	Composition	1.60 7.50 7.25 7.75 8.50 8.50 7.25 7.75 8.75 7.75 7.86
	Interpretation of the Music	1.60 7.25 7.25 7.75 8.25 8.75 7.50 8.00 8.50 8.00 7.89
deductions:

name: Bradie TENNELL
rank: 4
startingNbr: 6
elements:
	2A	3.3	0.8		3.0 2.0 3.0 2.0 2.0 3.0 3.0 2.0 2.0
	3Lz+3Lo<	9.58	-1.26	<	-2.0 -3.0 -2.0 -3.0 -2.0 -2.0 -1.0 -1.0 -3.0
	3F	5.3	0.61	!	2.0 1.0 2.0 0.0 3.0 2.0 1.0 0.0 -1.0
	LSp4	2.7	0.85		3.0 2.0 4.0 3.0 3.0 3.0 4.0 3.0 3.0
	StSq4	3.9	1.28		4.0 3.0 3.0 3.0 4.0 4.0 4.0 2.0 2.0
	2A	3.3	0.71		2.0 1.0 2.0 2.0 4.0 3.0 3.0 2.0 1.0
	3Lz<+3T<+2T	9.77	-1.08	< x	-3.0 -1.0 -3.0 -2.0 -3.0 -4.0 -2.0 1.0 -3.0
	3F+2T	7.26	1.29	x	2.0 2.0 2.0 2.0 3.0 3.0 3.0 3.0 0.0
	3S	4.73	-0.98	x	-1.0 -4.0 -2.0 -2.0 -4.0 -1.0 -2.0 -2.0 -3.0
	ChSq1	3.0	1.5		3.0 3.0 3.0 2.0 4.0 3.0 4.0 1.0 3.0
	FCCoSp4	3.5	1.1		3.0 3.0 3.0 2.0 4.0 4.0 4.0 1.0 3.0
	CCoSp4	3.5	1.2		3.0 3.0 3.0 3.0 3.0 5.0 4.0 4.0 4.0
program components:
	Skating Skills	1.60 8.75 8.00 7.50 8.00 8.75 8.25 8.25 7.75 7.50 8.07
	Transitions	1.60 8.50 7.75 7.50 7.75 8.75 8.00 8.75 7.50 7.50 7.96
	Performance	1.60 8.75 8.25 7.50 7.75 8.75 8.50 8.50 7.75 8.00 8.21
	Composition	1.60 8.75 8.25 7.75 8.00 9.25 8.50 8.50 8.25 7.75 8.29
	Interpretation of the Music	1.60 8.75 8.25 7.75 8.00 9.00 8.50 8.50 8.00 8.00 8.29
deductions:

name: Laurine LECAVELIER
rank: 5
startingNbr: 5
elements:
	2A	3.3	0.71		3.0 2.0 2.0 2.0 2.0 3.0 2.0 1.0 2.0
	3F	5.3	0.38	!	1.0 0.0 1.0 0.0 2.0 1.0 0.0 1.0 1.0
	3T+3T<	7.35	-0.9	<	-1.0 -2.0 -1.0 -3.0 -2.0 -2.0 -2.0 -3.0 -3.0
	CCoSp4	3.5	0.35		1.0 1.0 1.0 1.0 1.0 1.0 1.0 1.0 1.0
	StSq1	1.8	0.41		2.0 2.0 3.0 1.0 3.0 3.0 2.0 2.0 2.0
	FCSp3	2.8	0.52		2.0 2.0 1.0 1.0 3.0 2.0 2.0 2.0 2.0
	2A+1Eu+3S<	7.03	-1.23	<	-3.0 -4.0 -4.0 -4.0 -4.0 -3.0 -3.0 -4.0 -4.0
	3Lz	6.49	-0.17	x	0.0 0.0 0.0 0.0 0.0 2.0 -1.0 -1.0 -1.0
	3Lz+2T	7.92	-0.93	x	-1.0 -2.0 -1.0 -1.0 -2.0 -1.0 -2.0 -2.0 -2.0
	ChSq1	3.0	0.5		1.0 0.0 1.0 1.0 0.0 2.0 1.0 1.0 2.0
	3Lo	5.39	0.0	x	1.0 -1.0 0.0 -1.0 1.0 2.0 -2.0 0.0 0.0
	LSp4	2.7	0.23		2.0 0.0 0.0 0.0 2.0 2.0 1.0 0.0 1.0
program components:
	Skating Skills	1.60 7.25 7.00 7.00 7.00 7.75 7.50 7.25 7.00 7.00 7.14
	Transitions	1.60 7.00 6.00 5.75 6.50 6.75 7.25 7.00 6.00 7.00 6.61
	Performance	1.60 7.25 7.00 6.75 6.75 7.50 7.75 7.25 6.50 7.50 7.14
	Composition	1.60 7.25 6.75 6.50 6.75 7.50 7.50 7.25 6.25 7.50 7.07
	Interpretation of the Music	1.60 7.25 7.00 7.00 7.00 8.00 7.75 7.25 6.50 7.75 7.29
deductions:

name: Megan WESSENBERG
rank: 6
startingNbr: 7
elements:
	2Lz	2.1	0.12		1.0 1.0 1.0 0.0 2.0 0.0 1.0 0.0 -1.0
	3F	5.3	1.06		3.0 2.0 2.0 1.0 2.0 1.0 3.0 3.0 1.0
	3S+2T	5.6	0.68		2.0 2.0 3.0 1.0 2.0 1.0 1.0 2.0 1.0
	StSq3	3.3	0.47		2.0 1.0 1.0 1.0 1.0 2.0 1.0 2.0 2.0
	FCCoSp4	3.5	0.55		2.0 3.0 2.0 1.0 1.0 2.0 1.0 1.0 2.0
	2A+3T	7.5	1.26		4.0 3.0 4.0 1.0 2.0 4.0 2.0 4.0 2.0
	3T+2T	6.05	0.12	x	1.0 0.0 2.0 -1.0 1.0 1.0 0.0 0.0 -2.0
	FSSp3	2.6	0.45		2.0 1.0 2.0 2.0 2.0 1.0 2.0 2.0 1.0
	3S	4.73	-1.04	x	-3.0 -2.0 0.0 -1.0 -3.0 -2.0 -3.0 -3.0 -3.0
	ChSq1	3.0	0.43		1.0 1.0 1.0 1.0 0.0 1.0 1.0 1.0 0.0
	2A	3.63	-1.23	x	-3.0 -4.0 -4.0 -4.0 -3.0 -4.0 -4.0 -4.0 -3.0
	CCoSp4	3.5	0.55		2.0 1.0 3.0 2.0 2.0 2.0 1.0 1.0 1.0
program components:
	Skating Skills	1.60 7.00 7.25 6.75 7.75 7.25 7.25 7.00 8.00 6.50 7.18
	Transitions	1.60 6.50 6.50 6.00 7.50 6.75 6.50 5.50 7.75 6.50 6.61
	Performance	1.60 7.00 7.50 7.50 7.50 7.25 7.00 7.00 7.75 6.75 7.25
	Composition	1.60 7.00 7.00 6.75 7.75 6.75 6.75 6.50 8.25 6.50 6.93
	Interpretation of the Music	1.60 6.75 7.00 6.50 7.50 7.00 7.00 7.00 8.25 6.50 6.96
deductions:

name: Alaine CHARTRAND
rank: 7
startingNbr: 1
elements:
	3Lz+3T<	9.05	-0.67	<	0.0 -1.0 -1.0 -2.0 -1.0 -1.0 -1.0 -1.0 -2.0
	3Fe	3.98	-1.02	e	-2.0 -2.0 -4.0 -3.0 -2.0 -2.0 -3.0 -3.0 -3.0
	2A	3.3	0.47		2.0 0.0 1.0 1.0 2.0 2.0 2.0 1.0 1.0
	FCCoSp2	2.5	0.39		2.0 1.0 2.0 1.0 3.0 1.0 2.0 1.0 2.0
	StSq3	3.3	0.71		3.0 2.0 2.0 1.0 3.0 3.0 2.0 1.0 2.0
	3Lo	4.9	-0.21		0.0 -1.0 0.0 0.0 0.0 -1.0 -1.0 -1.0 0.0
	2A+1Eu+3S<	7.73	-0.47	< x	0.0 -1.0 -1.0 -2.0 -1.0 -2.0 -1.0 -2.0 -2.0
	3Lz<<	2.31	-0.75	<< x	-4.0 -3.0 -4.0 -3.0 -3.0 -4.0 -3.0 -4.0 -4.0
	3S+2T	6.16	0.12	x	1.0 0.0 0.0 0.0 2.0 0.0 0.0 0.0 1.0
	ChSq1	3.0	1.0		3.0 2.0 3.0 1.0 2.0 2.0 2.0 1.0 2.0
	FCSSp4	3.0	0.6		2.0 1.0 2.0 1.0 3.0 3.0 2.0 1.0 4.0
	CCoSp4	3.5	0.7		2.0 1.0 2.0 0.0 3.0 3.0 2.0 2.0 2.0
program components:
	Skating Skills	1.60 7.25 7.00 6.50 7.00 7.75 7.00 7.00 6.50 7.00 6.96
	Transitions	1.60 6.75 6.50 5.50 6.75 7.50 6.50 6.75 6.00 7.25 6.64
	Performance	1.60 7.25 6.75 6.75 6.50 7.75 7.00 7.00 6.25 7.50 6.96
	Composition	1.60 7.25 6.75 6.25 6.75 8.00 6.75 7.00 6.50 7.00 6.86
	Interpretation of the Music	1.60 7.00 6.50 6.25 6.75 7.50 7.00 7.25 6.25 7.50 6.89
deductions:

name: Polina TSURSKAYA
rank: 8
startingNbr: 3
elements:
	3Lz<+2T	5.73	-0.13	<	0.0 0.0 0.0 0.0 3.0 -1.0 -1.0 0.0 -2.0
	2F	1.8	0.0	!	0.0 0.0 0.0 0.0 0.0 0.0 0.0 -1.0 1.0
	2A	3.3	0.75		2.0 2.0 3.0 2.0 2.0 3.0 3.0 2.0 0.0
	2A+3T	7.5	0.72		2.0 1.0 2.0 2.0 2.0 3.0 2.0 1.0 1.0
	FCSp4	3.2	0.41		2.0 1.0 1.0 1.0 2.0 1.0 2.0 0.0 1.0
	ChSq1	3.0	0.43		2.0 1.0 1.0 1.0 1.0 0.0 0.0 1.0 1.0
	2Lz	2.31	0.33	x	2.0 2.0 1.0 2.0 2.0 0.0 2.0 0.0 2.0
	3Lo<	4.05	-1.79	< x	-5.0 -5.0 -5.0 -5.0 -4.0 -5.0 -5.0 -5.0 -4.0
	3S	4.73	0.37	x	1.0 1.0 1.0 1.0 1.0 0.0 2.0 1.0 0.0
	StSq3	3.3	0.57		1.0 2.0 1.0 2.0 2.0 2.0 2.0 2.0 1.0
	CCoSp4	3.5	0.25		0.0 1.0 0.0 0.0 1.0 1.0 0.0 2.0 2.0
	LSp4	2.7	0.27		2.0 1.0 0.0 1.0 1.0 0.0 2.0 1.0 1.0
program components:
	Skating Skills	1.60 7.00 7.50 6.75 7.25 7.50 7.00 7.00 6.75 6.50 7.04
	Transitions	1.60 6.75 7.25 5.50 6.75 7.00 6.00 6.50 6.25 6.25 6.50
	Performance	1.60 6.75 7.00 6.25 6.75 7.25 6.25 7.00 6.25 6.25 6.61
	Composition	1.60 7.00 7.25 6.25 7.00 7.00 6.50 7.00 6.75 6.50 6.82
	Interpretation of the Music	1.60 6.50 7.25 6.00 7.00 6.75 6.50 6.75 6.50 6.25 6.61
deductions:

name: Marin HONDA
rank: 9
startingNbr: 8
elements:
	3Lz+3T<<	7.2	-2.95	<<	-5.0 -5.0 -5.0 -5.0 -5.0 -5.0 -5.0 -5.0 -5.0
	3F<	3.98	-1.82	!	-5.0 -5.0 -4.0 -5.0 -5.0 -4.0 -5.0 -4.0 -4.0
	ChSq1	3.0	1.21		2.0 2.0 4.0 2.0 2.0 3.0 4.0 2.0 2.0
	3S<	3.23	-1.53	<	-5.0 -5.0 -5.0 -5.0 -5.0 -4.0 -5.0 -4.0 -4.0
	1A	1.1	0.0		0.0 0.0 0.0 0.0 0.0 0.0 0.0 0.0 0.0
	CCoSp3V	2.25	0.29		2.0 2.0 3.0 1.0 1.0 1.0 1.0 1.0 1.0
	1A+3T<	4.68	-0.68	< x	-3.0 -2.0 -2.0 -2.0 -1.0 -2.0 -3.0 -2.0 -2.0
	2Lo	1.87	0.07	x	1.0 1.0 1.0 0.0 2.0 0.0 0.0 0.0 0.0
	3F<+2T+2T<	6.89	-1.7	! x	-5.0 -3.0 -5.0 -5.0 -4.0 -5.0 -4.0 -3.0 -4.0
	StSq3	3.3	0.85		2.0 2.0 3.0 2.0 4.0 3.0 4.0 2.0 2.0
	FCSp2	2.3	0.46		2.0 2.0 2.0 2.0 1.0 1.0 3.0 3.0 2.0
	LSp4	2.7	0.96		3.0 4.0 3.0 3.0 4.0 3.0 4.0 4.0 4.0
program components:
	Skating Skills	1.60 7.50 7.00 7.00 7.75 7.75 7.25 7.75 7.50 7.00 7.39
	Transitions	1.60 7.25 7.00 7.25 7.50 8.00 7.00 8.00 7.00 7.50 7.36
	Performance	1.60 6.75 6.50 7.00 7.00 7.25 6.75 6.50 6.75 7.25 6.86
	Composition	1.60 7.50 7.00 7.75 7.50 8.25 7.25 7.50 7.50 7.75 7.54
	Interpretation of the Music	1.60 7.00 7.25 7.75 7.50 8.00 7.25 7.50 7.50 7.75 7.50
deductions:
	falls: 1

name: Starr ANDREWS
rank: 10
startingNbr: 4
elements:
	1Lz	0.6	-0.06		-1.0 0.0 -1.0 0.0 -3.0 -1.0 -1.0 -1.0 -2.0
	2A	3.3	0.33		2.0 0.0 2.0 1.0 0.0 2.0 2.0 0.0 0.0
	3S	4.3	-0.25		0.0 -1.0 0.0 0.0 0.0 -1.0 -1.0 -1.0 -2.0
	LSp4	2.7	0.66		3.0 3.0 2.0 3.0 1.0 2.0 2.0 2.0 4.0
	FCCoSp4	3.5	0.55		2.0 2.0 1.0 2.0 1.0 2.0 1.0 1.0 2.0
	ChSq1	3.0	0.64		2.0 1.0 0.0 1.0 2.0 1.0 3.0 1.0 1.0
	2A+3T	7.5	0.36		1.0 -1.0 1.0 1.0 1.0 2.0 1.0 1.0 0.0
	3F<	4.38	-1.99	< x	-5.0 -5.0 -5.0 -5.0 -5.0 -5.0 -5.0 -5.0 -5.0
	StSq2	2.6	0.41		2.0 2.0 1.0 1.0 1.0 2.0 2.0 1.0 2.0
	3Lo<+2T+2T<	6.56	-1.42	< x	-4.0 -2.0 -5.0 -5.0 -3.0 -4.0 -4.0 -3.0 -4.0
	3Lo<	4.05	-1.47	< x	-5.0 -4.0 -4.0 -5.0 -4.0 -3.0 -4.0 -3.0 -4.0
	CCoSp3	3.0	0.34		2.0 2.0 1.0 0.0 -1.0 2.0 2.0 0.0 1.0
program components:
	Skating Skills	1.60 6.50 6.50 6.25 7.00 6.50 7.25 6.75 6.75 6.50 6.64
	Transitions	1.60 6.25 6.00 5.50 6.50 6.25 6.75 6.50 6.25 6.25 6.29
	Performance	1.60 6.50 5.75 6.25 6.50 6.25 6.75 6.75 6.25 6.75 6.46
	Composition	1.60 6.75 6.00 6.00 6.75 6.75 6.75 6.75 6.50 6.75 6.61
	Interpretation of the Music	1.60 6.50 6.00 6.00 6.50 6.50 7.00 6.50 6.50 6.75 6.46
deductions:
	falls: 1

