event name: ISU GP 2018 Skate America
event type: MEN FREE SKATING
name: Nathan CHEN
rank: 1
startingNbr: 10
elements:
	3Lo	4.9	1.26		3.0 2.0 2.0 3.0 2.0 2.0 3.0 3.0 3.0
	4Lz	11.5	0.49		2.0 0.0 0.0 1.0 0.0 1.0 0.0 -3.0 1.0
	3F+3T	9.5	0.53	!	2.0 1.0 0.0 2.0 1.0 1.0 1.0 -1.0 1.0
	3A	8.0	1.6		3.0 1.0 1.0 3.0 2.0 3.0 2.0 2.0 1.0
	CCSp4	3.2	0.87		2.0 2.0 2.0 3.0 3.0 3.0 3.0 3.0 3.0
	StSq2	2.6	1.0		4.0 3.0 2.0 4.0 4.0 4.0 4.0 4.0 4.0
	4T+3T	15.07	1.22	x	2.0 1.0 0.0 2.0 3.0 1.0 1.0 2.0 0.0
	4T+2T+2Lo	13.75	2.31	x	3.0 2.0 0.0 3.0 2.0 3.0 2.0 3.0 2.0
	3Lz	6.49	1.69	x	4.0 2.0 2.0 4.0 4.0 2.0 3.0 3.0 2.0
	ChSq1	3.0	2.21		4.0 4.0 5.0 5.0 5.0 4.0 4.0 3.0 5.0
	FCCoSp4	3.5	1.0		1.0 3.0 1.0 4.0 4.0 2.0 3.0 4.0 3.0
	CCoSp2	2.5	0.86		3.0 3.0 4.0 4.0 3.0 2.0 3.0 4.0 4.0
program components:
	Skating Skills	2.00 9.00 8.75 8.75 9.00 9.25 8.75 9.00 9.25 9.50 9.00
	Transitions	2.00 9.00 8.75 8.50 9.00 8.75 8.75 8.75 9.00 9.25 8.86
	Performance	2.00 9.25 8.75 9.00 9.25 9.25 9.00 9.25 9.25 9.50 9.18
	Composition	2.00 9.25 9.25 9.25 9.25 9.25 9.00 9.00 9.00 9.75 9.18
	Interpretation of the Music	2.00 9.25 9.25 9.25 9.25 9.25 9.00 9.25 9.25 9.50 9.25
deductions:

name: Michal BREZINA
rank: 2
startingNbr: 12
elements:
	4S+2T	11.0	2.63		3.0 3.0 2.0 3.0 3.0 4.0 2.0 3.0 2.0
	3A+2T	9.3	2.29		3.0 2.0 2.0 3.0 3.0 3.0 3.0 4.0 3.0
	2S	1.3	0.09		1.0 0.0 0.0 0.0 1.0 0.0 1.0 2.0 2.0
	FSSp4	3.0	0.81		3.0 2.0 2.0 3.0 4.0 3.0 4.0 2.0 2.0
	StSq4	3.9	1.17		3.0 3.0 3.0 3.0 4.0 3.0 3.0 3.0 3.0
	FCCoSp2V	1.88	0.43		3.0 2.0 2.0 3.0 3.0 2.0 2.0 2.0 2.0
	3Lz	5.9	1.35		3.0 1.0 1.0 3.0 3.0 2.0 3.0 3.0 1.0
	3A	8.8	-2.06	x	-1.0 -3.0 -2.0 -3.0 -3.0 -2.0 -3.0 -3.0 -2.0
	3F	5.83	1.06	x	3.0 2.0 1.0 2.0 1.0 2.0 3.0 2.0 2.0
	3Lo	5.39	1.19	x	2.0 2.0 2.0 4.0 3.0 3.0 3.0 2.0 2.0
	ChSq1	3.0	1.93		4.0 4.0 3.0 5.0 4.0 4.0 4.0 3.0 4.0
	CCoSp3	3.0	0.99		3.0 3.0 3.0 4.0 4.0 3.0 3.0 3.0 4.0
program components:
	Skating Skills	2.00 7.75 8.00 8.00 8.75 8.25 8.25 8.50 8.50 8.50 8.29
	Transitions	2.00 7.50 7.75 7.75 8.50 8.25 8.00 8.25 8.25 8.00 8.04
	Performance	2.00 8.00 8.25 8.25 9.25 8.50 8.50 8.75 8.50 8.25 8.43
	Composition	2.00 8.25 8.25 8.00 8.50 8.50 8.25 8.50 8.25 8.50 8.36
	Interpretation of the Music	2.00 8.00 8.25 8.25 9.00 8.75 8.50 8.75 8.50 8.50 8.50
deductions:

name: Vincent ZHOU
rank: 3
startingNbr: 8
elements:
	4Lz+3T<	14.65	-0.66	<	1.0 -1.0 -2.0 -1.0 0.0 0.0 -1.0 0.0 -1.0
	2F	1.8	-0.18	!	0.0 -1.0 -1.0 -2.0 -1.0 0.0 -1.0 -2.0 -1.0
	4T<	7.13	-2.04	<	-3.0 -2.0 -3.0 -4.0 -3.0 -2.0 -2.0 -4.0 -3.0
	FCSp4	3.2	0.5		2.0 2.0 0.0 2.0 2.0 2.0 1.0 1.0 1.0
	ChSq1	3.0	1.0		2.0 2.0 0.0 3.0 1.0 2.0 2.0 2.0 3.0
	3A<+2T	7.3	-0.69	<	0.0 -1.0 -1.0 -2.0 -2.0 0.0 -1.0 -1.0 -2.0
	4Lz<	9.49	-2.1	< x	-1.0 -2.0 -2.0 -3.0 -2.0 -2.0 -3.0 -4.0 -3.0
	3Lz	6.49	1.26	x	3.0 1.0 2.0 2.0 2.0 3.0 2.0 2.0 2.0
	FCCoSp4	3.5	0.45		1.0 2.0 0.0 2.0 1.0 1.0 1.0 2.0 1.0
	3Lz+1Eu+3F	12.87	0.08	! x	2.0 0.0 -1.0 1.0 0.0 0.0 0.0 0.0 0.0
	StSq1	1.8	0.46		2.0 2.0 1.0 3.0 3.0 3.0 2.0 3.0 3.0
	CSSp4	3.0	0.56		1.0 2.0 0.0 3.0 3.0 2.0 0.0 3.0 2.0
program components:
	Skating Skills	2.00 7.25 7.75 7.50 8.25 8.00 8.00 7.50 7.75 7.75 7.75
	Transitions	2.00 7.25 7.50 7.00 8.00 7.75 7.75 7.00 7.50 7.25 7.43
	Performance	2.00 7.50 7.50 7.25 8.50 7.75 7.75 7.25 8.00 7.50 7.61
	Composition	2.00 7.50 7.75 7.50 8.00 8.25 8.00 7.50 7.75 7.75 7.75
	Interpretation of the Music	2.00 7.25 7.75 7.25 8.25 8.00 7.75 7.50 8.00 7.75 7.71
deductions:

name: Sergei VORONOV
rank: 4
startingNbr: 7
elements:
	4T+3T	13.7	2.85		3.0 3.0 3.0 3.0 2.0 3.0 3.0 3.0 3.0
	4Lo<<	4.9	-2.45	<<	-5.0 -5.0 -5.0 -5.0 -5.0 -5.0 -5.0 -4.0 -5.0
	3T+1Eu+3S	9.0	-0.25		1.0 0.0 -1.0 -1.0 -1.0 0.0 -1.0 -1.0 0.0
	3Lo	4.9	1.12		2.0 2.0 3.0 1.0 2.0 3.0 3.0 2.0 2.0
	ChSq1	3.0	1.07		1.0 2.0 2.0 2.0 2.0 3.0 3.0 2.0 2.0
	3A+2T	10.23	1.83	x	3.0 2.0 1.0 3.0 2.0 3.0 3.0 2.0 1.0
	3A	8.8	-3.77	x	-5.0 -5.0 -5.0 -4.0 -5.0 -5.0 -4.0 -5.0 -4.0
	2Lz	2.31	-0.87	x	-5.0 -4.0 -5.0 -4.0 -4.0 -4.0 -4.0 -4.0 -3.0
	FCSp4	3.2	0.46		2.0 1.0 1.0 0.0 2.0 2.0 3.0 1.0 1.0
	StSq2	2.6	0.74		2.0 3.0 2.0 3.0 3.0 3.0 3.0 3.0 3.0
	CSSp3	2.6	0.67		2.0 2.0 1.0 3.0 3.0 3.0 3.0 2.0 3.0
	CCoSp4	3.5	1.0		2.0 3.0 2.0 3.0 3.0 3.0 3.0 3.0 3.0
program components:
	Skating Skills	2.00 7.25 8.00 8.00 8.00 8.25 7.75 8.00 8.00 8.25 8.00
	Transitions	2.00 6.50 7.50 7.75 7.50 7.25 7.50 7.25 7.50 7.75 7.46
	Performance	2.00 7.00 7.75 7.75 8.25 7.75 8.00 8.00 8.00 8.00 7.89
	Composition	2.00 7.25 7.75 8.25 7.75 7.50 7.75 7.75 7.75 8.00 7.75
	Interpretation of the Music	2.00 7.00 7.75 8.25 8.25 8.00 8.00 7.75 8.25 7.75 7.96
deductions:
	falls: 1

name: Matteo RIZZO
rank: 5
startingNbr: 9
elements:
	4T<	7.13	-2.34	<	-2.0 -5.0 -4.0 -5.0 -2.0 -2.0 -1.0 -4.0 -4.0
	3A+2T	9.3	1.6		3.0 2.0 1.0 2.0 2.0 2.0 2.0 2.0 2.0
	3Lz+3T	10.1	1.43		3.0 3.0 1.0 2.0 3.0 2.0 3.0 2.0 2.0
	3Lo	4.9	0.77		2.0 2.0 1.0 2.0 1.0 2.0 1.0 2.0 1.0
	CCSp4	3.2	0.91		3.0 3.0 3.0 3.0 4.0 3.0 2.0 3.0 2.0
	ChSq1	3.0	1.07		1.0 2.0 3.0 3.0 2.0 2.0 2.0 2.0 2.0
	3A<<	3.63	-1.41	<< x	-4.0 -5.0 -4.0 -5.0 -5.0 -4.0 -4.0 -4.0 -4.0
	3F+1Eu+2S	7.81	-0.08	! x	1.0 0.0 -1.0 1.0 -1.0 0.0 0.0 -2.0 0.0
	3Lz	6.49	1.01	x	2.0 1.0 1.0 3.0 2.0 2.0 2.0 2.0 1.0
	FSSp4	3.0	0.69		2.0 2.0 3.0 3.0 2.0 2.0 1.0 2.0 3.0
	StSq3	3.3	0.94		2.0 3.0 2.0 4.0 4.0 3.0 3.0 3.0 2.0
	CCoSp4	3.5	0.25		0.0 2.0 0.0 3.0 0.0 -1.0 1.0 0.0 2.0
program components:
	Skating Skills	2.00 7.50 7.75 7.75 8.50 7.75 7.75 7.75 8.00 7.75 7.79
	Transitions	2.00 7.25 7.50 7.25 8.25 7.50 7.75 7.50 7.50 7.50 7.50
	Performance	2.00 7.25 7.75 7.50 8.50 7.75 7.50 8.00 7.75 8.00 7.75
	Composition	2.00 7.50 7.75 7.75 8.50 7.75 7.75 8.00 7.75 7.75 7.79
	Interpretation of the Music	2.00 7.25 8.00 7.50 8.50 8.00 8.00 8.00 8.00 8.00 7.93
deductions:

name: Nam NGUYEN
rank: 6
startingNbr: 4
elements:
	4S+2T	11.0	2.49		3.0 3.0 2.0 2.0 4.0 3.0 2.0 3.0 2.0
	4S	9.7	0.14		1.0 -1.0 -1.0 1.0 1.0 0.0 0.0 0.0 0.0
	3F+1Eu<+3S	9.98	-0.53	<	0.0 1.0 -2.0 -2.0 -1.0 0.0 -1.0 -2.0 -1.0
	FCSSp3	2.6	0.26		1.0 1.0 0.0 2.0 2.0 1.0 -1.0 1.0 1.0
	StSq2	2.6	0.52		2.0 2.0 0.0 2.0 2.0 2.0 2.0 2.0 2.0
	3A	8.0	1.83		3.0 2.0 0.0 3.0 2.0 2.0 3.0 2.0 2.0
	1A	1.21	-0.02	x	1.0 0.0 -1.0 -2.0 0.0 0.0 0.0 0.0 0.0
	3F+2T	7.26	0.38	x	1.0 0.0 -1.0 1.0 1.0 1.0 2.0 0.0 1.0
	FCCoSp1	2.0	0.09		0.0 0.0 -1.0 1.0 2.0 0.0 1.0 1.0 0.0
	ChSq1	3.0	1.14		3.0 3.0 2.0 2.0 3.0 2.0 2.0 2.0 2.0
	CCoSp3	3.0	0.47		2.0 1.0 1.0 3.0 2.0 1.0 1.0 2.0 2.0
	2Lo	1.87	0.0	x	0.0 0.0 -1.0 0.0 0.0 0.0 0.0 0.0 0.0
program components:
	Skating Skills	2.00 7.50 7.50 7.25 7.50 7.75 7.25 7.50 7.50 7.50 7.46
	Transitions	2.00 7.25 7.25 6.75 7.25 7.50 7.25 7.25 7.25 7.25 7.25
	Performance	2.00 7.25 7.25 7.00 7.50 7.50 7.50 7.75 7.50 7.50 7.43
	Composition	2.00 7.50 7.50 7.25 7.50 7.75 7.50 7.50 7.50 7.50 7.50
	Interpretation of the Music	2.00 7.25 7.25 7.00 7.75 7.50 7.50 7.50 7.75 7.25 7.43
deductions:

name: Morisi KVITELASHVILI
rank: 7
startingNbr: 3
elements:
	2S+3T	5.5	0.12		1.0 0.0 -1.0 -1.0 1.0 0.0 0.0 2.0 1.0
	3A	8.0	2.4		3.0 3.0 3.0 2.0 3.0 3.0 3.0 3.0 3.0
	3F+1Eu+2S	7.1	0.76		2.0 1.0 1.0 1.0 1.0 2.0 0.0 2.0 2.0
	3Lo	4.9	0.98		2.0 3.0 2.0 2.0 2.0 2.0 2.0 2.0 2.0
	FCSp4	3.2	0.46		1.0 2.0 1.0 2.0 0.0 1.0 2.0 2.0 1.0
	ChSq1	3.0	0.71		1.0 1.0 1.0 0.0 1.0 2.0 2.0 2.0 2.0
	2T	1.43	-0.39	x	-4.0 -3.0 -3.0 -4.0 -3.0 -2.0 -2.0 -3.0 -3.0
	4T	10.45	-4.75	x	-5.0 -5.0 -5.0 -5.0 -5.0 -5.0 -5.0 -5.0 -5.0
	3F+3T	10.45	0.15	x	1.0 1.0 0.0 -1.0 0.0 0.0 0.0 1.0 0.0
	FCCoSp4	3.5	0.65		2.0 2.0 2.0 3.0 1.0 2.0 1.0 2.0 2.0
	StSq2	2.6	0.41		1.0 2.0 1.0 2.0 1.0 1.0 2.0 2.0 2.0
	CCoSp4	3.5	0.15		1.0 1.0 0.0 3.0 0.0 -1.0 -1.0 1.0 1.0
program components:
	Skating Skills	2.00 7.00 7.25 7.75 7.00 7.00 7.50 7.25 7.50 7.75 7.32
	Transitions	2.00 7.00 7.00 7.25 6.50 6.75 7.00 6.75 7.25 7.50 7.00
	Performance	2.00 6.75 7.25 7.50 6.75 7.25 7.25 7.00 7.50 7.50 7.21
	Composition	2.00 7.25 7.50 7.75 6.50 7.25 7.25 7.00 7.75 7.75 7.39
	Interpretation of the Music	2.00 6.75 7.25 7.75 6.50 7.25 7.00 7.25 7.50 7.50 7.21
deductions:
	falls: 1

name: Alexei BYCHENKO
rank: 8
startingNbr: 1
elements:
	3Lz+3T	10.1	1.52		2.0 2.0 4.0 3.0 3.0 3.0 2.0 2.0 3.0
	3A+2T	9.3	0.46		1.0 0.0 0.0 0.0 1.0 1.0 1.0 1.0 0.0
	2Lo	1.7	0.05		1.0 1.0 -1.0 -1.0 1.0 0.0 0.0 1.0 0.0
	CCoSp3V	2.25	-0.1		-1.0 0.0 -1.0 1.0 0.0 -1.0 -1.0 0.0 0.0
	StSq2	2.6	0.56		1.0 3.0 2.0 3.0 1.0 2.0 3.0 2.0 2.0
	2A	3.3	0.38		1.0 1.0 1.0 1.0 2.0 1.0 1.0 2.0 1.0
	3A	8.8	-2.63	x	-3.0 -4.0 -2.0 -4.0 -3.0 -3.0 -4.0 -2.0 -4.0
	FCSp2	2.3	0.07		0.0 1.0 0.0 1.0 0.0 -1.0 2.0 0.0 0.0
	2Lz+1Eu+2S	4.29	0.0	x	1.0 0.0 -1.0 -2.0 1.0 0.0 0.0 1.0 -1.0
	ChSq1	3.0	0.64		1.0 1.0 1.0 1.0 1.0 2.0 2.0 2.0 1.0
	3F	5.83	0.45	x	1.0 1.0 1.0 0.0 1.0 1.0 0.0 2.0 1.0
	CSSp1V	1.43	-0.1		-2.0 0.0 -1.0 0.0 -1.0 0.0 -1.0 -1.0 -1.0
program components:
	Skating Skills	2.00 6.75 7.25 7.50 7.25 7.00 7.25 7.75 7.25 7.50 7.29
	Transitions	2.00 6.00 7.00 7.25 6.75 6.50 6.75 6.75 7.00 7.25 6.86
	Performance	2.00 6.50 7.50 7.75 7.00 7.00 6.75 7.50 7.50 7.25 7.21
	Composition	2.00 6.50 7.25 8.00 6.75 6.75 7.00 7.50 7.50 7.50 7.18
	Interpretation of the Music	2.00 6.50 7.25 7.75 7.00 7.25 7.00 7.75 7.25 7.25 7.25
deductions:

name: Julian Zhi Jie YEE
rank: 9
startingNbr: 11
elements:
	1A+1T	1.5	-0.33		-4.0 -2.0 -5.0 -3.0 -3.0 -3.0 -3.0 -3.0 -2.0
	4S<<	4.3	-2.15	<<	-5.0 -5.0 -5.0 -5.0 -5.0 -5.0 -5.0 -5.0 -5.0
	3A	8.0	0.57		2.0 1.0 0.0 2.0 0.0 1.0 1.0 0.0 0.0
	FSSp4	3.0	0.51		3.0 2.0 1.0 2.0 3.0 1.0 1.0 1.0 2.0
	StSq2	2.6	0.59		3.0 2.0 1.0 3.0 3.0 2.0 3.0 1.0 2.0
	3F+1Eu<+2S	6.98	-1.14	<	-1.0 -2.0 -3.0 -2.0 -2.0 -1.0 -2.0 -4.0 -3.0
	3Lo	5.39	0.77	x	3.0 2.0 1.0 2.0 1.0 2.0 2.0 1.0 1.0
	FCCoSp3	3.0	0.04		-1.0 1.0 -1.0 1.0 0.0 0.0 0.0 1.0 0.0
	3F+3T	10.45	-0.61	! x	0.0 0.0 -2.0 -2.0 -1.0 -1.0 0.0 -2.0 -2.0
	2Lz	2.31	-0.54	x	-2.0 -3.0 -4.0 -2.0 -4.0 -2.0 -2.0 -3.0 -2.0
	ChSq1	3.0	1.0		3.0 1.0 2.0 3.0 2.0 1.0 2.0 2.0 2.0
	CCoSp4	3.5	0.75		2.0 3.0 1.0 3.0 2.0 2.0 2.0 1.0 3.0
program components:
	Skating Skills	2.00 7.25 7.25 7.25 8.00 7.25 7.50 7.75 7.00 7.25 7.36
	Transitions	2.00 7.00 7.25 6.50 7.50 7.50 7.25 7.25 6.50 7.25 7.14
	Performance	2.00 7.25 7.50 6.75 8.25 7.50 7.25 7.50 6.75 7.50 7.32
	Composition	2.00 7.50 7.50 7.00 7.50 7.75 7.50 7.50 7.00 7.50 7.43
	Interpretation of the Music	2.00 7.75 7.50 7.00 8.00 7.75 7.50 7.75 7.00 7.25 7.50
deductions:
	falls: 1

name: Kevin REYNOLDS
rank: 10
startingNbr: 2
elements:
	4S<	7.28	-3.64	<	-5.0 -5.0 -5.0 -5.0 -5.0 -5.0 -5.0 -5.0 -5.0
	2T+3T	5.5	0.3		1.0 1.0 0.0 0.0 0.0 1.0 2.0 1.0 1.0
	3A<+2T	7.3	-1.03	<	0.0 -1.0 -2.0 -3.0 -2.0 -1.0 -2.0 -2.0 -2.0
	3S	4.3	0.25		1.0 1.0 0.0 0.0 1.0 0.0 1.0 2.0 0.0
	CCSp2	2.3	0.2		1.0 2.0 0.0 0.0 0.0 0.0 2.0 2.0 1.0
	StSq2	2.6	0.3		1.0 2.0 0.0 2.0 0.0 1.0 1.0 2.0 1.0
	2T*	0.0	0.0	* x	0.0 0.0 0.0 0.0 0.0 0.0 0.0 0.0 0.0
	3F+3Lo	11.22	0.45	x	2.0 1.0 0.0 0.0 1.0 1.0 1.0 1.0 1.0
	3Lz	6.49	0.42	x	2.0 0.0 0.0 0.0 1.0 1.0 2.0 1.0 0.0
	FCCoSp4	3.5	0.65		2.0 3.0 1.0 1.0 2.0 2.0 2.0 2.0 2.0
	ChSq1	3.0	0.43		1.0 2.0 0.0 0.0 -1.0 1.0 1.0 2.0 1.0
	CCoSp4	3.5	0.85		2.0 3.0 1.0 2.0 3.0 2.0 2.0 3.0 3.0
program components:
	Skating Skills	2.00 7.00 7.25 6.75 7.00 6.75 7.00 7.00 7.25 7.00 7.00
	Transitions	2.00 6.50 7.25 6.75 6.50 6.25 7.00 6.75 6.75 6.50 6.68
	Performance	2.00 6.75 7.25 7.00 6.50 6.75 6.75 7.00 7.25 6.75 6.89
	Composition	2.00 7.00 7.25 7.25 6.50 6.50 6.75 7.00 7.00 6.75 6.89
	Interpretation of the Music	2.00 6.75 7.50 6.75 6.75 7.00 7.00 7.25 7.25 6.50 6.96
deductions:
	falls: 1

name: Romain PONSART
rank: 11
startingNbr: 6
elements:
	2T	1.3	0.06		1.0 1.0 -1.0 -1.0 1.0 0.0 0.0 1.0 2.0
	3A	8.0	-4.0		-5.0 -5.0 -5.0 -5.0 -5.0 -5.0 -5.0 -5.0 -5.0
	3Lz	5.9	0.93		1.0 0.0 1.0 3.0 2.0 2.0 2.0 2.0 1.0
	3Lo	4.9	0.56		1.0 0.0 1.0 2.0 1.0 2.0 0.0 2.0 1.0
	ChSq1	3.0	0.86		1.0 2.0 1.0 2.0 2.0 1.0 2.0 2.0 2.0
	3A<+REP	4.2	-3.0	<	-5.0 -5.0 -5.0 -5.0 -5.0 -5.0 -5.0 -5.0 -5.0
	FCSp3	2.8	0.6		2.0 2.0 1.0 3.0 3.0 2.0 2.0 2.0 2.0
	3Lz+2T	7.92	0.59	x	2.0 1.0 0.0 2.0 1.0 0.0 1.0 2.0 0.0
	3F<	4.38	-1.19	! x	-1.0 -3.0 -2.0 -4.0 -4.0 -2.0 -3.0 -3.0 -4.0
	StSq1	1.8	0.28		1.0 2.0 0.0 2.0 1.0 2.0 2.0 2.0 1.0
	CSSp2	2.3	0.3		1.0 1.0 0.0 1.0 1.0 2.0 2.0 1.0 2.0
	CCoSp4	3.5	0.95		3.0 3.0 2.0 3.0 3.0 3.0 3.0 2.0 2.0
program components:
	Skating Skills	2.00 7.25 7.25 7.25 7.50 7.50 7.25 7.50 7.50 7.25 7.36
	Transitions	2.00 7.00 7.00 6.50 7.00 7.25 6.75 7.25 7.25 7.00 7.04
	Performance	2.00 6.75 7.00 6.75 7.50 7.25 7.00 7.00 7.25 6.75 7.00
	Composition	2.00 7.00 7.25 7.00 7.25 7.75 6.75 7.50 7.50 7.00 7.21
	Interpretation of the Music	2.00 6.75 7.25 6.50 7.50 7.50 7.00 7.25 7.50 6.75 7.14
deductions:
	falls: 2

name: Jimmy MA
rank: 12
startingNbr: 5
elements:
	4T	9.5	-4.75		-5.0 -5.0 -5.0 -5.0 -5.0 -5.0 -5.0 -5.0 -5.0
	3Lo	4.9	0.21		1.0 0.0 0.0 1.0 1.0 0.0 0.0 1.0 0.0
	3A	8.0	-4.0		-5.0 -5.0 -5.0 -4.0 -5.0 -5.0 -5.0 -5.0 -5.0
	FCSp3	2.8	0.0		1.0 0.0 -2.0 -1.0 1.0 1.0 -1.0 0.0 0.0
	ChSq1	3.0	0.71		1.0 1.0 1.0 1.0 2.0 1.0 2.0 2.0 2.0
	3Lz+2T	7.2	0.67		2.0 2.0 1.0 0.0 2.0 1.0 0.0 2.0 0.0
	1A	1.21	-0.02	x	1.0 0.0 -1.0 -1.0 1.0 0.0 -1.0 0.0 0.0
	3Lz	6.49	-0.25	x	1.0 0.0 -1.0 -3.0 -1.0 0.0 -2.0 1.0 0.0
	3F	5.83	-2.65	! x	-5.0 -5.0 -5.0 -5.0 -5.0 -5.0 -5.0 -5.0 -5.0
	CSSp4	3.0	0.34		3.0 1.0 0.0 1.0 1.0 2.0 1.0 1.0 1.0
	StSq3	3.3	0.57		2.0 2.0 1.0 3.0 1.0 2.0 2.0 1.0 2.0
	CCoSp3	3.0	0.13		-2.0 1.0 -1.0 0.0 1.0 0.0 1.0 1.0 2.0
program components:
	Skating Skills	2.00 6.75 7.25 6.75 7.25 7.00 7.25 6.50 6.75 7.00 6.96
	Transitions	2.00 6.50 7.00 6.75 7.00 6.75 7.00 6.25 6.75 6.50 6.75
	Performance	2.00 6.50 6.75 6.50 7.00 6.50 6.75 6.00 7.00 6.50 6.64
	Composition	2.00 6.75 7.25 7.00 7.00 7.25 7.00 6.50 7.50 6.75 7.00
	Interpretation of the Music	2.00 6.50 7.00 6.75 6.75 7.00 7.00 6.25 7.25 6.75 6.82
deductions:
	falls: 3

