event name: ISU GP 2018 Skate America
event type: LADIES SHORT PROGRAM
name: Satoko MIYAHARA
rank: 1
startingNbr: 11
elements:
	3Lz+3T	10.1	1.52		3.0 3.0 3.0 2.0 2.0 3.0 2.0 2.0 3.0
	FCSp4	3.2	0.96		3.0 4.0 3.0 3.0 3.0 4.0 3.0 2.0 2.0
	2A	3.3	0.75		3.0 3.0 3.0 2.0 2.0 2.0 2.0 2.0 2.0
	3F	5.83	0.08	! x	2.0 1.0 -1.0 0.0 0.0 1.0 0.0 -1.0 0.0
	CCoSp4	3.5	1.0		3.0 4.0 3.0 2.0 1.0 4.0 3.0 2.0 3.0
	StSq4	3.9	1.5		5.0 5.0 4.0 3.0 4.0 4.0 3.0 2.0 4.0
	LSp4	2.7	1.08		5.0 5.0 4.0 3.0 4.0 5.0 2.0 3.0 4.0
program components:
	Skating Skills	0.80 8.75 9.25 8.50 8.50 9.25 8.50 8.75 8.25 8.25 8.64
	Transitions	0.80 8.75 9.25 8.25 8.25 8.75 8.00 8.50 8.00 8.25 8.39
	Performance	0.80 9.00 9.50 8.50 8.25 9.25 8.00 8.75 8.25 8.50 8.64
	Composition	0.80 9.25 9.50 8.25 8.50 9.00 8.25 8.50 8.50 8.50 8.64
	Interpretation of the Music	0.80 9.00 9.50 8.75 8.50 9.25 8.50 8.75 8.50 8.50 8.75
deductions:

name: Kaori SAKAMOTO
rank: 2
startingNbr: 10
elements:
	3F+3T	9.5	1.59		3.0 3.0 3.0 2.0 3.0 4.0 3.0 3.0 3.0
	2A	3.3	0.99		3.0 4.0 4.0 2.0 2.0 3.0 4.0 3.0 1.0
	CCoSp4	3.5	0.85		4.0 2.0 2.0 2.0 2.0 3.0 3.0 3.0 1.0
	StSq3	3.3	0.9		3.0 3.0 3.0 2.0 2.0 4.0 3.0 3.0 2.0
	3Lo	5.39	1.61	x	3.0 5.0 3.0 2.0 3.0 4.0 4.0 3.0 3.0
	FCSp3	2.8	0.72		3.0 2.0 4.0 2.0 2.0 4.0 3.0 2.0 2.0
	LSp4	2.7	0.77		3.0 3.0 3.0 2.0 3.0 4.0 3.0 3.0 2.0
program components:
	Skating Skills	0.80 8.00 8.25 8.25 7.75 8.75 8.50 9.00 8.25 8.25 8.32
	Transitions	0.80 8.00 8.00 7.75 7.50 8.25 8.50 8.75 8.25 8.25 8.14
	Performance	0.80 8.25 8.50 8.25 8.00 9.00 8.50 9.25 8.75 8.00 8.46
	Composition	0.80 8.25 8.50 8.00 7.75 8.50 8.50 9.25 8.50 8.00 8.32
	Interpretation of the Music	0.80 8.00 8.25 8.50 8.00 9.00 8.75 9.25 8.75 8.00 8.46
deductions:

name: Sofia SAMODUROVA
rank: 3
startingNbr: 1
elements:
	3F+3T	9.5	0.91		1.0 2.0 2.0 2.0 -2.0 2.0 1.0 3.0 2.0
	FCSp4	3.2	0.64		2.0 3.0 2.0 2.0 2.0 2.0 2.0 2.0 2.0
	StSq3	3.3	0.71		2.0 2.0 3.0 2.0 2.0 3.0 2.0 2.0 1.0
	3Lo	4.9	0.84		2.0 1.0 1.0 2.0 2.0 3.0 2.0 2.0 1.0
	2A	3.63	0.47	x	2.0 1.0 3.0 2.0 1.0 2.0 1.0 1.0 0.0
	LSp4	2.7	0.62		3.0 2.0 3.0 3.0 2.0 2.0 2.0 2.0 2.0
	CCoSp4	3.5	0.9		3.0 3.0 1.0 3.0 2.0 3.0 2.0 3.0 2.0
program components:
	Skating Skills	0.80 7.00 7.00 6.75 7.50 7.50 6.75 7.25 7.25 7.25 7.14
	Transitions	0.80 7.00 6.75 6.25 7.25 7.50 6.50 7.00 7.50 7.00 7.00
	Performance	0.80 7.25 7.25 6.75 7.50 8.00 6.75 7.25 7.50 7.25 7.25
	Composition	0.80 7.25 7.00 6.50 7.50 8.25 6.50 7.25 7.75 7.00 7.18
	Interpretation of the Music	0.80 7.00 7.00 6.75 7.50 7.75 6.75 7.25 8.00 7.00 7.18
deductions:

name: Marin HONDA
rank: 4
startingNbr: 7
elements:
	3Lo+3T<	8.05	-0.07	<	1.0 0.0 1.0 0.0 -1.0 -1.0 0.0 -2.0 0.0
	2A	3.3	0.8		3.0 1.0 3.0 2.0 2.0 3.0 3.0 2.0 2.0
	FSSp3	2.6	0.33		2.0 1.0 2.0 1.0 1.0 2.0 1.0 1.0 1.0
	3F<	4.38	-0.51	< x	-1.0 -1.0 -1.0 -1.0 -3.0 -2.0 -1.0 -2.0 -1.0
	LSp4	2.7	0.81		4.0 3.0 3.0 3.0 2.0 3.0 3.0 2.0 4.0
	StSq4	3.9	1.39		3.0 3.0 4.0 3.0 3.0 4.0 4.0 4.0 4.0
	CCoSp3V	2.25	0.45		2.0 1.0 2.0 2.0 1.0 3.0 3.0 1.0 3.0
program components:
	Skating Skills	0.80 7.75 8.00 8.25 7.75 8.25 7.75 8.25 7.75 8.50 8.00
	Transitions	0.80 7.75 8.00 8.00 7.25 8.25 7.75 7.75 7.75 8.50 7.89
	Performance	0.80 8.00 8.25 8.25 7.25 8.50 8.25 8.00 7.75 8.75 8.14
	Composition	0.80 8.25 8.25 8.25 7.50 8.50 7.75 8.00 8.00 8.50 8.14
	Interpretation of the Music	0.80 8.00 8.25 8.50 7.50 8.75 8.00 8.25 8.25 8.75 8.29
deductions:

name: Bradie TENNELL
rank: 5
startingNbr: 9
elements:
	3Lz+1Lo*	5.9	-2.95	*	-5.0 -5.0 -5.0 -5.0 -5.0 -5.0 -5.0 -5.0 -5.0
	FCSp4	3.2	0.87		3.0 3.0 3.0 2.0 2.0 3.0 4.0 3.0 2.0
	StSq4	3.9	1.0		3.0 2.0 2.0 3.0 3.0 3.0 3.0 2.0 2.0
	2A	3.3	0.85		3.0 3.0 3.0 2.0 2.0 3.0 3.0 2.0 1.0
	3F	5.83	0.08	! x	2.0 0.0 -1.0 0.0 0.0 2.0 1.0 -1.0 -2.0
	LSp4	2.7	0.35		2.0 1.0 -1.0 1.0 2.0 3.0 2.0 0.0 1.0
	CCoSp4	3.5	1.15		4.0 3.0 3.0 3.0 3.0 4.0 4.0 3.0 2.0
program components:
	Skating Skills	0.80 8.75 8.00 8.00 7.75 8.50 8.00 8.00 7.75 7.75 8.00
	Transitions	0.80 8.50 8.00 7.50 7.50 8.00 7.75 8.00 7.50 8.00 7.82
	Performance	0.80 8.50 8.25 8.25 7.50 8.00 8.00 8.25 7.75 8.00 8.07
	Composition	0.80 9.00 8.25 7.75 7.50 8.50 8.00 8.25 8.25 7.75 8.11
	Interpretation of the Music	0.80 8.75 8.00 8.00 7.75 8.50 7.75 8.00 8.25 7.75 8.04
deductions:

name: Megan WESSENBERG
rank: 6
startingNbr: 2
elements:
	3Lz	5.9	-0.84		2.0 -1.0 -2.0 -2.0 -2.0 -1.0 0.0 -2.0 -2.0
	3T+3T	8.4	0.66		3.0 1.0 3.0 1.0 0.0 1.0 3.0 1.0 1.0
	StSq3	3.3	0.47		3.0 2.0 1.0 1.0 2.0 1.0 2.0 1.0 1.0
	LSp4	2.7	0.35		3.0 2.0 -1.0 1.0 1.0 2.0 1.0 1.0 1.0
	2A	3.63	0.57	x	3.0 2.0 3.0 1.0 1.0 2.0 2.0 1.0 0.0
	FSSp3	2.6	0.52		2.0 2.0 2.0 3.0 2.0 2.0 2.0 2.0 2.0
	CCoSp4	3.5	0.7		3.0 3.0 1.0 2.0 2.0 3.0 2.0 1.0 1.0
program components:
	Skating Skills	0.80 7.25 6.75 6.50 7.25 7.75 6.50 7.00 6.75 6.75 6.89
	Transitions	0.80 7.00 6.75 6.25 7.00 7.25 6.00 6.25 7.00 6.50 6.68
	Performance	0.80 7.25 6.75 6.50 7.25 8.25 6.75 7.25 7.25 7.25 7.11
	Composition	0.80 7.25 6.75 6.75 7.50 7.50 6.25 7.00 6.75 6.75 6.96
	Interpretation of the Music	0.80 7.25 7.00 6.75 7.25 8.00 6.50 7.00 7.00 7.00 7.04
deductions:

name: Laurine LECAVELIER
rank: 7
startingNbr: 6
elements:
	3T+3T<<	5.5	-1.26	<<	-3.0 -4.0 -2.0 -3.0 -4.0 -2.0 -3.0 -2.0 -4.0
	3Lz	5.9	1.43		3.0 2.0 3.0 2.0 2.0 3.0 2.0 2.0 3.0
	CCoSp4	3.5	0.35		2.0 0.0 1.0 1.0 0.0 3.0 1.0 1.0 1.0
	StSq3	3.3	0.8		3.0 2.0 3.0 1.0 1.0 3.0 3.0 3.0 2.0
	2A	3.63	0.42	x	2.0 1.0 2.0 1.0 0.0 3.0 2.0 1.0 0.0
	FCSp4	3.2	0.5		2.0 2.0 2.0 2.0 1.0 2.0 1.0 0.0 1.0
	LSp4	2.7	0.46		3.0 1.0 2.0 1.0 0.0 3.0 2.0 2.0 1.0
program components:
	Skating Skills	0.80 7.00 7.25 7.50 7.25 7.50 7.25 7.25 7.25 7.00 7.25
	Transitions	0.80 7.00 6.75 7.00 7.00 7.25 7.00 7.00 7.00 7.00 7.00
	Performance	0.80 7.00 7.25 7.25 7.00 7.75 7.50 7.25 7.50 7.50 7.32
	Composition	0.80 7.50 7.25 7.50 7.25 7.75 7.25 7.50 7.50 7.25 7.39
	Interpretation of the Music	0.80 7.25 7.50 7.50 7.25 7.50 7.50 7.50 7.75 7.50 7.46
deductions:

name: Polina TSURSKAYA
rank: 8
startingNbr: 5
elements:
	3Lz+3T<	9.05	-0.34	<	0.0 0.0 0.0 -2.0 -4.0 -1.0 -1.0 1.0 0.0
	2A	3.3	0.85		3.0 2.0 3.0 3.0 2.0 3.0 3.0 2.0 2.0
	FCSp4	3.2	0.37		2.0 1.0 1.0 2.0 0.0 2.0 1.0 0.0 1.0
	3F<	4.38	-1.25	! x	-3.0 -3.0 -3.0 -1.0 -4.0 -4.0 -3.0 -3.0 -3.0
	CCoSp4	3.5	0.6		2.0 3.0 1.0 2.0 1.0 2.0 2.0 1.0 2.0
	StSq2	2.6	0.33		2.0 1.0 1.0 1.0 1.0 2.0 3.0 1.0 1.0
	LSp4	2.7	0.42		2.0 2.0 1.0 2.0 0.0 2.0 2.0 1.0 1.0
program components:
	Skating Skills	0.80 7.25 7.25 7.25 7.75 7.50 7.00 7.50 7.25 7.25 7.32
	Transitions	0.80 7.00 7.00 6.50 7.25 7.25 6.75 7.00 6.75 7.00 6.96
	Performance	0.80 7.25 7.00 7.00 7.25 7.50 6.75 7.50 7.00 7.25 7.18
	Composition	0.80 7.25 6.75 7.25 7.50 7.75 6.75 7.25 7.25 7.00 7.18
	Interpretation of the Music	0.80 7.00 7.00 7.25 7.75 7.75 6.50 7.25 7.50 7.00 7.25
deductions:

name: Starr ANDREWS
rank: 9
startingNbr: 4
elements:
	3T+3T	8.4	0.78		2.0 1.0 3.0 2.0 2.0 3.0 1.0 2.0 1.0
	CCoSp4	3.5	0.9		2.0 3.0 3.0 2.0 2.0 3.0 3.0 2.0 3.0
	FCSp4	3.2	0.73		3.0 3.0 3.0 2.0 2.0 2.0 2.0 2.0 2.0
	2A	3.3	-1.65		-5.0 -5.0 -5.0 -5.0 -5.0 -5.0 -5.0 -5.0 -5.0
	StSq2	2.6	0.45		2.0 1.0 2.0 2.0 2.0 1.0 2.0 1.0 2.0
	3Lo<	4.05	-0.63	< x	-2.0 -1.0 -1.0 -1.0 -3.0 -2.0 -2.0 -2.0 -2.0
	LSp4	2.7	0.73		4.0 3.0 3.0 3.0 2.0 2.0 3.0 2.0 3.0
program components:
	Skating Skills	0.80 6.75 6.75 6.50 7.25 7.25 6.50 7.00 6.75 6.75 6.82
	Transitions	0.80 6.75 6.75 6.50 7.00 7.25 6.00 6.75 7.25 6.75 6.82
	Performance	0.80 7.00 7.00 6.75 7.00 7.00 6.50 7.25 7.00 7.25 7.00
	Composition	0.80 7.25 7.25 6.75 7.25 8.00 6.50 7.00 7.25 7.25 7.14
	Interpretation of the Music	0.80 7.00 7.25 6.75 7.25 8.25 6.50 7.25 7.50 7.25 7.18
deductions:
	falls: 1

name: Loena HENDRICKX
rank: 10
startingNbr: 8
elements:
	3Lz	5.9	-2.87		-5.0 -4.0 -5.0 -5.0 -5.0 -4.0 -5.0 -5.0 -5.0
	FSSp4	3.0	0.69		2.0 3.0 3.0 2.0 2.0 2.0 3.0 2.0 2.0
	CCoSp4	3.5	1.1		2.0 3.0 4.0 4.0 3.0 3.0 3.0 2.0 5.0
	2A	3.3	0.33		2.0 1.0 1.0 0.0 0.0 1.0 2.0 2.0 0.0
	3F<+COMBO	4.38	-1.99	< x	-5.0 -5.0 -5.0 -5.0 -5.0 -5.0 -5.0 -5.0 -5.0
	StSq2	2.6	0.71		3.0 3.0 4.0 3.0 2.0 3.0 3.0 2.0 1.0
	LSp4	2.7	1.0		4.0 3.0 4.0 4.0 4.0 4.0 3.0 2.0 5.0
program components:
	Skating Skills	0.80 7.50 8.00 8.00 7.50 8.00 7.50 7.75 7.00 6.75 7.61
	Transitions	0.80 7.50 7.50 7.75 7.25 7.50 7.25 7.50 7.00 6.75 7.36
	Performance	0.80 7.50 7.50 8.50 7.00 7.25 6.75 7.25 6.75 7.25 7.21
	Composition	0.80 7.75 7.75 8.00 7.25 7.75 7.00 7.50 7.50 7.00 7.50
	Interpretation of the Music	0.80 7.75 7.75 8.25 7.50 7.50 7.25 7.50 7.50 7.00 7.54
deductions:

name: Alaine CHARTRAND
rank: 11
startingNbr: 3
elements:
	2A	3.3	0.52		2.0 2.0 2.0 1.0 1.0 3.0 2.0 1.0 0.0
	2Lz*	0.0	0.0	*	0.0 0.0 0.0 0.0 0.0 0.0 0.0 0.0 0.0
	FSSp4	3.0	0.26		2.0 1.0 0.0 1.0 2.0 0.0 1.0 0.0 1.0
	3Lo<+2T	5.48	-1.42	< x	-4.0 -5.0 -4.0 -4.0 -5.0 -4.0 -3.0 -3.0 -2.0
	StSq3	3.3	0.57		2.0 2.0 1.0 2.0 1.0 2.0 1.0 2.0 2.0
	LSp4	2.7	-0.04		2.0 -1.0 0.0 0.0 0.0 2.0 -1.0 -1.0 -2.0
	CCoSp3	3.0	0.13		1.0 0.0 0.0 0.0 -2.0 0.0 1.0 1.0 1.0
program components:
	Skating Skills	0.80 7.00 6.75 6.75 7.00 7.25 6.25 6.25 6.25 6.75 6.68
	Transitions	0.80 7.00 6.25 6.25 6.75 6.75 6.00 6.00 6.50 6.50 6.43
	Performance	0.80 7.00 6.25 6.00 6.50 6.75 6.25 6.00 6.50 6.75 6.43
	Composition	0.80 7.25 6.50 6.75 6.75 7.00 6.50 6.25 6.75 7.00 6.75
	Interpretation of the Music	0.80 7.25 6.50 6.25 6.50 6.50 6.25 6.25 6.50 6.75 6.46
deductions:

