event name: ISU GP 2018 Skate America
event type: PAIRS SHORT PROGRAM
name: Evgenia TARASOVA / Vladimir MOROZOV
rank: 1
startingNbr: 8
elements:
	3Tw4	6.0	2.31		3.0 3.0 4.0 4.0 4.0 4.0 4.0 4.0 4.0
	3T<	3.15	-0.86	<	-4.0 -3.0 -3.0 -3.0 -2.0 -5.0 -1.0 -3.0 -1.0
	3LoTh	5.0	0.43		2.0 1.0 2.0 0.0 1.0 0.0 1.0 -2.0 1.0
	BoDs4	4.7	1.54		2.0 3.0 4.0 3.0 3.0 3.0 4.0 4.0 3.0
	4Li4	5.1	1.38		2.0 2.0 3.0 3.0 2.0 3.0 3.0 3.0 3.0
	CCoSp4	3.5	0.6		2.0 1.0 3.0 2.0 2.0 1.0 1.0 1.0 3.0
	StSq3	3.3	0.52		1.0 3.0 0.0 1.0 2.0 2.0 1.0 1.0 4.0
program components:
	Skating Skills	0.80 8.75 9.50 9.00 8.50 8.75 8.50 8.50 8.25 8.75 8.68
	Transitions	0.80 8.50 9.00 9.25 8.25 8.75 8.25 8.75 7.75 8.50 8.57
	Performance	0.80 8.75 9.00 9.00 8.25 8.50 8.50 8.75 8.00 8.75 8.64
	Composition	0.80 8.75 9.50 9.00 8.50 8.75 8.75 8.50 8.25 8.75 8.71
	Interpretation of the Music	0.80 8.50 9.25 8.75 8.25 8.75 8.50 8.75 8.00 8.75 8.61
deductions:

name: Alisa EFIMOVA / Alexander KOROVIN
rank: 2
startingNbr: 6
elements:
	3Tw3	5.7	1.38		3.0 3.0 2.0 2.0 2.0 2.0 3.0 3.0 2.0
	3S<	3.23	-1.39	<	-5.0 -5.0 -3.0 -4.0 -5.0 -5.0 -2.0 -4.0 -4.0
	3LoTh	5.0	1.43		3.0 3.0 3.0 3.0 3.0 3.0 1.0 4.0 2.0
	4Li4	5.1	0.95		2.0 2.0 2.0 2.0 2.0 0.0 1.0 3.0 2.0
	StSq4	3.9	0.95		2.0 2.0 3.0 2.0 3.0 2.0 2.0 3.0 3.0
	BoDs3	4.3	0.98		2.0 3.0 3.0 1.0 3.0 3.0 1.0 3.0 1.0
	FCCoSp2V	1.88	-0.64		-4.0 -3.0 -4.0 -3.0 -4.0 -4.0 2.0 -3.0 -3.0
program components:
	Skating Skills	0.80 7.50 7.75 8.25 7.25 7.00 7.50 7.75 7.50 7.00 7.46
	Transitions	0.80 7.25 7.75 8.00 6.75 6.75 7.50 7.50 7.50 6.75 7.29
	Performance	0.80 7.50 7.50 8.25 6.75 7.00 7.25 7.75 7.50 6.75 7.32
	Composition	0.80 7.50 7.75 8.00 7.00 7.00 7.25 7.50 7.50 7.00 7.36
	Interpretation of the Music	0.80 7.75 7.75 8.25 6.75 7.25 7.50 7.75 8.00 7.00 7.57
deductions:

name: Minerva Fabienne HASE / Nolan SEEGERT
rank: 3
startingNbr: 4
elements:
	3Tw3	5.7	0.81		1.0 1.0 2.0 0.0 1.0 2.0 2.0 1.0 2.0
	3T	4.2	0.3		0.0 0.0 2.0 1.0 1.0 0.0 1.0 1.0 1.0
	3STh	4.4	1.01		2.0 1.0 3.0 3.0 2.0 2.0 3.0 2.0 2.0
	4Li4	5.1	-0.15		-1.0 0.0 0.0 0.0 1.0 -2.0 1.0 -2.0 0.0
	BoDs2	3.9	0.56		0.0 1.0 2.0 2.0 3.0 2.0 2.0 0.0 1.0
	StSq2	2.6	0.45		1.0 1.0 2.0 2.0 2.0 2.0 2.0 -1.0 2.0
	CCoSp3	3.0	0.04		-2.0 0.0 0.0 0.0 1.0 -2.0 1.0 1.0 1.0
program components:
	Skating Skills	0.80 7.00 7.25 7.00 6.50 7.25 7.00 7.00 6.75 7.25 7.04
	Transitions	0.80 6.75 7.00 6.75 6.25 7.00 6.75 6.75 6.25 7.00 6.75
	Performance	0.80 7.25 7.25 7.00 6.75 7.50 7.25 7.25 7.00 7.25 7.18
	Composition	0.80 7.00 7.50 7.00 6.50 7.50 7.25 7.00 6.75 7.00 7.07
	Interpretation of the Music	0.80 7.00 7.25 7.25 6.75 7.25 7.00 7.25 6.50 7.25 7.11
deductions:

name: Ashley CAIN / Timothy LEDUC
rank: 4
startingNbr: 7
elements:
	3Tw1	5.1	-0.51		-2.0 -2.0 -4.0 -1.0 0.0 -2.0 2.0 -1.0 1.0
	3Lo<	3.68	-1.84	<	-5.0 -5.0 -5.0 -5.0 -5.0 -5.0 -5.0 -4.0 -5.0
	3LzTh	5.3	-1.59		-3.0 -4.0 -2.0 -2.0 -4.0 -4.0 -2.0 -3.0 -3.0
	4Li4	5.1	0.22		1.0 0.0 0.0 1.0 -1.0 0.0 2.0 0.0 1.0
	BoDs3	4.3	0.31		0.0 0.0 1.0 0.0 -1.0 1.0 2.0 2.0 1.0
	StSq4	3.9	0.95		2.0 2.0 3.0 3.0 1.0 2.0 2.0 3.0 3.0
	CCoSp4	3.5	0.5		1.0 2.0 0.0 2.0 1.0 -1.0 2.0 2.0 3.0
program components:
	Skating Skills	0.80 7.50 7.50 7.00 7.25 7.25 7.25 7.50 7.25 7.75 7.36
	Transitions	0.80 7.25 7.50 7.50 7.25 7.25 7.25 7.75 7.50 7.50 7.39
	Performance	0.80 7.00 7.00 7.50 7.25 6.75 7.50 8.00 7.25 7.50 7.29
	Composition	0.80 7.50 7.50 7.25 7.50 7.25 7.75 7.75 8.00 7.75 7.57
	Interpretation of the Music	0.80 7.25 7.50 7.75 7.50 7.50 7.50 8.00 8.00 7.75 7.64
deductions:
	falls: -1.0

name: Alexa SCIMECA KNIERIM / Chris KNIERIM
rank: 5
startingNbr: 5
elements:
	3Tw3	5.7	1.63		3.0 2.0 3.0 2.0 3.0 3.0 3.0 4.0 3.0
	3S<<	1.3	-0.63	<<	-5.0 -5.0 -5.0 -5.0 -5.0 -5.0 -4.0 -4.0 -5.0
	3LzTh	5.3	-0.08		1.0 0.0 -2.0 -1.0 1.0 -1.0 -1.0 0.0 1.0
	4Li4	5.1	1.09		2.0 2.0 2.0 2.0 3.0 1.0 1.0 3.0 3.0
	StSq3	3.3	-1.27		-4.0 -4.0 -5.0 -4.0 -4.0 -4.0 -2.0 -3.0 -4.0
	BoDs3	4.3	0.74		1.0 1.0 2.0 2.0 3.0 2.0 0.0 2.0 2.0
	CCoSp2	2.5	-0.29		-2.0 -1.0 0.0 0.0 -1.0 -2.0 -2.0 -2.0 1.0
program components:
#	Info	GOE J1 J2 J3 J4 J5 J6 J7 J8 J9 Ref
	Skating Skills	0.80 7.75 7.75 8.00 7.50 7.00 7.25 7.50 7.50 7.50 7.54
	Transitions	0.80 7.75 7.50 8.50 7.25 7.00 7.50 7.25 7.50 7.25 7.43
	Performance	0.80 7.25 7.25 8.25 7.00 6.75 7.25 7.25 7.00 7.00 7.14
	Composition	0.80 7.50 7.75 8.00 7.50 7.25 7.50 7.50 7.50 7.25 7.50
	Interpretation of the Music	0.80 7.50 7.50 8.00 7.25 7.25 7.25 7.50 7.75 7.25 7.43
deductions:
	falls: -1.0

name: Annika HOCKE / Ruben BLOMMAERT
rank: 6
startingNbr: 2
elements:
	3Tw2	5.4	-0.54		1.0 -1.0 -2.0 -1.0 -1.0 0.0 -1.0 -1.0 -2.0
	3T	4.2	-0.42		-1.0 -2.0 -1.0 -2.0 0.0 -1.0 -1.0 0.0 -1.0
	3LoTh	5.0	-1.21		-3.0 -2.0 -2.0 -2.0 -4.0 -1.0 -2.0 -3.0 -3.0
	4Li3	4.7	0.27		1.0 1.0 2.0 2.0 1.0 -2.0 0.0 -2.0 1.0
	CCoSp3	3.0	-0.47		-4.0 -1.0 0.0 -2.0 -2.0 -3.0 -2.0 -1.0 0.0
	StSq2	2.6	0.26		1.0 0.0 2.0 2.0 2.0 1.0 -1.0 0.0 1.0
	BoDs1	3.5	0.3		-2.0 1.0 1.0 2.0 1.0 1.0 0.0 1.0 1.0
program components:
	Skating Skills	0.80 7.25 7.25 6.75 6.25 7.00 6.50 6.50 6.75 6.50 6.75
	Transitions	0.80 6.75 7.00 6.75 6.00 7.00 6.25 6.25 6.50 6.00 6.50
	Performance	0.80 7.00 7.00 7.00 5.75 7.25 6.25 6.50 6.75 6.25 6.68
	Composition	0.80 7.25 7.25 6.75 6.25 7.25 6.50 6.75 6.50 6.50 6.79
	Interpretation of the Music	0.80 7.00 7.25 6.75 6.00 7.25 6.50 6.75 6.50 6.50 6.75
deductions:

name: Nica DIGERNESS / Danny NEUDECKER
rank: 7
startingNbr: 1
elements:
	3Tw1	5.1	-0.73		-1.0 -2.0 -2.0 0.0 -3.0 -3.0 -2.0 1.0 0.0
	3T<	3.15	-1.58	<	-5.0 -5.0 -5.0 -5.0 -5.0 -5.0 -5.0 -5.0 -5.0
	3LoTh	5.0	0.93		2.0 2.0 1.0 2.0 2.0 3.0 1.0 2.0 2.0
	BoDs2	3.9	0.56		0.0 1.0 2.0 1.0 2.0 2.0 2.0 1.0 1.0
	4Li3	4.7	0.67		1.0 2.0 2.0 2.0 1.0 2.0 1.0 1.0 1.0
	CCoSp1	2.0	-0.11		-3.0 -1.0 1.0 0.0 -1.0 -1.0 -2.0 0.0 1.0
	StSq3	3.3	0.33		0.0 1.0 1.0 2.0 1.0 2.0 1.0 0.0 1.0
program components:
	Skating Skills	0.80 6.50 7.25 5.50 6.25 6.25 6.75 6.75 6.50 6.25 6.46
	Transitions	0.80 6.25 7.00 5.75 5.75 6.25 6.50 6.00 6.25 5.75 6.11
	Performance	0.80 6.25 6.75 5.75 6.00 5.75 6.50 6.50 6.50 6.00 6.21
	Composition	0.80 6.50 7.25 5.50 6.00 6.25 7.00 7.00 6.50 6.25 6.50
	Interpretation of the Music	0.80 6.00 7.00 5.75 6.25 6.00 6.75 6.75 6.75 6.25 6.39
deductions:
	falls: -1.0

name: Evelyn WALSH / Trennt MICHAUD
rank: 8
startingNbr: 3
elements:
	3Tw2	5.4	-1.47		-3.0 -4.0 -2.0 -2.0 -3.0 -4.0 -3.0 -2.0 -1.0
	3T<	3.15	-1.58	<	-5.0 -5.0 -5.0 -5.0 -5.0 -5.0 -5.0 -5.0 -5.0
	4Li4	5.1	0.22		1.0 0.0 1.0 0.0 0.0 0.0 0.0 2.0 1.0
	3LoTh	5.0	-2.5		-5.0 -5.0 -5.0 -5.0 -5.0 -5.0 -5.0 -5.0 -5.0
	BoDs1	3.5	-0.1		-1.0 -1.0 0.0 0.0 0.0 0.0 -2.0 1.0 0.0
	FCCoSp3V	2.25	-0.61		-3.0 -3.0 -2.0 -2.0 -3.0 -3.0 -3.0 -3.0 -2.0
	StSq4	3.9	0.11		0.0 1.0 0.0 0.0 0.0 1.0 0.0 0.0 2.0
program components:
	Skating Skills	0.80 6.50 7.00 5.25 6.00 6.00 6.25 6.00 6.25 6.50 6.21
	Transitions	0.80 6.75 6.75 5.50 5.75 5.75 6.25 5.75 6.00 6.25 6.07
	Performance	0.80 6.75 6.25 5.50 5.50 5.50 6.00 6.25 5.75 6.00 5.89
	Composition	0.80 6.75 6.75 5.25 5.75 5.75 6.25 6.25 6.25 6.25 6.18
	Interpretation of the Music	0.80 7.00 6.50 5.50 5.75 5.75 6.25 6.00 5.75 6.50 6.07
deductions:
	falls: -2.0

